Threshold search:
THR	-101.8120291796	99	0(0)	1(1000)
THR	-101.520232887804	98.901	0(0)	0.999(999)
THR	-101.228436596008	98.901	0(0)	0.999(999)
THR	-100.936640304212	98.901	0(0)	0.999(999)
THR	-100.644844012416	98.901	0(0)	0.999(999)
THR	-100.35304772062	98.901	0(0)	0.999(999)
THR	-100.061251428824	98.901	0(0)	0.999(999)
THR	-99.769455137028	98.901	0(0)	0.999(999)
THR	-99.477658845232	98.901	0(0)	0.999(999)
THR	-99.185862553436	98.802	0(0)	0.998(998)
THR	-98.89406626164	98.802	0(0)	0.998(998)
THR	-98.602269969844	98.802	0(0)	0.998(998)
THR	-98.310473678048	98.802	0(0)	0.998(998)
THR	-98.018677386252	98.802	0(0)	0.998(998)
THR	-97.7268810944559	98.802	0(0)	0.998(998)
THR	-97.4350848026599	98.802	0(0)	0.998(998)
THR	-97.1432885108639	98.802	0(0)	0.998(998)
THR	-96.8514922190679	98.802	0(0)	0.998(998)
THR	-96.5596959272719	98.802	0(0)	0.998(998)
THR	-96.2678996354759	98.703	0(0)	0.997(997)
THR	-95.9761033436799	98.703	0(0)	0.997(997)
THR	-95.6843070518839	98.703	0(0)	0.997(997)
THR	-95.3925107600879	98.703	0(0)	0.997(997)
THR	-95.1007144682919	98.703	0(0)	0.997(997)
THR	-94.8089181764959	98.703	0(0)	0.997(997)
THR	-94.5171218846999	98.604	0(0)	0.996(996)
THR	-94.2253255929039	98.604	0(0)	0.996(996)
THR	-93.9335293011079	98.505	0(0)	0.995(995)
THR	-93.6417330093119	98.406	0(0)	0.994(994)
THR	-93.3499367175159	98.208	0(0)	0.992(992)
THR	-93.0581404257199	98.01	0(0)	0.99(990)
THR	-92.7663441339239	98.01	0(0)	0.99(990)
THR	-92.4745478421279	97.812	0(0)	0.988(988)
THR	-92.1827515503319	97.614	0(0)	0.986(986)
THR	-91.8909552585359	97.515	0(0)	0.985(985)
THR	-91.5991589667399	96.921	0(0)	0.979(979)
THR	-91.3073626749439	96.03	0(0)	0.97(970)
THR	-91.0155663831479	95.634	0(0)	0.966(966)
THR	-90.7237700913519	95.337	0(0)	0.963(963)
THR	-90.4319737995558	94.842	0(0)	0.958(958)
THR	-90.1401775077598	94.644	0(0)	0.956(956)
THR	-89.8483812159638	93.753	0(0)	0.947(947)
THR	-89.5565849241678	93.357	0(0)	0.943(943)
THR	-89.2647886323718	92.767	0.004(1)	0.937(937)
THR	-88.9729923405758	92.173	0.004(1)	0.931(931)
THR	-88.6811960487798	91.381	0.004(1)	0.923(923)
THR	-88.3893997569838	90.589	0.004(1)	0.915(915)
THR	-88.0976034651878	89.005	0.004(1)	0.899(899)
THR	-87.8058071733918	87.623	0.008(2)	0.885(885)
THR	-87.5140108815958	85.94	0.008(2)	0.868(868)
THR	-87.2222145897998	84.162	0.012(3)	0.85(850)
THR	-86.9304182980038	82.582	0.016(4)	0.834(834)
THR	-86.6386220062078	79.517	0.02(5)	0.803(803)
THR	-86.3468257144118	76.658	0.032(8)	0.774(774)
THR	-86.0550294226158	73.498	0.04(10)	0.742(742)
THR	-85.7632331308198	70.932	0.048(12)	0.716(716)
THR	-85.4714368390238	67.19	0.068(17)	0.678(678)
THR	-85.1796405472278	63.44	0.08(20)	0.64(640)
THR	-84.8878442554318	59.615	0.116(29)	0.601(601)
THR	-84.5960479636358	55.493	0.152(38)	0.559(559)
THR	-84.3042516718398	52.155	0.18(45)	0.525(525)
THR	-84.0124553800438	47.736	0.216(54)	0.48(480)
THR	-83.7206590882478	43.337	0.272(68)	0.435(435)
THR	-83.4288627964518	39.738	0.336(84)	0.398(398)
THR	-83.1370665046557	35.715	0.372(93)	0.357(357)
THR	-82.8452702128597	32.389	0.412(103)	0.323(323)
THR	-82.5534739210637	29.645	0.44(110)	0.295(295)
THR	-82.2616776292677	25.717	0.472(118)	0.255(255)
THR	-81.9698813374717	22.478	0.5(125)	0.222(222)
THR	-81.6780850456757	19.742	0.536(134)	0.194(194)
THR	-81.3862887538797	17.703	0.576(144)	0.173(173)
THR	-81.0944924620837	15.64	0.592(148)	0.152(152)
THR	-80.8026961702877	12.995	0.62(155)	0.125(125)
THR	-80.5108998784917	11.554	0.664(166)	0.11(110)
THR	-80.2191035866957	9.717	0.708(177)	0.091(91)
THR	-79.9273072948997	8.165	0.74(185)	0.075(75)
THR	-79.6355110031037	7.096	0.76(190)	0.064(64)
THR	-79.3437147113077	5.132	0.776(194)	0.044(44)
THR	-79.0519184195117	4.364	0.8(200)	0.036(36)
THR	-78.7601221277157	3.691	0.82(205)	0.029(29)
THR	-78.4683258359197	3.616	0.844(211)	0.028(28)
THR	-78.1765295441237	2.935	0.856(214)	0.021(21)
THR	-77.8847332523277	2.357	0.872(218)	0.015(15)
THR	-77.5929369605317	1.89	0.9(225)	0.01(10)
THR	-77.3011406687357	1.613	0.92(230)	0.007(7)
THR	-77.0093443769397	1.415	0.92(230)	0.005(5)
THR	-76.7175480851437	1.324	0.928(232)	0.004(4)
THR	-76.4257517933477	1.134	0.936(234)	0.002(2)
THR	-76.1339555015517	1.142	0.944(236)	0.002(2)
THR	-75.8421592097556	1.162	0.964(241)	0.002(2)
THR	-75.5503629179596	1.166	0.968(242)	0.002(2)
THR	-75.2585666261636	1.075	0.976(244)	0.001(1)
THR	-74.9667703343676	0.976	0.976(244)	0(0)
THR	-74.6749740425716	0.988	0.988(247)	0(0)
THR	-74.3831777507756	0.988	0.988(247)	0(0)
THR	-74.0913814589796	0.996	0.996(249)	0(0)
THR	-73.7995851671836	0.996	0.996(249)	0(0)
THR	-73.5077888753876	0.996	0.996(249)	0(0)
THR	-73.2159925835916	0.996	0.996(249)	0(0)
THR	-72.9241962917956	0.996	0.996(249)	0(0)
THR	-72.6323999999996	1	1(250)	0(0)


==============================================
THR: -74.9667703343676
Missed:     244/250=0.9760
FalseAlarm: 0/1000=0.0000
----------------------------------------------
==> CostDetection: 97.6
==============================================
