17.9376	-0.647587
25.2931	-0.589338
21.1138	-0.529386
22.3749	-0.705549
21.7817	-0.751559
22.6319	-0.577357
24.3962	-0.821122
26.6824	-1.07039
27.8476	-0.737003
28.3118	-0.700456
138.998	-0.453169
164.202	-0.410058
206.829	-0.31756
200.95	-0.586431
198.539	-0.714993
236.779	-0.712925
321.947	-0.873102
485.347	-0.943075
642.708	-1.06321
632.072	-1.31256
601.381	-1.39818
486.165	-1.36194
358.316	-1.27754
249.199	-0.838956
249.481	-0.202664
283.618	0.709695
305.18	1.16372
306.499	1.27849
346.679	1.46445
403.427	1.31368
418.455	1.13448
332.783	0.639006
243.797	0.119889
289.589	-1.32225
519.677	-1.57841
1116.07	-1.1196
1658.29	-0.72209
1727.85	-0.667056
1602.26	-0.812493
1512.56	-0.905529
1184.99	-1.20214
746.419	-1.5158
433.139	-1.48972
230.568	-1.01904
209.713	-0.294115
152.243	-0.0867678
181.443	0.124856
158.699	-0.00244056
124.854	-0.911588
122.412	-2.17703
177.404	-2.28408
230.715	-2.00975
268.206	-1.7423
299.967	-1.51746
272.02	-1.55756
293.284	-1.32284
346.319	-1.28051
466.127	-1.19141
549.28	-1.20929
650.604	-1.21866
683.931	-1.35501
623.88	-1.5914
517.288	-1.77025
408.405	-1.95482
335.525	-1.98074
268.15	-1.93839
180.465	-1.96352
110.875	-2.04129
69.118	-1.9571
49.5283	-1.83875
61.8074	-1.95619
137.709	-1.84155
264.191	-1.69868
310.321	-1.90054
353.915	-1.80724
360.844	-1.5235
68.6266	-1.75723
43.6702	-1.43588
290.553	-0.376801
417.662	-0.840629
618.885	-0.683845
658.388	-0.573061
662.718	-0.46986
615.626	-0.532539
519.378	-0.654896
461.85	-0.768332
365.515	-1.02857
281.042	-1.43476
219.664	-1.64081
175.691	-1.76474
122.623	-1.90039
93.4387	-2.07864
81.1386	-1.83207
67.4925	-1.96106
73.6311	-1.77086
69.1976	-1.89706
57.8643	-2.08672
60.0327	-1.96242
49.4228	-1.90858
47.9782	-1.85779
46.5841	-1.7263
37.9391	-1.64595
38.731	-1.49745
38.6133	-1.31398
32.525	-1.28691
30.9866	-1.17198
27.3859	-0.903893
26.9868	-0.784468
27.2693	-0.729741
26.6134	-0.94524
24.7244	-0.780871
28.8573	-0.844816
24.3715	-0.831951
21.7939	-0.874148
23.9713	-0.731879
21.8556	-0.77173
22.369	-0.875837
21.3901	-0.704342
21.5629	-0.761333
23.5677	-0.738195
20.7559	-0.898158
18.3946	-0.562282
17.83	-0.5834
17.3671	-0.643925
19.1794	-0.626809
18.0218	-0.587623
20.2486	-0.733871
15.036	-0.775478
17.2566	-0.918245
27.7756	-0.675843
203.198	-0.702785
107.39	-1.53661
163.771	-1.33129
222.473	-1.25745
286.136	-1.27354
374.091	-1.3522
469.741	-1.39571
465.867	-1.4031
311.057	-1.46703
109.918	-1.73383
107.628	-1.75852
209.629	-1.61031
411.728	-1.613
739.309	-1.33119
926.071	-1.22154
934.593	-1.22419
1023.37	-1.04903
1248.67	-0.836826
1155.81	-0.871434
956.202	-1.00326
710.878	-1.26381
359.243	-1.59118
147.975	-1.9541
146.824	-1.85683
137.1	-1.77392
142.051	-1.68754
133.556	-1.81022
134.497	-1.78085
132.776	-1.86901
120.61	-1.78784
120.19	-1.73593
123.246	-1.6729
103.603	-1.85919
276.036	-0.997949
883.131	-0.351615
1008.99	-0.278363
1019.04	-0.314642
883.661	-0.549037
755.593	-0.722032
551.058	-1.09544
412.171	-1.42537
301.212	-1.75833
233.401	-1.96202
215.883	-1.93634
164.533	-2.07276
169.524	-2.04035
185.142	-1.91123
212.062	-1.88921
264.148	-1.83942
282.788	-1.82949
194.618	-1.89778
148.786	-1.73195
510.017	-1.61699
957.345	-1.30748
1197.51	-1.16291
1155.42	-1.27269
1265.25	-1.20791
1299.43	-1.20282
1145.22	-1.22888
925.792	-1.23138
575.363	-1.27323
246.923	-1.36386
136.117	-1.48257
94.1766	-1.66137
135.401	-1.45147
249.017	-1.17005
471.364	-0.697698
693.01	-0.436834
743.922	-0.323142
742.8	-0.227855
729.064	-0.224995
693.442	-0.227069
659.956	-0.215528
634.588	-0.2321
571.842	-0.418168
400.231	-0.886124
246.594	-1.19051
136.69	-1.37918
135.639	-1.11332
215.565	-0.352037
242.661	-0.121445
196.317	-0.11285
212.595	0.0590475
220.802	-0.0266264
233.121	-0.0237818
264.385	-0.0738738
188.699	0.00673867
153.188	0.0170761
137.813	-0.574874
141.012	-1.21686
231.133	-0.963721
293.988	-0.555713
281.986	-0.271737
246.404	-0.0871972
215.874	-0.273719
189.371	-0.372932
148.977	-0.5202
135.114	-0.59959
149.804	-0.507318
193.379	-0.317048
297.35	-0.0617691
516.8	-0.106187
688.729	-0.0823071
958.403	-0.301603
1109.83	-0.528288
1213.44	-0.776027
1158.05	-1.01352
1067.98	-1.1476
893.421	-1.34296
721.336	-1.44577
508.737	-1.64678
347.954	-1.72659
260.211	-1.48229
172.796	-1.48331
169.488	-1.49935
233.905	-1.33949
326.341	-1.20508
396.026	-1.15365
485.712	-1.09872
617.268	-0.91628
715.403	-0.783944
722.523	-0.762826
779.105	-0.723365
882.867	-0.581125
903.337	-0.592554
818.379	-0.769093
725.197	-0.930471
603.781	-1.15894
494.7	-1.18805
193.197	-1.35415
95.6151	-0.530724
321.867	-0.473496
150.611	-1.33001
133.832	-1.21203
75.2684	-0.783369
215.349	-1.04507
251.044	-2.09049
118.006	-1.72501
186.427	-1.90433
417.746	-1.82688
417.475	-1.74418
384.734	-1.82662
360.454	-1.86667
331.96	-1.798
296.166	-1.75283
233	-1.85907
219.891	-1.80553
178.804	-1.90974
135.084	-1.96759
116.025	-1.91657
94.6843	-1.93513
67.5738	-1.82911
37.5944	-1.54196
27.8815	-1.40551
28.7641	-1.33566
23.6082	-1.06809
21.5354	-0.972145
23.5385	-0.954614
22.0159	-0.890793
23.1155	-0.901322
24.2472	-0.904027
24.5833	-0.844198
20.1858	-0.982531
22.3329	-0.824192
21.4325	-0.69077
17.6745	-0.812189
22.0455	-0.752047
22.7098	-0.604177
23.3517	-0.708314
21.3559	-0.628674
22.4199	-0.661463
21.6501	-0.792486
22.6291	-0.625267
19.9585	-0.587335
32.0632	-0.521043
196.378	-0.655531
225.925	-1.97332
367.004	-1.98144
214.483	-2.10447
180.997	-2.0058
483.553	-1.86422
648.066	-1.76232
706.709	-1.60812
735.72	-1.41221
731.165	-1.20718
677.174	-1.01886
539.771	-0.905978
356.915	-1.01152
316.797	-0.592682
346.524	-0.298402
308.433	-0.348202
367.529	-0.508758
373.483	-0.983761
375.058	-1.54306
521.472	-1.52334
597.809	-1.63386
865.173	-1.13866
1107.09	-0.888619
1016.54	-0.95627
695.367	-1.12957
245.924	-1.50159
154.366	-1.58796
150.155	-1.69572
146.342	-1.75344
192.828	-1.69964
389.573	-1.64235
642.459	-1.53406
709.978	-1.57901
538.416	-1.87664
377.294	-1.98157
232.833	-2.17294
196.256	-2.23626
206.07	-2.24455
186.37	-2.28867
175.871	-2.33462
182.745	-2.23375
186.017	-2.19208
183.563	-2.20346
298.341	-1.79494
913.72	-1.56189
1327.38	-1.48518
1395.08	-1.52806
1139.71	-1.66259
757.152	-1.86669
388.752	-1.71022
103.771	-1.30944
77.0274	-1.04863
89.681	-0.647643
160.047	0.00957784
269.55	-0.0682244
139.302	-0.189805
35.9466	-0.983269
32.7956	-1.20538
33.4372	-1.02125
46.804	-0.578358
379.726	-0.151441
307.856	-1.70971
392.762	-2.03153
330.496	-1.23812
465.626	-1.77243
711.327	-2.04064
813.026	-1.80828
661.654	-1.7642
326.819	-1.79156
89.3139	-2.15175
49.8619	-2.04642
47.8796	-1.70743
41.2827	-1.62813
96.618	-1.81223
81.8105	-1.98603
167.112	-1.84099
261.368	-1.69089
250.924	-1.68022
242.507	-1.70086
140.622	-1.85563
46.1116	-1.87898
40.1313	-1.87055
35.5858	-1.70175
30.2557	-1.58493
28.4729	-1.16524
30.0108	-1.0947
27.0458	-1.08294
27.8493	-0.95977
132.81	-0.550287
601.682	-1.55094
1095	-1.48361
1205.33	-1.40647
1496	-1.31684
1654.13	-1.27009
1634.38	-1.2568
1417.42	-1.39819
1500.58	-1.35706
1338.66	-1.50557
1063.45	-1.69977
817.225	-1.7068
318.92	-1.91695
81.3211	-2.00399
62.5335	-1.76291
50.8188	-1.65802
48.4289	-1.5217
43.32	-1.2113
37.7528	-1.15485
37.797	-1.13315
90.6641	-0.399783
541.597	-0.586392
552.637	-2.09544
653.495	-2.02646
531.47	-2.18629
426.074	-2.38
483.456	-2.01394
340.316	-1.14283
196.514	-1.17824
130.246	-1.80198
42.5823	-1.80014
35.5457	-1.45996
31.4617	-1.29677
23.1536	-1.16808
54.4093	-0.807997
334.078	-0.720378
231.151	-1.38661
495.149	-1.43881
541.902	-1.41551
506.505	-1.49439
494.45	-1.40293
413.854	-1.34983
278.968	-1.38925
175.55	-1.43261
188.702	-0.62031
185.814	-0.399862
224.312	-0.217227
222.041	-0.204983
296.571	-0.270551
289.275	-0.636666
270.239	-1.1124
289.913	-1.60711
390.774	-1.73219
563.521	-1.65778
937.426	-1.01753
709.801	-1.08377
540.108	-1.31099
506.82	-1.23077
289.301	-1.3894
212.788	-1.52794
209.776	-1.66314
361.84	-1.33451
517.068	-1.19811
596.498	-1.15615
613.79	-1.12611
622.193	-1.12528
546.841	-1.22789
418.666	-1.3152
253.344	-1.61476
163.855	-1.28399
163.007	-0.402754
165.785	0.104152
134.07	0.071913
119.986	0.377593
108.894	0.47276
130.109	0.527808
185.214	0.477963
228.987	0.261616
182.368	0.249962
155.119	-0.215273
90.0677	-0.384322
71.3532	-0.794275
116.536	-1.92203
190.916	-1.75663
208.46	-1.6585
303.882	-1.35341
182.152	-1.33083
313.831	-1.31542
232.827	-1.37597
166.233	-1.45283
233.24	-1.60559
77.1841	-2.00229
88.8397	-2.19831
49.5388	-2.06344
30.4261	-1.39828
28.4219	-1.10593
28.5702	-1.22933
28.1753	-0.82786
25.9852	-0.770916
27.1076	-0.928078
28.0924	-1.24082
27.3723	-0.982429
26.0294	-0.871158
33.1294	-1.04255
150.633	-1.30288
75.3661	-1.41412
32.929	-0.92785
44.9071	-1.02613
46.3489	-1.08319
55.1213	-1.14624
38.1258	-1.11451
27.1824	-1.27625
28.2799	-1.09844
69.4202	-1.66082
83.0884	-1.70014
106.71	-1.73012
134.136	-1.64942
147.961	-1.61624
168.594	-1.50151
178.244	-1.47528
375.69	-0.807401
460.531	-1.16401
756.105	-1.22549
783.772	-1.32257
562.688	-1.4928
335.27	-1.67078
244.742	-1.99961
225.833	-1.95076
237.59	-1.8367
244.448	-1.77761
248.775	-1.69341
228	-1.69719
319.39	-1.55478
304.675	-1.76218
326.264	-1.68768
323.036	-1.65335
302.072	-1.60999
287.145	-1.51536
229.104	-1.58314
180.689	-1.57183
167.782	-1.65325
236.239	-1.58884
510.552	-1.61744
891.071	-1.47439
1265.36	-1.41554
1503.82	-1.27218
1456.2	-1.21558
1389.31	-1.14582
1031.62	-1.17268
506.17	-1.36258
111.103	-1.6639
50.3205	-1.49184
45.56	-1.47144
74.6883	-0.774696
116.324	-0.475429
100.435	0.0718186
242.899	0.162633
230.318	0.353239
106.088	0.070862
36.272	-1.09213
33.0927	-0.945214
34.4574	-0.835817
28.3752	-0.830519
27.9923	-0.793414
59.6024	-0.751199
238.362	-1.50563
416.049	-2.18304
653.885	-1.85278
838.152	-1.54488
937.874	-1.36413
821.303	-1.34998
486.101	-1.52554
164.345	-1.73814
149.963	-1.74773
120	-1.91138
102.109	-1.97426
94.8761	-1.79324
64.0123	-1.83989
66.7797	-1.2036
53.861	-0.513217
81.1972	-0.335229
213.592	-0.0932296
320.505	-0.179865
180.644	-0.395691
152.145	-0.495454
207.98	-1.02551
312.696	-1.96795
471.123	-1.81255
693.338	-1.57916
687.741	-1.53755
604.265	-1.56891
413.719	-1.58931
151.437	-1.87582
57.3264	-1.89321
46.2671	-1.54979
95.8477	-1.32447
189.114	-1.62352
315.536	-1.52187
347.534	-1.46131
385.468	-1.40247
350.899	-1.46134
254.373	-1.63354
144.97	-1.71472
147.998	-1.07155
250.784	-0.141116
156.585	0.215236
127.617	0.0478759
170.959	0.361145
235.702	0.591637
209.032	-0.0115835
94.7825	-0.344321
38.0685	-0.750622
29.4287	-0.943615
27.5569	-1.08005
26.4116	-0.662915
29.6628	-0.644613
165.346	-1.31111
131.974	-1.56014
146.099	-1.8134
337.964	-1.67497
427.831	-1.51682
506.538	-1.49356
514.354	-1.45813
469.96	-1.50087
439.676	-1.60276
415.354	-1.61209
365.048	-1.72213
328.829	-1.73344
234.383	-1.89945
144.425	-2.01962
58.5004	-1.97441
44.3321	-1.74404
44.1045	-1.49462
31.3324	-1.27441
32.263	-1.13123
26.5081	-1.00494
28.0369	-1.03797
27.5568	-0.943875
30.2904	-1.0773
30.0317	-0.991403
36.898	-0.677508
215.684	-0.0916791
139.065	0.29754
115.379	0.525784
105.468	0.588317
98.1915	0.510631
80.2811	0.282058
74.3875	0.253058
78.0598	0.38421
76.4035	0.396678
95.0291	0.476372
91.0297	0.340233
67.7445	0.521491
63.2337	0.516767
70.1985	0.452977
75.8411	0.367603
65.2916	0.301733
40.7415	0.0881024
32.4305	-0.362897
27.0119	-0.626714
21.2354	-0.938373
22.4494	-0.732191
21.6043	-0.730952
20.3281	-0.650123
22.6979	-0.703106
24.1932	-0.71197
22.8917	-0.767949
30.3562	-0.74582
26.0893	-0.890498
24.5741	-0.781064
25.512	-0.731169
24.5006	-0.589275
24.3276	-0.781718
23.2839	-0.588714
20.0136	-0.660905
21.242	-0.642873
32.2591	-0.668811
276.128	-0.863027
130.81	-0.6283
125.079	-0.980356
271.281	-0.458102
310.103	-0.292299
292.32	-0.367381
253.287	-0.920113
197.822	-1.58569
219.511	-1.58159
236.681	-1.61508
215.597	-1.75266
239.735	-1.62658
481.942	-0.916466
849.512	-0.776135
1340	-1.03359
1683.87	-1.22692
2023.31	-1.30486
1998.32	-1.39389
1851.03	-1.40138
1402.53	-1.43154
1125.42	-1.53001
946.666	-1.60374
661.936	-1.69116
254.102	-1.99584
80.3715	-1.99818
53.6548	-1.72331
56.2014	-1.67642
56.7411	-1.43859
49.6076	-1.28885
255.927	-1.04206
542.661	-1.18258
756.124	-1.66533
1529.12	-1.2784
1972.26	-1.14889
2114.28	-1.12837
2145.28	-1.16538
2040.55	-1.23298
1575.45	-1.42472
1004.83	-1.63835
318.623	-1.92631
100.969	-2.05297
82.8075	-1.82369
63.793	-1.33962
59.6322	-1.52156
85.347	-1.07244
80.8226	-0.781227
42.7852	-0.958708
37.9929	-1.06406
31.2487	-1.11168
33.2257	-1.18305
34.5105	-1.04053
182.909	-1.4347
132.161	-1.72686
321.445	-1.93466
601.267	-1.70762
699.887	-1.763
649.781	-1.91743
605.925	-1.93511
492.554	-1.85424
334.471	-2.07286
183.871	-1.76879
133.731	-1.00476
147.963	-1.00822
189.438	-1.55975
239.821	-1.94691
397.951	-1.88425
533.911	-1.71305
554.899	-1.79369
503.698	-1.85201
420.285	-1.91171
300.218	-1.90888
208.33	-1.56959
200.064	-0.690718
201.866	-0.487678
188.472	-0.332973
164.995	-0.37124
172.467	-0.342421
124.184	-0.608721
76.0711	-1.89281
105.3	-2.06458
135.35	-2.03132
143.865	-1.97351
157.239	-2.0076
314.908	-1.59414
835.892	-0.971149
1089.19	-0.625925
1120.73	-0.427768
1064.91	-0.26509
880.036	-0.17145
594.159	-0.280389
367.549	-0.554748
189.396	-1.09141
122.897	-1.47489
86.2838	-1.5645
74.331	-1.51478
71.5577	-1.21893
85.568	-0.9025
109.584	-0.615934
176.949	-0.126941
188.901	-0.359692
168.08	-0.598337
162.807	-0.77726
168.961	-1.06953
215.521	-0.974659
235.751	-0.921279
239.951	-0.9019
231.874	-0.878423
187.261	-0.932492
150.526	-0.86959
186.077	-0.78553
248.472	-0.57371
347.585	0.12079
332.744	0.293937
157.227	0.213194
51.2026	-0.270311
35.5388	-0.535591
32.4018	-0.974151
26.5331	-0.803754
28.1841	-0.786878
29.635	-0.871486
29.5679	-0.791414
163.229	0.430447
465.426	0.207452
193.787	-1.23289
373.585	-1.75034
651.703	-1.26556
735.945	-1.1564
788.521	-1.09775
763.294	-1.14752
698.558	-1.27167
624.237	-1.3642
471.767	-1.49199
264.363	-1.6224
146.081	-1.16158
93.1791	-0.991109
70.0029	-0.864488
86.7439	-0.375246
150.197	0.00187084
168.896	-0.268967
355.785	-1.60302
504.572	-1.61276
650.663	-1.47046
736.125	-1.37145
688.981	-1.47248
624.97	-1.53903
546.724	-1.54175
406.749	-1.57256
178.732	-1.51989
215.632	-0.759704
247.992	0.0374249
184.127	0.299576
138.657	0.0382787
138.289	0.0622318
157.076	0.229806
115.904	0.15159
50.6759	-0.581734
31.4203	-1.12584
29.7663	-1.04368
27.9326	-0.94337
30.0338	-0.929798
30.3794	-0.847678
27.136	-0.840062
91.9701	-0.546081
150.037	-0.903298
217.382	-1.34397
115.683	-2.01533
306.679	-1.84296
612.628	-1.63205
797.369	-1.21519
814.032	-1.02071
844.651	-0.700153
800.176	-0.606786
699.305	-0.70496
559.633	-0.985805
396.037	-1.37993
267.668	-1.76244
216.628	-1.84595
179.296	-1.97078
165.34	-2.07369
219.354	-1.90651
323.844	-1.88884
423.216	-1.86452
525.951	-1.85303
780.786	-1.51875
941.355	-1.27729
957.913	-1.18817
832.729	-1.23877
712.93	-1.37024
546.46	-1.5448
300.775	-1.67752
156.822	-1.99857
164.176	-1.87827
177.582	-1.80845
178.259	-1.82584
413.089	-1.48764
687.208	-1.11712
773.497	-0.896854
872.566	-0.665848
849.858	-0.557519
734.382	-0.544192
481.977	-0.630732
152.364	-1.56561
137.502	-1.62605
141.057	-1.73785
175.93	-1.29637
329.132	-0.383236
383.163	-0.133789
390.615	-0.0655055
408.283	-0.385886
320.566	-0.98876
165.164	-1.83949
143.065	-1.94378
131.419	-1.83189
99.897	-2.00531
80.6721	-2.01017
47.6608	-1.76716
36.1521	-1.55197
38.7771	-1.31244
32.4954	-1.07535
28.8776	-1.08516
71.8873	-0.642196
133.155	-1.33392
157.665	-1.94954
177.336	-1.8195
240.356	-1.79324
307.995	-1.91974
274.964	-2.07252
99.0652	-1.79786
98.4984	-1.88829
226.207	-1.70514
275.407	-1.94082
216.48	-1.86148
147.739	-1.03969
101.674	-0.530228
33.2323	-1.08735
29.0561	-1.07132
28.2613	-1.16748
30.9523	-1.24139
79.7989	-0.394651
320.369	-0.448018
634.389	-1.35912
708.522	-1.37723
752.234	-1.29047
738.281	-1.23652
667.531	-1.29972
666.57	-1.29558
648.849	-1.24064
572.623	-1.29677
481.788	-1.34856
378.411	-1.46843
280.298	-1.57989
195.545	-1.72559
111.611	-1.73288
84.942	-1.58912
74.4045	-1.62968
64.9457	-1.68311
61.0554	-1.80684
57.7889	-1.75113
53.0154	-1.64262
51.7585	-1.83749
46.0584	-1.94428
44.7451	-1.82291
45.7039	-1.73137
44.7059	-1.64615
32.416	-1.58596
64.7147	-1.17785
71.3975	-0.971476
48.7534	-0.352932
55.9971	-0.12949
61.1472	0.146144
65.9306	0.224522
85.5033	0.0959313
81.2412	0.282739
67.0844	-0.107707
62.4259	-0.08382
74.5293	0.0614316
66.5526	0.171909
61.8304	0.268171
53.9815	0.0896429
51.1098	-0.148745
41.5851	-0.47116
40.5463	-0.574815
31.7063	-0.656686
27.3434	-0.837031
28.3527	-0.724459
25.5203	-0.750015
25.2752	-0.781796
22.3659	-0.943279
24.5483	-0.853869
23.6487	-0.767785
23.9111	-0.724016
26.0887	-0.755162
23.1915	-0.716326
21.8811	-0.716962
22.6409	-0.598933
137.602	0.262209
195.005	0.0833611
235.7	-0.417129
405.318	-0.149212
498.922	-0.189479
501.398	-0.528818
336.404	-1.13341
139.946	-1.65836
102.471	-1.70716
112.567	-1.76969
200.775	-1.83497
589.256	-1.75028
1007.45	-1.50118
1287.46	-1.38333
1213.52	-1.52683
1137.21	-1.44711
943.364	-1.45333
535.991	-1.67577
259.757	-1.81714
157.518	-1.5707
272.427	-0.847812
319.793	-0.184328
228.681	0.00385813
259.666	0.164339
253.902	0.0640645
289.177	-0.0956076
230.028	0.0945645
226.817	-0.0672379
182.512	-0.109775
166.605	-0.0485211
109.055	-0.365173
242.867	-1.26833
395.603	-1.17033
551.025	-0.861958
616.57	-0.914446
594.964	-1.00829
501.137	-1.12872
309.607	-1.36076
165.119	-1.43514
89.554	-1.8115
55.0553	-1.79144
41.2329	-1.62795
42.8247	-1.74059
40.4572	-1.63042
42.2154	-1.50475
63.3418	-1.49759
165.831	-1.37243
251.798	-1.34605
267.793	-1.35495
289.411	-1.4367
354.741	-1.34658
342.3	-1.57356
281.842	-1.81549
100.54	-1.87245
158.446	-1.33984
518.291	-1.43802
843.557	-1.30977
907.203	-1.42115
855.893	-1.39587
950.171	-1.11708
1003.13	-1.00529
997.828	-0.998608
966.065	-0.961653
830.188	-1.03008
616.822	-1.2302
260.72	-1.55403
122.542	-1.68575
120.33	-1.56249
125.125	-1.58609
121.105	-1.69507
111.572	-1.61429
126.62	-1.59661
354.533	-1.34248
597.556	-1.10034
887.042	-0.895268
974.696	-0.853843
1084.67	-0.838657
1150.03	-0.854356
1200.06	-0.776577
1172.64	-0.791205
1154.62	-0.831347
949.087	-0.757908
655.282	-0.691631
333.295	-0.896775
164.662	-1.58846
124.535	-1.76202
135.186	-1.86469
115.328	-2.04916
103.366	-2.23675
101.399	-1.94532
113.441	-2.00337
107.402	-2.04634
99.3532	-2.07485
99.2777	-1.95972
79.6183	-2.13625
64.5483	-2.11523
67.1956	-1.65427
163.87	-0.875146
70.5049	-1.14978
81.0295	-0.716139
98.5096	-0.631312
121.861	-0.620704
140.782	-0.516348
175.493	-0.342001
170.446	-0.439677
212.131	-0.374161
226.469	-0.223662
251.162	-0.219887
272.666	-0.103658
306.205	-0.0178868
356.694	-0.05864
442.724	-0.151609
403.669	-0.244591
420.285	-0.405107
442.608	-0.491226
517.458	-0.687511
527.688	-0.976729
521.923	-1.16309
553.263	-1.26287
533.053	-1.30588
559.607	-1.24592
521.779	-1.27876
476.897	-1.31429
462.235	-1.28885
407.147	-1.27887
394.86	-1.21221
350.142	-1.1557
259.908	-1.17505
186.25	-1.09055
111.807	-1.18762
64.8938	-1.55805
55.8448	-1.81849
55.5253	-1.86182
57.3867	-1.80879
52.7092	-1.86933
50.3421	-2.04921
47.8933	-1.80834
48.6318	-1.87733
44.5948	-1.81695
37.0728	-2.03439
43.6012	-1.88093
40.5564	-1.81248
36.5426	-1.61847
33.9219	-1.34796
67.4057	-0.731062
82.2363	-0.477289
64.8781	0.2363
65.3517	0.540303
79.81	0.68666
84.8536	0.690448
94.811	0.569502
98.45	0.692607
99.8254	0.695406
110.448	0.662755
132.881	0.929492
100.374	0.740035
79.4209	0.712977
111.269	0.874949
92.5436	0.806188
90.2745	0.178671
65.741	0.144318
43.0952	-0.188
40.4274	-0.29789
30.5393	-0.46018
22.4661	-0.607942
1005.09	-0.288956
1157.12	-0.371084
992.885	-0.474204
604.882	-0.68551
213.68	-1.37103
179.632	-1.5923
139.099	-1.6635
108.964	-1.73322
81.4159	-1.8031
55.9882	-1.43971
42.6449	-0.950736
104.257	-0.351735
234.852	-0.771281
256.478	-1.34858
583.229	-1.39758
530.2	-1.15138
188.792	-0.335274
238.385	-0.526914
816.74	-1.36661
948.215	-1.31244
837.465	-1.58028
604.349	-1.82198
357.144	-2.00374
250.438	-1.71989
189.686	-1.55434
184.02	-1.09172
251.447	-0.481312
249.747	-0.00577819
167.962	-0.100143
89.6348	0.127453
35.3933	-0.717898
25.9518	-0.946634
23.1117	-0.913688
25.8863	-0.837949
26.566	-0.783159
25.5773	-0.903864
26.7063	-0.800762
144.595	0.24715
273.067	-0.440044
399.916	-1.75361
1051.61	-1.32014
1492.71	-0.929466
1536.2	-0.861423
1637.19	-0.776973
1620.09	-0.784014
1593.2	-0.85228
1532.98	-0.943003
1388.36	-1.02073
1314.64	-1.03842
1217.23	-1.07521
992.389	-1.20884
707.36	-1.30915
433.232	-1.50011
158.514	-1.85429
143.445	-1.68255
123.763	-1.92731
109.836	-2.04002
106.265	-1.83334
85.363	-2.05682
71.4752	-1.86623
86.2652	-1.41101
51.6574	-1.32341
39.7548	-1.35631
42.4949	-1.08323
43.8177	-0.614822
55.6245	-0.55438
58.7977	-0.448444
59.23	-0.434821
94.6813	-0.215253
120.733	-0.227441
115.258	-0.835869
220.302	-2.04005
386.685	-2.14356
791.468	-1.76445
1088.58	-1.46942
1160.62	-1.44844
953.2	-1.70987
436.914	-1.69546
121.428	-1.41201
633.432	-1.7954
571.046	-1.87429
157.983	-1.67541
341.453	-1.66146
717.434	-1.79153
728.758	-1.6969
745.657	-1.70471
989.182	-1.60443
1462.56	-1.34786
1756.21	-1.19459
1639.94	-1.27516
1706.36	-1.19593
1662.69	-1.18362
1755.26	-1.10493
1884.47	-1.04791
1703.23	-1.084
1620.27	-1.03088
1529.24	-0.936537
1163.08	-1.00274
895.473	-0.925186
293.48	-0.878837
171.07	-1.14781
554.319	-0.627945
631.228	-0.481539
555.637	-0.372902
468.97	-0.279137
431.032	-0.240157
335.445	-0.204492
297.26	-0.344399
256.618	-0.421543
209.379	-0.627633
181.029	-0.55399
141.27	-0.808377
125.961	-0.897623
80.6804	-1.1864
65.3738	-1.41322
47.5046	-1.57282
41.65	-1.50662
37.184	-1.40157
36.1196	-1.42039
31.2159	-1.27482
28.5248	-1.10998
28.1505	-1.05628
25.3262	-1.01657
23.4057	-0.96382
23.9281	-1.05861
24.5888	-0.863561
23.9476	-0.956455
20.8591	-0.911132
21.8201	-0.895297
22.9728	-0.699653
22.1719	-0.703932
22.2386	-0.960956
20.789	-0.954794
22.5986	-0.812006
207.975	-0.25022
265.452	-1.10932
682.346	-1.72332
982.462	-1.4773
1151.84	-1.39545
1112.39	-1.35011
974.365	-1.39267
811.681	-1.39764
410.375	-1.72235
190.86	-1.88827
169.037	-2.06115
166.995	-1.99479
160.967	-1.88139
149.147	-1.84763
127.06	-1.98762
120.723	-1.88233
105.849	-2.02713
88.866	-2.03028
72.7079	-1.99215
108.097	-1.61249
591.315	-0.584621
915.267	-0.275729
1039.87	-0.222837
1234.07	-0.285597
1416.46	-0.261667
1672.24	-0.320447
1865.13	-0.494487
1692.37	-0.794041
1469.23	-1.10217
1153.35	-1.39122
554.656	-1.74444
215.31	-2.03712
178.738	-2.03387
171.594	-1.94075
119.357	-1.86187
86.5655	-1.86149
67.0364	-1.76289
53.3455	-1.27368
42.6317	-1.1293
42.9876	-1.18302
70.0261	-0.770189
205.445	-1.33038
317.409	-1.89053
365.504	-1.77122
323.62	-2.08235
173.55	-2.11791
125.448	-1.74639
392.716	-1.80488
435.349	-1.72906
397.178	-1.65623
324.098	-1.71975
273.351	-1.74002
271.68	-1.78133
312.627	-1.7337
383.279	-1.75739
436.091	-1.71755
459.293	-1.6517
498.578	-1.43412
546.482	-1.11296
540.648	-0.956114
558.36	-0.943674
966.472	-1.12398
1123.09	-1.09874
1216.78	-0.979331
1387.61	-0.838798
1328.38	-0.808148
1381.82	-0.737647
1318.3	-0.733017
1089.64	-0.926719
797.259	-1.20598
359.327	-1.56244
202.587	-1.81292
176.324	-2.05729
202.531	-2.02516
234.01	-1.94943
227.492	-2.09368
248.146	-2.03236
502.09	-1.7451
706.184	-1.72433
841.878	-1.60664
837.935	-1.64288
867.363	-1.60367
897.235	-1.5227
896.429	-1.47098
738.886	-1.61144
581.914	-1.71909
318.262	-1.8157
153.366	-1.87852
132.784	-1.37293
182.707	-0.585672
208.798	-0.0540908
194.774	-0.238475
188.757	-0.306008
169.351	-0.266672
156.856	-0.212236
83.0419	-0.071533
51.271	-0.591236
32.6725	-1.04731
28.3599	-1.01095
27.7462	-0.951034
40.8139	-1.7675
86.3921	-1.80076
115.764	-1.55009
144.267	-1.41833
319.672	-1.06626
358.341	-1.24804
400.543	-1.27125
370.116	-1.34181
260.671	-1.39385
170.432	-1.59672
173.493	-1.65584
179.41	-1.56445
172.656	-1.64774
175.291	-1.78509
207.706	-1.54547
479.955	-1.16559
704.126	-0.878142
815.677	-0.562006
893.599	-0.39671
818.248	-0.392611
610.756	-0.566775
307.433	-1.06824
179.977	-1.31437
140.275	-1.20725
123.421	-0.830605
85.8343	-0.562066
66.0458	-0.478197
62.0383	-0.563076
101.675	-0.385755
146.245	-0.660192
214.247	-1.62605
525.711	-1.90058
789.72	-1.78541
877.746	-1.68992
861.265	-1.64887
721.839	-1.64868
402.041	-1.86282
118.283	-1.95961
47.9954	-2.01609
36.2255	-1.87828
35.19	-1.44909
35.0539	-1.20877
30.6182	-1.19176
68.0276	-0.484671
147.927	-0.631314
117.799	-1.65304
213.046	-1.57796
292.809	-1.46544
333.987	-1.43179
290.437	-1.4794
125.584	-1.74731
65.6044	-1.97359
115.845	-1.75613
304.97	-1.52127
535.277	-1.29275
805.657	-1.07955
974.071	-0.923465
993.928	-0.948044
900.74	-1.02932
749.039	-1.17235
529.498	-1.39218
261.22	-1.46121
161.81	-1.30094
160.591	-0.829659
179.973	-0.219946
214.511	-0.0117034
231.119	-0.145282
278.912	-0.225857
198.173	-0.327421
150.761	-0.392485
105.296	-0.691901
92.0669	-0.831416
123.767	-1.55213
160.879	-1.34562
161.023	-1.32942
124.809	-1.27075
103.149	-1.35037
143.414	-0.672649
180.553	0.0989558
160.389	0.196335
135.908	-0.0313279
119.289	-0.167295
112.04	0.0326771
117.948	0.185181
131.256	0.312462
119.244	0.223809
118.676	0.176016
83.8515	-0.0730832
71.7915	-0.915978
121.285	-0.882755
129.709	-0.792038
108.824	-1.1781
75.6176	-1.77626
67.6633	-2.04734
73.6142	-1.86457
70.0742	-1.83107
64.6459	-1.92784
56.8202	-1.93954
58.7025	-1.80177
45.7338	-1.86912
36.7683	-1.70668
31.913	-1.76507
28.274	-1.30023
25.2441	-1.08172
108	-0.155791
342.887	-0.202285
229.972	-0.423091
288.257	-0.822801
377.856	-0.793474
385.463	-0.88567
381.642	-0.901343
379.666	-0.926116
319.357	-1.13399
305.3	-1.19001
242.71	-1.24235
201.028	-1.30899
191.04	-1.25352
141.471	-1.51227
111.907	-1.64931
94.4932	-1.50639
91.5662	-1.38715
65.3719	-1.41544
49.3484	-1.24617
43.2621	-1.26414
37.2817	-1.06937
29.5976	-0.879644
22.2985	-0.849986
22.8703	-0.70571
22.6321	-0.667563
20.456	-0.769547
20.8727	-0.806974
20.4563	-0.818674
20.4404	-0.537119
20.3505	-0.57712
21.2228	-0.736408
18.4696	-0.598936
132.846	-0.0858749
223.828	-0.0504545
221.51	-0.0898689
283.503	-0.0821451
291.11	-0.0448616
213.948	-0.23416
129.708	-0.628793
187.228	-1.95841
336.819	-2.328
603.76	-2.06155
912.824	-1.76999
1308.56	-1.47873
1512.48	-1.30415
1464.86	-1.29483
1218.33	-1.42263
972.682	-1.57632
765.99	-1.64293
632.144	-1.62714
438.688	-1.54308
366.08	-1.45317
355.433	-1.44191
347.859	-1.45312
315.047	-1.48397
179.129	-1.99697
162.581	-2.02248
171.325	-1.82461
186.809	-1.78405
313.392	-1.63655
805.544	-1.45045
1175.53	-1.41169
1513.64	-1.34825
1995.42	-1.2439
2045.29	-1.19796
2071.37	-1.08006
1812.35	-0.993912
1444.62	-0.894962
998.657	-0.803988
537.667	-0.85238
240.006	-1.77973
175.067	-2.05436
190.289	-1.91081
161.293	-1.93174
199.727	-1.75692
265.386	-0.927164
305.009	-0.449754
327.784	-0.273908
401.574	-0.111787
362.944	0.0248289
375.64	-0.0108361
374.461	-0.161099
283.031	-0.597183
152.737	-1.59478
144.752	-1.67506
143.893	-1.72204
140.273	-1.72328
132.878	-1.70072
132.617	-1.79814
133.353	-1.7969
155.86	-1.68554
313.161	-0.574356
317.133	0.192439
354.48	0.14284
380.135	0.118782
394.045	0.0985323
459.491	0.0868413
423.487	0.24507
422.859	0.207127
441.379	0.154878
424.215	0.0763638
418.956	-0.0430724
312.393	-0.403731
165.898	-0.885063
70.4448	-1.12383
43.9246	-0.767008
36.7453	-0.457615
38.8547	-0.545908
86.7726	-0.285912
76.649	-0.52207
114.707	-0.178909
179.395	0.36909
246.092	0.359951
223.554	0.43029
317.565	-0.163997
229.703	-0.871358
78.4421	-0.937727
28.6629	-0.772687
30.2248	-0.546772
26.7305	-0.824058
24.0395	-0.771495
24.7354	-0.840988
39.805	-1.07428
200.506	-0.95552
144.567	-1.00123
323.729	-1.57359
539.531	-1.64654
810.815	-1.44236
973.538	-1.29267
1030.72	-1.18685
1167.99	-0.918611
1228.48	-0.770203
1198.32	-0.703802
1164.96	-0.631923
1153.69	-0.559043
1150.81	-0.460167
1129.77	-0.39437
1092.25	-0.319922
1027.25	-0.255669
1002.38	-0.22785
977.496	-0.190492
850.222	-0.338613
646.109	-0.46138
465.598	-0.589904
341.843	-0.565517
314.278	-0.860695
374.082	-0.850578
470.532	-0.956173
760.687	-0.78595
1034.2	-0.739357
1102.07	-0.83115
1155.82	-0.864905
1167.69	-0.851999
1077.4	-0.940761
909.111	-0.999852
713.004	-1.10671
550.319	-1.22034
362.924	-1.13601
214.997	-1.11269
169.476	-1.15453
188.265	-1.23994
203.598	-1.20433
235.576	-0.901318
214.423	-0.611143
166.389	-0.610923
126.231	-0.606909
92.9705	-0.664765
54.0289	-0.971967
41.9576	-1.38286
45.0879	-1.53668
64.5302	-1.23235
100.572	-0.991115
196.613	-0.617995
238.658	-0.371499
251.481	-0.276066
266.059	-0.215601
261.767	-0.121457
261.319	-0.11758
297.446	-0.145906
321.101	-0.25016
273.736	-0.624478
197.242	-0.98188
127.473	-1.36633
83.7507	-1.44105
86.8617	-1.2595
86.5527	-1.21039
92.34	-1.61395
99.5739	-1.89677
117.192	-1.86914
118.851	-2.01327
100.465	-2.04256
91.4577	-2.11625
93.2445	-2.19425
101.381	-2.15162
106.648	-2.1009
128.718	-1.93348
155.604	-1.88455
163.214	-1.95427
191.055	-1.90834
201.9	-1.83682
182.629	-1.88393
167.584	-1.94214
155.729	-1.99673
150.011	-1.89922
117.892	-2.0814
109.014	-2.0984
81.6668	-2.15783
59.5122	-2.04794
50.1903	-1.88835
46.2497	-1.62391
46.0013	-1.67384
47.1517	-1.769
36.925	-1.44896
31.6823	-1.27644
28.3661	-1.10214
23.605	-1.05695
22.3604	-0.586073
23.0773	-0.751903
21.4368	-0.989715
18.9095	-0.804651
22.9993	-0.557865
19.542	-0.780904
15.0343	-0.671793
19.1276	-0.758321
41.5727	0.0537357
132.227	0.393427
353.721	-0.900392
616.149	-0.874958
713.999	-0.786279
764.436	-0.774598
782.037	-0.801891
843.213	-0.712489
870.532	-0.647223
841.694	-0.546151
659.539	-0.639963
419.372	-0.920632
375.093	-0.957733
303.396	-1.24177
266.931	-1.31995
242.585	-1.36088
217.629	-1.30431
172.392	-1.35482
141.149	-1.13797
173.18	-0.910013
239.859	-0.831343
345.963	-1.20834
545.9	-1.39995
857.792	-1.48996
1191.17	-1.48726
1399.8	-1.49939
1099.26	-1.75024
707.223	-2.03026
320.625	-2.11877
255.136	-2.00654
203.432	-2.17515
161.138	-2.19315
133.178	-2.17362
103.744	-2.21388
72.1084	-2.16361
47.3004	-1.60415
87.3002	-0.828385
254.147	-0.589576
255.094	-2.11658
329.587	-2.07556
283.291	-1.90227
251.937	-1.79109
420.689	-1.68068
416.535	-1.66828
312.851	-1.81034
250.921	-1.79011
237.227	-1.77419
276.622	-1.79274
345.729	-1.73699
469.145	-1.59523
559.063	-1.39059
632.623	-1.26959
718.901	-1.11702
757.37	-0.851312
710.305	-0.861678
632.47	-0.812311
483.203	-0.857763
474.032	-0.707889
487.395	-0.59714
415.014	-0.770674
226.734	-0.926014
75.9822	-1.52771
43.2545	-1.52249
30.3721	-1.26889
33.1124	-0.977131
57.0102	-0.354136
270.109	-0.292335
504.408	-0.993646
950.479	-1.19046
1141.47	-1.21957
1180.27	-1.33523
1173.88	-1.30404
1148.14	-1.16799
1009.58	-1.11863
570.222	-1.31172
308.307	-1.24257
236.891	-1.29562
192.649	-1.31977
172.446	-1.27534
155.858	-1.28614
143.254	-1.27671
150.223	-1.20462
200.428	-1.11911
506.239	-1.15914
910.891	-1.02717
1126.57	-1.13514
1343.96	-1.20448
1312.94	-1.29478
1323.18	-1.35584
1131.82	-1.53975
1110.57	-1.4592
582.777	-1.50725
158.462	-1.58397
392.246	-1.9336
496.39	-1.98578
208.747	-2.16204
98.4527	-2.22443
136.523	-2.15361
157.964	-2.23164
156.105	-2.18422
156.809	-2.10565
208.895	-2.00212
427.074	-1.88297
638.254	-1.60936
784.726	-1.46265
862.765	-1.38801
864.611	-1.40056
741.296	-1.39678
564.476	-1.46587
223.242	-1.71135
63.4897	-1.92017
105.467	-0.877137
86.3483	-0.679015
60.4071	-0.769363
53.3783	-0.784205
94.4354	-0.736515
256.319	-1.3326
711.565	-1.16428
526.276	-1.32332
237.776	-1.19838
819.779	-1.43968
1127.43	-1.3374
1404.62	-1.199
1535.21	-1.14308
1508.77	-1.22105
1449	-1.11434
1261.65	-1.04554
1182.84	-0.856993
965.939	-0.817589
430.902	-1.0014
109.015	-1.79852
84.8281	-1.79636
64.9239	-1.82947
61.3745	-1.79957
57.3033	-1.51453
40.8268	-1.3011
119.967	-0.505307
160.812	-0.421213
111.754	-0.480001
296.442	-1.2977
505.316	-1.15748
696.364	-1.20874
779.797	-1.23715
775.305	-1.39266
696.865	-1.62036
621.322	-1.76371
466.575	-2.03398
374.16	-2.03118
252.521	-2.00566
96.7799	-2.1
43.4273	-1.61735
34.0295	-1.29195
27.7157	-1.3359
28.8215	-1.39979
24.6028	-1.15767
25.9037	-1.13516
161.974	-1.27515
281.144	-1.25981
178.88	-1.87126
563.561	-1.86346
803.045	-1.59593
942.471	-1.42453
1047.66	-1.17888
964.455	-1.12592
686.631	-1.31105
321.033	-1.45968
110.78	-1.66313
81.3677	-1.75712
75.1641	-1.58481
96.5793	-1.39609
161.668	-1.13258
275.389	-0.81706
303.887	-0.603776
274.497	-0.590834
231.756	-0.576363
109.823	-1.01569
77.7369	-0.957551
146.555	-0.666133
244.057	-0.510041
318.467	-0.457489
358.317	-0.196101
332.17	-0.251604
303.057	-0.337014
260.38	-0.310629
208.899	-0.584384
176.774	-0.669794
161.631	-0.629366
91.1314	-1.12968
84.0612	-0.954074
93.5016	-0.499235
93.7753	-0.281337
99.5794	0.101423
84.6151	0.140459
86.5449	0.500958
97.5934	0.492818
108.648	0.519737
156.714	-0.67854
158.776	-0.717684
203.244	-0.427276
274.047	-0.207779
326.016	-0.164727
419.523	-0.0136484
455.583	0.102189
468.331	0.0516515
459.904	-0.10563
367.073	-0.354072
158.057	-0.78198
48.9102	-1.10642
37.3155	-0.781463
37.5135	-0.86569
25.2781	-0.779637
27.3216	-0.621849
26.5898	-0.76082
24.2472	-0.877168
22.9298	-0.68124
61.5476	-0.237104
28.5661	-0.642351
27.3602	-0.784096
25.0126	-1.00672
23.2719	-1.11277
20.0704	-0.743609
23.8613	-0.759608
20.6834	-0.632106
23.2076	-0.964101
40.7406	-1.43742
33.4844	-1.23444
24.8658	-0.823624
30.2067	-1.10428
63.7391	-1.69073
85.7832	-1.51762
79.3776	-1.64523
86.7448	-1.51239
95.159	-1.3388
85.6959	-1.64611
84.0002	-1.65513
84.5071	-1.76997
89.9668	-1.74216
99.5851	-1.56356
179.782	-1.3263
196.195	-1.50842
196.162	-1.59729
217.445	-1.53713
209.869	-1.62205
237.938	-1.49471
289.197	-1.3324
324.45	-1.33382
389.441	-1.30384
453.894	-1.29725
469.042	-1.27729
300.604	-1.38518
175.384	-1.51179
154.368	-1.35287
113.07	-1.32981
97.9041	-1.20731
51.2709	-1.51852
205.411	-0.065107
248.043	-0.406178
343.761	-0.563873
358.39	-0.487849
360.829	-0.329289
358.492	-0.295213
411.242	-0.169605
438.871	-0.0520256
490.315	-0.0782029
618.091	-0.225691
845.687	-0.416789
960.024	-0.652296
1020.95	-0.949088
994.751	-1.26962
917.387	-1.45612
878.758	-1.52602
827.189	-1.53872
707.299	-1.56641
531.142	-1.62161
288.117	-1.85802
125.717	-2.08427
84.8222	-2.13072
66.0581	-2.0686
58.2281	-2.06044
56.6329	-1.99451
47.6311	-2.08905
52.908	-1.89587
45.8601	-1.99958
101.916	-1.48299
221.808	-1.01274
282.152	-0.68588
254.69	-0.490866
225.992	-0.300704
235.275	-0.397045
288.234	-0.747298
143.285	-1.09594
129.331	-1.10856
141.061	-1.03282
181.093	-0.932695
387.881	-0.819761
715.021	-0.742748
810.39	-0.969157
880.382	-1.21342
795.926	-1.46418
775.525	-1.49158
629.925	-1.59814
355.933	-1.84198
226.963	-1.79068
124.088	-1.48993
76.0385	-0.852326
56.1616	-0.653649
47.7675	-0.766836
46.71	-0.86349
43.7475	-1.04701
46.0641	-0.852711
51.711	-0.518775
59.6013	-0.577198
102.649	-0.595656
183.554	-0.794462
225.337	-0.899759
342.207	-1.91501
520.535	-1.77481
722.393	-1.38676
753.058	-1.26957
707.012	-1.24401
684.917	-1.19787
636.488	-1.20932
540.683	-1.31325
481.343	-1.30472
422.427	-1.3152
355.217	-1.42865
252.171	-1.47164
113.514	-1.64108
76.6464	-1.68905
72.0043	-1.66891
65.3612	-1.77473
63.0154	-1.62904
50.1643	-1.78704
46.6264	-1.74816
46.2159	-1.77994
46.8946	-1.68697
38.8356	-1.81002
36.0978	-1.79241
41.8504	-1.6801
35.5356	-1.59449
31.7829	-1.61559
28.7133	-1.2143
26.3277	-1.3493
27.904	-1.08896
23.7902	-0.926418
24.7342	-0.979982
25.159	-0.79247
22.0348	-0.807119
21.5721	-0.713536
18.9775	-0.729647
20.7415	-0.729032
18.5573	-0.58246
20.7025	-0.58925
30.0192	-0.904808
20.1299	-0.720349
23.2398	-0.872064
41.7366	-1.10787
507.356	-1.41631
712.488	-1.4888
886.804	-1.40316
964.317	-1.3915
658.649	-1.75511
376.924	-2.16616
288.652	-1.74373
261.572	-1.21551
308.134	-0.493258
199.016	-0.0318313
119.778	-0.182763
69.8295	-0.446458
44.2686	-0.820644
31.0795	-0.818223
32.0925	-0.893986
27.8276	-0.795935
46.6168	-0.1437
138.505	0.0535057
186.854	-0.588294
299.57	-2.01549
1016.04	-1.75071
1716.16	-1.26262
1830.28	-1.18994
1663.18	-1.23514
1542.53	-1.10041
1061.42	-1.21724
314.345	-1.64665
86.413	-2.01967
74.193	-1.8426
63.498	-1.64629
47.2899	-1.3945
43.6738	-1.35759
63.9039	-0.465781
354.666	0.0234092
355.053	-1.24753
465.159	-1.43063
355.988	-1.54859
270.123	-1.67383
200.916	-1.82156
156.346	-2.01668
152.395	-2.08286
143.655	-2.09985
152.035	-2.0524
130.987	-2.24578
128.54	-2.19922
105.344	-2.23416
93.9948	-2.10655
78.835	-2.06374
69.5628	-2.13628
95.5313	-2.05245
286.391	-1.88193
434.027	-1.71099
492.086	-1.75318
619.674	-1.67793
695.808	-1.65153
679.005	-1.6734
677.207	-1.59027
547.092	-1.54343
278.906	-1.66675
143.834	-1.72546
125.198	-1.67908
132.778	-1.55781
181.44	-1.39066
343.027	-1.45212
554.658	-1.51153
687.621	-1.30928
857.021	-1.10946
959.566	-1.00259
977.09	-0.978962
975.866	-1.02927
1032.3	-0.899274
999.983	-0.904755
940.802	-0.842647
867.306	-0.721173
744.445	-0.656972
628.981	-0.605691
485.983	-0.521724
352.075	-0.639134
226.714	-0.761673
132.328	-1.10176
82.6858	-1.55431
74.7877	-1.67568
83.9447	-1.60923
69.7934	-1.68285
60.6916	-1.69016
68.9468	-1.58689
56.843	-1.99148
56.7888	-1.89976
55.8899	-1.76411
53.8416	-1.71914
45.0464	-1.88281
38.8328	-1.71133
35.941	-1.60032
32.6474	-1.52782
34.4609	-1.32582
31.3818	-1.4353
28.091	-1.28711
25.4861	-1.35079
24.3713	-1.01492
23.9577	-0.792417
22.6302	-1.04513
22.6647	-0.783885
20.334	-0.885608
23.8593	-0.829878
23.0375	-0.812067
24.2373	-0.78512
13.6445	-0.892163
18.9961	-0.736875
19.8101	-1.22977
35.8698	-1.72914
138.703	-1.60324
149.02	-1.78176
151.443	-1.74766
154.197	-1.85077
155.597	-1.81433
155.066	-1.72014
145.533	-1.73531
151.104	-1.77468
142.001	-1.74407
139.658	-1.79702
136.85	-1.88231
124.823	-2.054
137.884	-1.90106
246.992	-2.01437
501.614	-1.68393
701.114	-1.60597
423.227	-1.83314
355.986	-2.00497
995.669	-1.68663
1279.03	-1.63092
1301.57	-1.76816
1412.8	-1.64902
1495.35	-1.59184
1683.33	-1.43231
1805.11	-1.21611
1565.39	-1.26627
1151.78	-1.43725
692.226	-1.68543
364.927	-1.81853
223.384	-2.09749
312.913	-2.06239
559.179	-1.92605
701.793	-1.904
781.12	-1.88303
930.302	-1.74961
964.508	-1.85331
1077.53	-1.73905
1080.21	-1.67377
925.537	-1.81701
600.382	-1.96434
140.6	-1.9055
267.357	-1.7571
528.95	-2.00198
431.077	-1.88305
100.38	-1.73047
301.768	-1.72871
602.372	-1.81952
547.676	-1.88315
456.127	-1.80728
577.894	-1.79566
790.522	-1.67007
1081.67	-1.43104
1252.56	-1.25101
1391.96	-0.961659
1399.57	-0.727264
1318.99	-0.529981
1128.15	-0.411171
929.607	-0.227919
799.331	-0.0631211
680.871	-0.0111715
552.444	0.0798227
477.701	0.119469
439.549	0.130847
410.599	0.0250412
380.952	0.0304673
372.676	0.0702979
352.383	0.00364747
352.522	-0.147078
321.477	-0.259348
299.143	-0.591778
245.729	-1.19615
169.371	-1.86911
147.262	-1.97427
146.518	-1.86791
136.434	-1.86081
140.988	-1.67043
129.263	-1.78324
145.322	-1.7322
149.267	-1.77121
166.151	-1.5843
163.625	-1.58499
144.843	-1.62926
153.364	-1.55835
147.454	-1.64079
281.541	-1.15276
414.556	-1.10753
549.123	-1.0326
660.834	-0.945524
701.08	-0.89041
677.319	-0.865367
528.778	-0.941788
328.676	-1.03663
158.37	-1.37808
139.134	-0.602012
147.713	0.0508807
96.4095	0.49844
72.7242	0.299164
68.5935	0.289753
74.6482	0.563442
94.774	0.748917
150.841	0.613586
189.399	0.452356
193.705	0.430748
131.488	0.0695305
116.651	-1.02675
162.193	-1.74955
188.878	-1.71254
191.102	-1.63228
156.179	-1.65829
106.855	-1.65054
84.341	-1.09909
78.7408	-0.709295
119.78	-0.199417
111.128	0.0798962
124.029	0.133645
148.015	-0.081941
144.452	-0.568565
128.264	-1.11768
124.591	-1.19122
109.994	-1.16801
115.096	-0.943771
109.812	-0.676219
123.943	-0.0142858
85.44	0.106031
79.821	0.161215
87.2253	0.29394
75.3326	0.215791
90.4079	0.222259
86.0313	0.540592
99.7969	0.435424
110.391	0.442589
93.4371	0.517694
77.2821	0.117801
67.5384	-0.231933
71.6562	-0.974146
134.19	-0.777501
192.194	-0.375764
229.075	-0.312591
282.75	-0.304615
294.607	-0.339903
313.067	-0.42286
312.639	-0.605299
356.659	-0.635441
342.743	-0.707461
326.702	-0.749395
295.281	-0.796685
261.104	-0.936116
215.648	-0.960383
150.795	-1.23616
71.9907	-1.49757
56.6763	-1.80218
60.7033	-1.69611
60.3335	-1.7361
58.976	-1.65368
47.6287	-1.82856
46.0692	-1.88925
45.9707	-1.7221
39.4713	-1.82949
35.1405	-1.60676
35.8113	-1.54704
33.375	-1.38209
18.9812	-0.67417
20.6085	-0.601152
16.6221	-0.804554
18.6842	-0.648622
17.3383	-0.693809
17.2264	-0.657159
18.8539	-0.600005
18.8635	-0.836245
20.8513	-0.733279
19.1644	-0.861145
25.5257	-1.09181
98.4164	-0.451975
205.544	-0.129376
470.869	0.0196389
967.833	0.0316041
1431	-0.11003
1625.49	-0.325187
1674.53	-0.523306
1489.21	-0.684674
1096.36	-0.897025
429.015	-1.16439
86.3561	-1.41985
57.2761	-1.16205
51.0308	-0.999351
45.9214	-0.971838
106.711	-0.380808
265.264	-0.400953
240.927	-0.488817
452.548	-0.229733
238.362	-0.412057
201.073	-0.418012
524.648	0.00517501
834.263	0.237381
1005.94	0.342079
1018.12	0.175403
874.271	-0.123566
592.386	-0.570622
561.234	-0.94261
842.311	-1.07405
1157.44	-1.14578
1440.62	-1.21554
1701.55	-1.18114
1516	-1.26345
1322.25	-1.34318
1149.7	-1.29168
792.313	-1.46804
363.789	-1.57907
87.7834	-1.79805
69.0736	-1.92566
65.3792	-1.69317
76.6163	-1.67744
90.4221	-1.84693
139.695	-1.90524
143.093	-1.93793
141.535	-1.93914
155.129	-1.76403
149.994	-1.82135
162.32	-1.4942
205.529	-1.67133
277.31	-1.53316
325.346	-1.57145
361.871	-1.72465
579.216	-1.38401
641.813	-1.35709
495.52	-1.59559
417.794	-1.54907
486.277	-1.44731
627.784	-1.39662
859.9	-1.44908
964.105	-1.32056
1060.69	-1.27475
852.123	-1.45025
393.998	-1.7018
212.414	-1.89097
147.912	-2.0589
108.904	-2.09216
74.2074	-2.08843
54.019	-1.95013
40.1253	-1.69983
37.8145	-1.54384
53.6027	-0.893426
164.293	-0.558221
169.807	-1.9659
256.252	-1.83621
404.842	-1.69417
564.322	-1.56902
571.181	-1.46474
529.764	-1.42428
520.201	-1.46444
587.804	-1.42501
697.404	-1.29471
794.669	-1.24207
806.203	-1.27449
665.637	-1.37523
443.328	-1.50999
200.234	-1.6016
107.477	-1.56706
94.0718	-1.68251
143.071	-1.73074
298.387	-1.57027
506.722	-1.46234
707.056	-1.36213
835.266	-1.20328
836.054	-1.14177
642.917	-1.35886
356.922	-1.55431
163.102	-1.22031
157.988	-0.899672
192.597	-0.281984
213.27	0.0867355
152.689	0.122424
128.631	0.123603
112.709	0.180173
124.384	0.370393
134.847	0.350961
147.127	0.313151
147.498	0.439558
107.281	0.0717073
103.167	-0.789133
191.566	-0.822413
225.697	-0.841446
196.531	-1.12151
100.255	-1.30139
58.3718	-0.653672
55.9275	-0.23082
63.5901	-0.0720588
80.1401	0.090243
85.2023	0.0361329
110.462	0.0708362
110.416	-0.0574455
76.0953	-0.305259
67.5586	-1.25381
156.37	-1.71657
212.521	-1.47396
403.771	-1.70967
496.612	-1.49388
440.452	-1.65534
397.503	-1.81161
401.689	-1.80127
378.244	-1.76154
339.894	-1.62534
290.151	-1.67864
188.281	-1.79441
111.252	-1.6583
161.654	-0.779979
252.23	-0.159138
82.7942	-0.3443
70.1866	-0.225225
95.3309	-0.142945
161.969	0.109862
88.0013	-0.114477
36.8095	-0.650264
32.4481	-1.40115
59.5701	-1.9831
87.0123	-2.09227
109.978	-1.89409
109.592	-1.92071
202.858	-1.75715
269.277	-1.72908
328.365	-1.61952
329.8	-1.55365
319.064	-1.55886
312.571	-1.513
309.412	-1.38794
240.344	-1.42647
138.525	-1.52368
79.9234	-1.49399
82.2649	-1.58941
87.2717	-1.46992
95.8306	-1.40862
177.688	-1.13586
172.275	-1.23181
160.061	-1.35534
147.041	-1.35768
149.378	-1.3816
113.698	-1.49079
110.198	-1.64677
99.3584	-1.79321
102.727	-1.59409
119.551	-1.50783
140.099	-1.52245
162.162	-1.44524
168.947	-1.56148
141.645	-1.64462
137.254	-1.39606
131.387	-1.27798
103.285	-1.05713
120.435	-0.134817
106.073	0.174047
95.3055	0.290999
72.7171	0.606415
71.9521	0.534863
75.9448	0.487213
65.7177	0.43702
61.2884	0.443418
73.5537	0.596746
76.9223	0.565099
68.4834	0.586864
63.3906	0.539524
62.83	0.586281
56.8682	0.539446
68.6708	0.601556
83.6771	0.514702
75.5724	0.740544
87.842	0.859516
79.346	0.720064
60.0058	0.366011
40.5678	0.208952
27.0752	-0.157733
23.1947	-0.646678
21.2364	-0.431097
16.226	-0.629243
21.5936	-0.665129
18.4533	-0.883495
18.5766	-0.588669
19.226	-0.664978
20.4358	-0.571198
18.9899	-0.642567
19.321	-0.700952
18.5169	-0.786736
32.3915	-1.0998
54.6699	-1.68323
168.751	-1.8844
231.845	-1.81309
305.668	-1.76912
353.283	-1.7785
429.022	-1.65849
498.65	-1.67533
488.452	-1.77154
402.383	-1.90075
287.065	-2.07403
247.997	-1.95955
250.485	-1.93476
210.19	-2.13892
153.064	-2.18819
128.419	-1.98198
92.1587	-1.98771
60.2897	-1.7951
49.1782	-1.43235
47.6873	-1.29625
42.974	-1.19249
40.1036	-1.0443
95.6497	-0.262022
422.434	-0.0247656
295.765	-0.643918
645.916	-0.408525
863.225	-0.0805467
811.708	-0.0564399
825.545	-0.135649
754.003	-0.140936
683.927	-0.27363
490.364	-0.555222
160.632	-1.22527
65.9829	-1.3265
64.6899	-0.949048
57.6481	-0.757042
57.2635	-1.01239
53.4154	-1.11057
138.094	-0.184124
449.776	-0.25248
376.586	-1.11484
488.21	-1.46886
604.607	-1.41072
594.486	-1.56908
632.177	-1.52855
711.877	-1.52325
706.405	-1.80545
561.207	-2.16671
506.073	-2.20054
413.762	-2.23496
317.838	-2.27013
320.667	-1.92378
215.484	-1.90816
84.4904	-1.94817
64.0685	-1.78058
51.7508	-1.17753
49.8497	-1.50455
45.8492	-1.30933
43.1063	-1.31297
100.49	-0.89219
376.951	-0.669156
342.786	-0.820472
498.445	-1.20331
783.903	-1.16609
1005.21	-0.956413
1152.04	-0.982754
944.527	-1.25336
719.086	-1.36141
416.191	-1.45359
329.599	-1.23535
532.329	-0.317712
412.649	0.0900978
310.742	0.157786
296.275	0.308767
346.396	0.549814
286.029	-0.0297795
85.776	-0.948748
46.7871	-0.898352
46.3465	-0.732865
39.709	-0.663664
40.3773	-0.915705
55.3471	-1.36082
157.221	-1.84951
143.52	-1.61059
124.456	-1.41632
217.488	-2.11109
298.771	-1.96263
346.581	-1.84279
427.828	-1.63738
530.617	-1.53505
477.154	-1.67304
214.512	-1.87589
125.797	-1.60395
488.618	-0.504191
519.652	-0.675139
441.859	-0.336809
403.092	-0.170349
405.757	-0.201262
388.104	-0.112739
404.513	-0.181558
467.834	-0.302036
554.797	-0.404534
625.131	-0.574371
597.571	-0.832797
569.644	-1.16347
527.481	-1.43104
453.71	-1.61368
403.797	-1.78357
375.966	-1.88994
361.547	-1.82313
288.072	-1.96282
257.693	-2.09996
228.233	-2.06904
218.423	-2.15656
209.12	-2.08922
168.987	-2.10576
139.144	-1.95869
115.959	-1.77441
92.3548	-1.55615
147.405	-0.668774
207.53	-0.0320159
141.765	0.222731
77.6563	0.122708
65.7019	-0.207628
59.6147	-0.00245651
62.8052	0.187961
61.6376	0.112197
69.5041	-0.0497303
78.1279	-0.0469102
86.8867	0.166999
92.5301	0.0571315
98.1154	0.400236
102.199	0.333066
100.184	0.448612
122.859	0.414513
108.729	0.112335
59.5052	-0.306231
52.7058	-0.378601
43.1285	-0.768014
39.0734	-0.819162
33.9197	-0.955552
35.5244	-0.669692
35.6385	-0.771079
30.4776	-0.739032
34.0424	-0.730166
30.7923	-0.909956
33.9267	-0.712017
38.5461	-0.700306
35.4871	-0.646998
34.0195	-0.994972
44.9914	-0.755702
25.8756	-0.909505
22.8457	-0.752415
19.7122	-0.419676
24.4287	-0.710475
26.9755	-1.19679
49.8857	-1.83586
81.8027	-2.07098
113.113	-1.95338
168.555	-1.78562
312.498	-1.52671
406.771	-1.41758
344.008	-1.47288
206.34	-1.53247
180.966	-1.43569
198.405	-1.42701
175.087	-1.6439
247.773	-1.76585
718.84	-1.54439
1216.89	-1.44497
1263.25	-1.64964
1146.02	-1.84314
1056.74	-1.96262
838.107	-2.09167
405.563	-2.12338
92.2838	-2.10717
65.6421	-1.93272
55.3227	-1.69007
43.9486	-1.43037
53.7218	-1.08254
203.059	-0.598753
391.582	-1.75964
467.566	-2.45914
200.291	-2.25873
420.689	-1.554
937.577	-1.86485
1007.35	-1.81796
940.94	-1.75472
570.522	-2.03473
563.938	-1.7122
350.811	-1.45817
273.399	-1.17964
327.445	-0.709855
314.052	-0.211451
294.242	-0.0384406
187.941	0.128974
161.985	-0.117441
147.399	-0.127283
166.546	-0.0224799
201.097	0.0534005
245.48	0.295333
211.554	0.400637
159.23	0.130229
125.682	-0.192853
217.493	-0.822403
456.587	-0.537882
559.055	-0.527888
627.717	-0.690442
655.589	-0.846541
569.067	-1.06878
463.983	-1.23812
304.412	-1.37968
193.865	-1.52876
134.282	-1.37418
136.461	-1.04505
143.724	-1.20429
203.843	-1.69704
368.389	-1.88555
595.599	-1.81323
668.523	-1.83326
649.663	-1.93854
620.803	-1.94666
496.623	-1.97348
307.494	-2.15659
209.565	-1.98606
160.8	-1.28547
140.229	-0.681024
147.232	-0.0883222
155.298	0.0495495
175.634	0.00824603
178.531	0.148131
167.001	0.0893574
153.046	-0.00684764
130.364	0.200607
174.522	-0.149757
126.625	-0.0573075
94.2388	-0.909329
181.021	-2.29359
342.605	-2.05302
402.852	-1.91076
431.213	-1.68929
456.483	-1.58138
481.822	-1.57902
569.531	-1.47967
659.027	-1.4385
660.639	-1.4563
688.245	-1.44916
725.275	-1.52611
624.509	-1.79811
532.721	-1.87754
256.175	-1.92465
146.975	-1.7738
149.434	-1.75422
160.32	-1.73414
165.632	-1.67849
154.284	-1.79686
126.839	-1.76165
85.8826	-1.66336
44.6972	-1.42147
36.1827	-1.23163
100.102	-1.19688
72.3996	-1.29323
90.084	-1.02926
122.792	-1.1906
59.9082	-1.34857
462.986	-1.20872
608.521	-1.05591
418.297	-1.15215
1036.98	-1.23861
787.904	-1.38965
738.66	-1.50353
692.373	-1.59032
735.828	-1.30041
574.496	-1.32016
455.952	-1.39455
449.52	-1.41023
426.791	-1.47929
775.635	-1.51341
984.91	-1.41148
1121.57	-1.25115
1232.51	-1.19099
1258.94	-1.10508
1303.44	-0.933987
1272.32	-0.766383
1137.75	-0.573375
1039.15	-0.530342
1001.88	-0.442849
879.583	-0.424847
799.092	-0.469923
707.671	-0.659242
349.205	-0.832094
306.414	-0.393543
892.342	-0.613283
1051.1	-0.873516
1110.23	-1.03601
1122.26	-1.24629
1171.14	-1.3031
1137.58	-1.28816
1085.03	-1.13215
913.428	-1.11978
667.959	-1.10375
411.142	-1.02267
255.651	-1.05047
214.822	-1.02922
199.508	-1.07683
188.855	-1.10328
216.903	-0.759933
211.51	-0.716873
227.909	-0.608122
245.649	-0.518558
258.262	-0.376796
312.441	-0.297243
355.23	-0.149338
336.833	-0.215844
364.18	-0.383254
302.362	-0.778682
282.047	-1.12001
197.837	-1.66907
167.091	-1.86035
146.649	-1.89877
133.102	-2.01578
122.335	-2.20405
129.962	-2.1026
111.035	-2.18138
142.63	-2.09089
172.814	-1.94334
158.413	-1.97784
73.0807	-1.94928
105.478	-1.88068
300.332	-1.57648
338.942	-1.61838
247.713	-1.89895
232.951	-1.83248
208.633	-1.87468
167.631	-1.98711
147.012	-2.04502
119.007	-2.05153
104.5	-2.06168
100.292	-2.03837
87.2059	-1.93936
58.5121	-1.73416
54.0701	-1.55448
47.2207	-1.76274
41.3901	-1.42328
36.3763	-1.28965
37.185	-1.19967
31.8678	-0.956489
35.3671	-0.631353
28.4541	-1.0312
27.9709	-0.839652
23.9649	-0.72209
22.7839	-0.919244
24.029	-0.723437
23.4931	-0.921767
22.9911	-0.896156
18.3473	-0.833991
20.1022	-0.811191
19.9993	-0.762632
20.303	-0.839076
21.7845	-0.90146
20.9766	-0.732085
20.3103	-0.824451
20.2212	-0.765267
22.5497	-0.571679
20.0085	-0.778649
20.3666	-0.893215
21.3422	-0.734813
221.287	-0.513244
178.502	-0.681421
168.954	-1.60703
278.491	-1.73097
305.224	-1.71944
299.899	-1.76676
308.915	-1.91915
270.843	-2.04386
167.406	-1.93204
119.555	-1.68789
179.682	-1.53198
210.412	-1.79205
182.553	-1.47154
144.579	-0.70017
42.0502	-0.794861
26.1441	-1.05247
24.9374	-1.1974
26.3547	-0.896798
22.7642	-0.893299
24.9722	-1.1168
32.5337	-0.849935
369.642	-0.233409
305.865	-0.914658
374.038	-1.42282
395.153	-1.45358
371.688	-1.59699
333.678	-1.5908
276.176	-1.68775
200.706	-1.70933
162.109	-1.6237
101.943	-1.73976
89.4939	-1.91353
140.358	-1.78522
297.065	-1.54902
621.102	-1.53746
907.38	-1.41685
1201.09	-1.32926
1568.06	-1.23905
1656.58	-1.29692
1494.03	-1.37804
999.412	-1.62079
515.325	-1.9226
261.819	-1.97891
202.184	-1.57488
245.058	-0.981032
223.802	-0.833955
194.442	-0.991419
160.423	-1.42119
138.324	-1.61519
110.34	-1.94848
89.8326	-2.2296
99.7621	-2.23448
119.053	-2.19435
148.902	-2.20044
162.21	-2.1527
185.433	-2.16944
441.474	-1.87496
655.711	-1.76033
883.145	-1.64698
1034.27	-1.47631
1123.31	-1.34038
1252.49	-1.06296
1330.05	-0.796736
1156.23	-0.621541
574.363	-0.599257
118.82	-1.28823
360.506	-0.499678
554.295	-0.412015
519.518	-0.212004
397.728	0.00900958
368.114	-0.0762049
326.366	0.0474443
300.084	0.0576951
284.989	0.10167
332.638	0.121625
341.6	0.131481
373.831	0.129984
378.495	-0.0211422
296.497	-0.482396
135.766	-1.76116
127.025	-1.83528
137.418	-1.70005
149.193	-1.64893
149.167	-1.6373
168.264	-1.51399
440.93	-1.38436
794.663	-1.12357
949.071	-1.0726
981.192	-1.09111
907.22	-1.19184
851.851	-1.28441
807.409	-1.30338
762.118	-1.38915
662.506	-1.52951
619.721	-1.57051
605.746	-1.54369
495.603	-1.60613
365.886	-1.72552
327.917	-1.61025
258.19	-1.62318
241.932	-1.63064
110.858	-1.38325
84.6316	-1.26063
100.064	-1.01421
124.751	-0.449714
111.187	0.0177974
93.1055	-0.0210704
88.3334	0.127223
92.0917	-0.0184137
130.85	0.221474
136.255	-0.0415103
134.88	0.223887
156.302	-0.196594
148.832	-0.00145391
144.708	-0.144058
92.3547	-0.127171
47.5944	-0.738147
39.5258	-1.35895
32.6179	-1.40165
21.6783	-0.907183
23.0221	-0.808391
22.8463	-0.601363
27.2633	-0.786934
23.6972	-0.8566
44.2341	-0.966723
28.9179	-1.00594
25.7163	-1.15781
25.8684	-1.31311
69.8094	-1.77639
94.2849	-1.97093
113.842	-1.89943
115.594	-1.98057
141.853	-1.90557
166.683	-1.7727
170.547	-1.91326
337.634	-1.68728
766.535	-1.39039
1090.85	-1.23347
1275.28	-1.16517
1330.46	-1.16338
1367.25	-1.167
1304.3	-1.2206
1114.06	-1.4044
993.436	-1.3691
794.151	-1.38159
526.585	-1.43469
280.937	-1.56032
250.209	-1.56668
214.846	-1.66372
198.152	-1.69563
193.04	-1.69836
175.713	-1.72955
150.651	-1.76504
139.855	-1.80722
127.886	-1.99762
363.914	-1.5164
535.351	-1.54529
468.864	-1.8284
510.821	-1.78416
778.221	-1.50954
1056.04	-1.48662
1009.65	-1.71802
920.711	-1.79511
775.073	-1.8132
578.583	-1.82359
319.148	-1.96216
174.127	-2.12584
147.248	-1.68282
129.796	-1.39307
105.763	-1.51793
107.941	-1.49369
136.57	-1.35318
185.121	-1.06238
262.309	-0.799172
277.74	-0.742528
252.971	-0.687913
187.464	-0.931922
94.0828	-1.23424
47.3102	-1.43308
33.8625	-1.13426
29.6298	-1.13107
29.5869	-1.14864
36.3756	-0.9264
38.3502	-0.944692
45.3297	-1.40362
44.7403	-1.82472
47.5606	-1.65695
105.792	-2.07602
173.256	-1.86567
193.364	-1.775
214.574	-1.90344
236.328	-1.80133
343.339	-1.64343
324.214	-1.83284
165.11	-1.97788
230.615	-1.80217
456.168	-1.79306
603.614	-1.59073
643.456	-1.61134
595.305	-1.72765
626.108	-1.59946
643.132	-1.485
622.13	-1.52563
600.338	-1.61612
598.493	-1.57079
569.954	-1.69506
578.868	-1.61772
539.15	-1.55611
517.432	-1.44738
466.346	-1.21246
361.413	-1.09507
207.223	-1.18705
120.835	-1.28495
147.944	-1.22494
127.203	-1.26348
99.0361	-1.36174
94.6993	-1.38323
70.8176	-1.41379
58.2317	-1.59298
51.5315	-1.79311
46.4617	-1.71198
47.3711	-1.64755
52.1943	-1.47585
46.5489	-1.52222
39.6519	-1.4093
34.7776	-1.39403
35.4189	-1.13693
34.8727	-1.31324
32.7244	-1.25874
31.4595	-1.12551
25.3309	-1.09136
27.8414	-1.06504
38.3216	-0.551533
29.9138	-0.796116
29.5248	-0.782283
29.2084	-0.619301
27.7458	-0.433144
28.1715	-0.475635
29.0266	-0.502589
26.5805	-0.420263
25.1462	-0.751809
22.4364	-0.686544
21.7251	-0.716423
20.0951	-0.645035
21.5455	-0.594257
23.8093	-0.662876
21.5571	-0.62031
18.0763	-0.65003
13.0703	-0.797966
22.094	-0.842116
20.1539	-0.650139
20.6124	-0.591316
21.1613	-0.780343
21.2767	-0.573979
23.9149	-0.444556
24.4563	-0.850251
27.0516	-1.27442
60.075	-2.00734
136.019	-1.9386
312.57	-1.65297
638.027	-1.60303
732.206	-1.6968
820.586	-1.68423
818.117	-1.75429
802.435	-1.77871
449.649	-1.97129
72.5573	-2.04907
42.338	-1.68097
35.8916	-1.33969
29.7597	-1.23963
31.2389	-1.21252
32.0578	-1.35392
54.666	-0.879915
398.25	-1.52579
1124.51	-1.44696
1626.5	-1.2806
1886.77	-1.18004
1828.27	-1.27389
1827.91	-1.28372
1562.94	-1.44603
1398.24	-1.61734
799.573	-1.96225
260.76	-1.30846
392.252	-1.42675
481.846	-1.95561
238.808	-2.022
65.4282	-1.8076
50.2383	-1.52553
48.0037	-1.63251
38.5288	-1.39116
38.1839	-1.28451
36.0108	-1.13152
295.411	-1.2776
316.903	-1.41651
458.605	-2.14697
711.201	-1.95954
827.9	-1.87464
865.821	-1.82165
605.474	-1.97285
245.543	-2.26593
187.583	-2.21132
187.075	-2.26742
200.746	-2.04645
178.683	-2.22498
221.794	-1.96973
552.129	-1.84268
834.735	-1.5773
1028.06	-1.42052
1219.94	-1.27611
1291.67	-1.24664
1235.23	-1.3032
1010.28	-1.3991
753.912	-1.44378
434.288	-1.63052
201.541	-1.81469
154.224	-1.73673
119.839	-1.91216
82.3321	-2.0585
67.9318	-2.11383
43.9275	-1.55479
34.2769	-1.34046
35.0498	-1.31981
249.443	-1.1043
460.657	-1.44926
866.892	-1.76452
881.371	-1.76127
1007.81	-1.67167
939.881	-1.73192
737.489	-1.81306
498.386	-1.94458
210.979	-2.178
99.8132	-2.21004
119.432	-2.15783
221.343	-2.14826
400.783	-2.11115
531.145	-2.02
673.73	-1.85883
658.887	-1.95998
674.881	-1.79205
605.245	-1.66711
511.556	-1.69635
458.674	-1.77772
353.61	-1.93578
170.874	-2.11151
84.911	-1.88209
72.9991	-1.63319
45.9976	-1.7025
47.8694	-1.59002
99.1343	-1.41687
229.515	-0.96344
336.834	-0.53239
321.509	-0.217242
282.273	-0.110765
278.215	-0.111794
285.373	-0.0879769
329.357	-0.0553162
370.069	-0.105917
418.275	-0.151585
457.819	-0.269754
548.997	-0.512996
662.121	-0.695459
733.821	-0.854302
726.698	-1.06218
704.463	-1.32253
677.927	-1.43227
660.834	-1.44777
618.746	-1.51254
604.092	-1.45952
524.42	-1.47597
474.543	-1.49987
353.918	-1.48873
170.874	-1.50633
59.9614	-1.70537
58.9079	-1.34654
71.9064	-1.08422
41.1553	-1.52776
35.552	-1.35932
30.0232	-1.08386
30.3337	-1.03875
27.5601	-0.887496
29.2026	-0.806037
122.905	-0.502516
87.8989	-0.274607
111.119	0.038879
103.31	-0.203277
86.269	-0.785992
135.639	-1.12226
163.491	-1.38421
181.832	-1.50141
210.996	-1.37787
181.348	-1.53206
151.704	-1.67462
140.721	-1.81044
119.212	-1.88924
113.327	-1.78863
87.9929	-1.98891
83.8237	-1.72245
71.9083	-1.616
58.4865	-1.60746
59.6547	-1.58227
50.3055	-1.39896
41.3731	-1.4407
33.922	-1.26663
31.9952	-1.02656
26.3086	-0.819478
20.1902	-0.818249
21.3737	-0.818093
22.7756	-0.498796
22.4701	-0.54979
21.7483	-0.627409
22.3939	-0.589134
23.6628	-0.808832
21.2945	-0.546903
10.7635	-1.10973
20.8039	-0.78067
20.5512	-0.656324
18.9937	-0.538893
20.0757	-0.73868
19.0409	-0.74112
20.4084	-0.769841
20.2128	-0.739033
18.9866	-0.687509
21.877	-0.810923
19.1657	-0.836481
23.5976	-1.08848
45.2527	-1.77288
124.345	-1.95907
114.431	-2.14258
116.615	-2.04302
109.942	-2.11073
107.542	-1.87317
118.944	-1.88752
119.039	-1.87101
103.539	-1.95779
93.0485	-2.04844
60.2684	-2.21186
40.848	-1.90966
27.9063	-1.4942
23.2722	-1.20252
27.2775	-1.13024
25.0021	-1.20632
23.652	-1.09668
24.296	-1.00542
267.086	-1.45325
1014.92	-1.77261
967.444	-1.88249
817.302	-1.93857
682.795	-1.86293
423.339	-1.93554
215.483	-1.96836
220.683	-1.27778
214.376	-0.642871
233.13	-0.231419
213.958	-0.247004
197.695	-0.248651
155.443	0.110768
127.565	-0.0265228
132.033	0.0590562
172.484	0.000398853
157.247	-0.0176189
142.694	-0.400041
181.6	-1.48013
510.924	-1.54618
775.502	-1.21642
1063.13	-0.865393
1220.86	-0.694551
1281.26	-0.566758
1249.22	-0.494429
1058.1	-0.511941
797.072	-0.629655
548.887	-0.803661
259.778	-1.05959
88.2768	-1.35098
53.9596	-1.30625
39.4181	-1.15525
41.6057	-0.992448
47.0109	-0.62311
41.7453	-0.740448
71.9556	-0.346968
110.909	-0.0826502
185.316	0.0617098
180.852	0.226153
160.512	0.360571
146.006	0.218562
95.0211	0.129029
31.5749	-0.622458
25.9666	-0.840484
23.6222	-0.875059
20.3735	-0.715491
25.2086	-0.728021
24.2237	-0.883086
98.2134	-0.376864
174.746	-0.605251
202.637	-1.82591
277.663	-1.77281
328.611	-1.55753
734.57	-1.42966
906.669	-1.38254
918.966	-1.31643
936.472	-1.28642
830.686	-1.36185
713.435	-1.48689
569.612	-1.46166
340.373	-1.71607
286.384	-1.90926
359.107	-1.83876
457.854	-1.84504
632.495	-1.72266
737.028	-1.67697
800.472	-1.66618
736.538	-1.79241
727.3	-1.80961
646.591	-1.88282
314.991	-1.69771
318.211	-0.785753
599.357	-1.68017
442.02	-1.62455
125.581	-1.32757
472.537	-1.71292
636.84	-1.81792
629.843	-1.72893
576.785	-1.82203
555.71	-1.78938
395.444	-2.01083
247.041	-2.13681
211.427	-1.73407
166.224	-1.51191
151.92	-0.959889
187.245	-0.497993
205.444	-0.237027
178.7	-0.0220333
95.5386	-0.0193668
41.8405	-0.542094
32.6399	-0.910893
24.0452	-1.18398
25.1886	-0.876747
25.6886	-0.758698
68.8268	-0.216479
246.994	-0.497315
188.753	-1.35276
329.295	-2.10315
457.097	-1.88032
480.294	-1.8775
467.558	-1.74501
379.047	-1.85222
294.651	-2.00648
248.428	-1.86741
192.875	-1.76064
176.231	-1.75064
157.124	-1.76368
164.868	-1.91932
183.882	-1.97756
210.135	-1.991
118.094	-2.28913
44.2477	-2.03624
48.791	-1.75337
237.18	-1.91435
459.74	-1.78015
471.212	-1.72232
471.358	-1.53867
475.321	-1.49109
465.511	-1.45522
466.912	-1.37566
460.54	-1.33447
441.799	-1.37004
384.037	-1.5093
354.311	-1.50834
276.118	-1.62527
221.697	-1.58878
125.332	-1.7118
71.0222	-1.79062
65.8405	-1.67832
63.7794	-1.63752
56.7268	-1.67918
54.6088	-1.73077
47.3356	-1.78358
42.6332	-1.8423
42.1309	-1.71155
40.866	-1.78967
39.8275	-1.73893
33.5817	-1.56658
29.4623	-1.51834
26.9562	-1.36591
33.2616	-0.985727
120.213	-0.570201
40.4482	-0.530639
38.8905	-0.245691
54.7509	-0.0180653
71.4431	0.153085
82.0336	0.377288
90.4876	0.222143
95.4656	0.31644
98.7056	0.432698
79.9512	0.0995862
89.5293	0.265268
106.117	0.209563
72.335	0.297599
69.2675	0.0076051
57.2769	-0.0152356
48.0371	-0.206314
36.1117	-0.632294
29.1717	-0.760924
25.6693	-0.837211
20.7253	-0.913143
21.0963	-0.878797
20.0457	-0.609654
19.506	-0.809222
17.0543	-0.781902
15.9739	-0.695067
17.617	-0.828383
18.1008	-0.586475
21.6929	-0.572616
19.2127	-0.722653
18.2373	-0.787342
22.1699	-0.561722
22.2764	-0.710235
21.5294	-0.773427
19.8936	-0.834819
21.5596	-0.802504
19.7544	-0.779414
21.1969	-0.737505
21.7167	-0.93366
22.7237	-0.770562
28.3143	-0.916072
25.6467	-1.02879
27.9278	-1.20714
228.135	-0.507539
483.652	-1.04618
492.194	-1.59538
284.957	-1.55888
767.441	-0.814869
965.403	-1.70095
909.814	-1.67142
476.126	-1.74376
674.355	-1.58449
1465.53	-1.32492
2021.53	-1.09343
2156.57	-1.10037
2101.05	-1.00972
1905.94	-1.07952
1682.64	-1.14096
1444.73	-1.26886
1119.26	-1.4431
697.267	-1.69749
250.834	-2.00246
147.096	-2.00886
135.61	-1.99776
109.454	-1.98023
84.5861	-1.88182
74.8678	-1.64947
81.7351	-1.01403
121.597	-0.461921
155.173	-0.332188
198.697	-0.304796
208.078	0.0798517
196.961	0.110075
126.73	0.0618867
75.6042	-0.186458
46.1954	-0.487816
34.9346	-0.709621
29.2148	-0.740834
23.0532	-0.885097
27.2244	-0.744639
76.9031	-0.476841
219.56	-1.00109
506.477	-1.78471
722.596	-1.58122
866.543	-1.44475
1041.41	-1.31614
1051.01	-1.41499
969.622	-1.4866
880.999	-1.46389
728.62	-1.50982
556.308	-1.62652
308.201	-1.71653
74.7515	-1.877
52.1937	-1.5571
39.7925	-1.21372
101.136	-0.0754271
302.64	0.0175314
105.438	-1.11495
203.486	-1.68149
277.813	-1.45726
273.23	-1.47556
261.074	-1.4079
179.525	-1.46195
97.4082	-1.65912
51.3994	-1.98396
41.5853	-1.50917
59.3069	-0.667081
252.225	-0.0636763
121.839	-0.514159
98.4971	-0.693053
166.841	-1.74835
439.14	-1.50934
371.829	-1.58878
109.256	-1.19328
94.063	-0.0438566
364.941	-0.966796
479.996	-1.7565
517.212	-1.73961
606.872	-1.70949
610.033	-1.67195
536.077	-1.64055
364.425	-1.48847
198.088	-1.50893
112.192	-1.81458
123.627	-1.76171
196.065	-1.66726
288.249	-1.5438
316.812	-1.51136
283.39	-1.54189
267.042	-1.58025
255.376	-1.62272
250.954	-1.64936
242.771	-1.68586
260.201	-1.68923
296.506	-1.65052
357.986	-1.61346
413.63	-1.65541
549.116	-1.53977
679.737	-1.45795
819.729	-1.27347
941.766	-1.10325
1044.7	-0.981668
1163.8	-0.849826
1304.68	-0.710949
1369.8	-0.649534
1419.33	-0.582826
1435.25	-0.542042
1392.72	-0.602875
1214.57	-0.70603
1055.6	-0.740364
889.059	-0.836114
639.924	-0.913351
272.266	-1.3151
188.063	-1.16373
207.467	-0.474116
287.557	0.022506
255.141	0.449419
233.007	0.34744
233.691	0.476188
248.18	0.289775
153.875	0.0556302
40.0794	-0.671264
30.9593	-0.953468
30.4904	-0.838094
30.1793	-0.782423
25.8345	-0.657806
27.3812	-0.874385
26.7526	-0.785548
64.679	-0.617361
367.803	-2.06927
1001.01	-1.81993
1145.13	-1.68919
1171.08	-1.75095
1125.39	-1.75939
831.444	-1.72496
192.162	-1.93622
284.965	-2.00354
612.345	-1.95156
491.637	-2.03504
403.866	-2.22742
574.776	-2.24442
744.055	-2.04267
717.484	-2.08174
699.871	-1.95144
583.894	-1.92803
432.969	-1.97613
258.073	-2.11401
147.957	-2.18309
98.78	-2.15713
95.2842	-2.23506
170.721	-1.95651
324.447	-1.63214
394.615	-1.85524
425.133	-1.94859
426.688	-1.99604
363.728	-2.13002
349.631	-1.97021
290.967	-2.03598
201.362	-2.12594
143.739	-1.93915
127.842	-2.08658
142.258	-1.99695
143.283	-1.9851
253.811	-1.88754
320.951	-1.94526
417.766	-1.78473
512.43	-1.65046
559.198	-1.6475
622.201	-1.57398
609.735	-1.66581
598.052	-1.61398
380.056	-1.92285
297.507	-2.13244
455.486	-1.97188
575.86	-1.79456
677.537	-1.46999
593.611	-1.57659
528.882	-1.64841
436.798	-1.70154
235.164	-1.9376
132.914	-1.90257
131.978	-1.39417
175.001	-1.06272
264.938	-0.127543
280.971	0.123265
282.515	0.332993
285.934	0.536716
309.111	0.351806
221.78	0.559183
260.136	0.487865
265.827	0.630502
214.142	0.47432
160.397	0.36225
96.625	-0.250194
176.342	-1.3081
403.148	-1.0769
447.013	-1.12361
385.203	-1.37499
334.408	-1.48957
318.054	-1.58449
304.664	-1.60037
291.003	-1.67362
278.775	-1.66622
272.836	-1.69148
296.174	-1.72338
301.698	-1.79342
278.629	-1.97509
242.361	-2.21724
184.233	-2.22419
85.9808	-1.80693
203.625	-1.83151
216.99	-2.27013
151.406	-2.27093
100.744	-1.98962
56.297	-1.98859
47.0693	-1.8723
36.6818	-2.04322
50.8525	-2.05121
115.581	-2.15455
253.691	-2.0645
380.206	-1.8747
487.081	-1.74856
518.746	-1.63685
547.917	-1.49723
597.57	-1.39974
578.268	-1.43436
575.883	-1.35357
554.102	-1.33803
528.557	-1.29318
471.743	-1.28681
395.277	-1.30609
279.309	-1.48021
109.122	-1.78901
75.5241	-1.75318
82.7591	-1.56316
76.9886	-1.72698
74.2095	-1.66586
74.8579	-1.64699
149.617	-1.36442
191.116	-1.73852
221.496	-1.75021
216.688	-1.79692
229.235	-1.75952
179.506	-1.96763
177.466	-1.83532
133.965	-1.98519
124.115	-1.95504
110.175	-1.87575
71.9598	-1.73452
47.9656	-1.76336
46.8576	-1.5079
42.1574	-1.76351
49.1	-1.51096
33.1748	-1.27839
27.6015	-1.16592
28.8153	-0.935365
28.3389	-0.825274
26.014	-0.899866
21.2924	-0.895943
22.6039	-0.773746
24.5628	-0.7886
26.0759	-0.656671
24.3333	-0.922576
20.4811	-0.831321
22.179	-0.859619
101.562	0.35162
146.541	-0.93907
336.245	-1.93777
507.061	-1.93579
711.002	-1.65945
862.95	-1.44203
813.599	-1.42684
653.999	-1.53796
398.322	-1.51346
149.232	-1.80929
101.676	-1.95581
82.3401	-1.86968
57.1889	-1.48062
51.1034	-0.751327
69.4728	-0.272934
91.3324	-0.0788295
160.087	0.0239076
168.114	-0.189054
76.2851	-0.394698
33.1232	-1.01971
27.3146	-1.11233
24.2262	-0.97986
23.9772	-0.764759
24.6331	-1.05549
40.0747	-0.599334
181.725	-0.997319
515.31	-2.15781
857.633	-1.78794
1055.63	-1.73337
1226.83	-1.48917
898.589	-1.55176
176.266	-1.67674
178.514	-1.72075
433.244	-2.14021
510.107	-2.08704
417.593	-2.23468
251.277	-2.37142
103.2	-2.36451
107.32	-2.2534
138.12	-2.17302
144.569	-2.09674
141.417	-2.10136
137.984	-2.15821
167.604	-1.92654
195.452	-1.77126
623.365	-1.21703
1315.69	-0.837568
1630.61	-0.557764
1738.67	-0.464741
1660.87	-0.501744
1254.28	-0.757979
931.273	-1.03262
726.83	-1.21482
286.841	-1.49883
254.384	-0.928694
406.589	-0.0672353
83.924	-0.884454
56.5943	-1.03672
47.2079	-1.1528
31.0897	-0.963598
34.3554	-1.02948
38.2872	-0.716645
29.9115	-0.819495
78.4838	-0.385296
252.773	-0.428567
387.049	-1.47885
580.452	-1.42305
228.636	-1.0792
606.869	-0.413131
1162.21	-1.21857
1315.2	-1.33872
1572.06	-1.28443
1702.63	-1.18674
1493.59	-1.17538
1171.17	-1.17821
680.353	-1.33312
251.942	-1.76031
147.261	-2.03645
143.772	-1.98968
129.446	-1.94921
101.709	-1.9415
76.4684	-1.96329
51.4162	-1.76229
36.7704	-1.18273
33.1704	-0.981225
54.8685	-0.865537
499.893	-0.726598
364.303	-1.34195
756.979	-1.7931
1119.98	-1.60862
1585.75	-1.30848
1741.91	-1.2399
1710.07	-1.27692
1623.21	-1.37429
1439.45	-1.25363
786.656	-1.5051
569.722	-1.7291
465.389	-1.99787
413.033	-2.07068
434.781	-2.03381
1046.79	-1.7094
1079.12	-1.82091
1107.74	-1.83244
1097.36	-1.86791
1044.1	-1.80787
859.365	-1.79678
479.581	-1.93458
168.986	-1.51895
351.991	-1.76806
419.552	-1.84089
168.879	-1.71015
372.8	-0.811269
554.092	-1.8093
455.123	-1.60471
100.203	-1.36601
481.841	-1.07567
715.2	-1.35297
708.384	-1.21379
667.875	-1.08586
776.043	-0.851959
864.248	-0.775797
820.687	-0.750184
789.554	-0.675075
702.248	-0.721426
553.101	-0.862788
396.771	-1.10378
296.589	-1.31066
160.303	-1.369
102.639	-1.55107
78.057	-1.43116
105.634	-1.46008
178.132	-1.75722
246.703	-1.80441
327.762	-1.51027
298.977	-1.80335
259.9	-1.83248
207.445	-1.97971
174.45	-2.16003
161.984	-2.27244
176.613	-1.97417
351.532	-1.52565
358.045	-1.72288
355.527	-1.8076
322.446	-1.93161
314.486	-1.83825
272.313	-1.86413
247.344	-1.87845
210.055	-1.79181
180.678	-1.72832
117.694	-1.9384
98.662	-1.75742
85.1182	-1.57152
69.4424	-1.31907
99.8542	-0.692426
122.88	-0.371961
108.49	-0.369393
106.139	-0.169777
106.456	0.0420194
115.63	0.245343
100.759	-0.006801
123.452	0.168384
110.015	-0.174727
112.136	0.0966228
117.887	-0.147153
92.2691	0.0128772
87.7183	-0.0719519
93.7846	-0.15238
80.3344	-0.364122
88.7895	-0.49091
73.1274	-0.340345
71.8577	-0.490683
56.6716	-0.546616
34.8332	-0.715738
31.8057	-0.896904
24.8778	-1.11382
27.9781	-0.753709
25.4936	-0.767969
27.5436	-0.873803
22.6882	-0.733066
25.55	-0.870178
24.5551	-0.791577
23.233	-0.811108
21.8825	-0.526264
25.3223	-0.709824
24.7211	-0.787868
14.0846	-1.04366
23.8787	-0.819087
20.6503	-0.774548
21.904	-0.742257
21.5777	-0.675996
23.1921	-0.79096
181.655	-1.25812
592.262	-2.13147
964.77	-1.79024
1254.55	-1.67577
1476.15	-1.56703
1552.53	-1.48344
1602.94	-1.32679
1301.72	-1.20756
797.213	-1.35886
684.831	-1.47267
642.621	-1.44361
631.75	-1.40831
832.536	-1.30134
1400.69	-1.1921
1437.26	-1.30856
1483.89	-1.21447
1470.12	-1.2088
1252.39	-1.35318
1068.23	-1.40704
813.975	-1.40695
511.834	-1.44391
319.712	-1.44135
226.751	-1.46276
243.454	-1.50874
347.835	-1.38814
538.822	-1.20265
637.365	-1.17209
693.31	-1.01984
743.186	-0.925869
662.567	-0.856566
193.1	-1.28511
440.431	-0.689765
718.758	-0.368649
693.585	-0.0632299
621.461	0.0530026
507.477	0.151007
460.272	0.209133
445.577	0.151353
501.455	-0.0165039
515.323	-0.362208
336.847	-0.835051
195.846	-1.67955
160.052	-2.01311
162.106	-1.92955
141.846	-2.00502
113.001	-1.90269
78.3249	-1.83762
196.297	-1.45912
100.848	-1.0856
111.414	-0.36186
140.79	-0.314386
192.044	-0.157993
155.702	-0.273346
114.238	-0.475779
68.2486	-0.59678
38.7234	-0.796073
52.1693	-1.34913
95.8246	-1.74324
261.759	-1.6998
560.801	-1.6759
820.141	-1.63365
930.121	-1.6189
842.384	-1.69223
665.386	-1.80488
510.483	-1.85025
374.495	-1.8528
225.071	-1.83155
265.723	-1.21652
305.853	-0.421526
254.983	0.0149411
131.043	-0.143192
41.5239	-0.790846
30.9901	-1.08389
28.1513	-1.15519
24.1528	-1.15799
22.6554	-1.09852
23.096	-0.739777
40.5014	-0.280207
212.093	-0.452353
186.916	-0.568307
443.755	-0.289209
499.235	0.19714
442.543	0.256012
450.501	0.256521
424.591	0.160763
360.051	-0.13187
198.27	-0.932109
85.0404	-1.59003
64.692	-1.68029
64.9178	-1.60282
55.716	-1.5402
94.1606	-0.971922
38.7363	-1.25905
36.4058	-0.879537
93.5673	-0.348865
212.087	-0.205642
258.138	-0.236287
294.975	-1.21619
582.957	-1.40129
1030.36	-1.30722
1103.66	-1.38445
1046.34	-1.56404
990.863	-1.65108
852.12	-1.72075
600.918	-1.80766
256.74	-2.0537
184.266	-2.18299
185.276	-2.1112
159.725	-2.21355
177.002	-2.06207
155.619	-2.15858
138.664	-2.22279
121.628	-2.07142
103.089	-2.14676
262.725	-1.57602
853.624	-1.58755
1070.12	-1.39637
918.228	-1.61302
627.072	-1.85328
354.484	-1.9392
274.206	-1.58126
252.767	-1.39046
206.093	-1.46805
266.752	-0.912715
231.956	-0.329347
111.213	-0.332286
45.8872	-0.740575
31.7085	-1.08444
32.1005	-1.11275
24.0859	-1.15073
26.336	-0.910716
49.7079	-0.845266
49.9062	-0.73789
133.374	-0.468234
245.627	-0.313399
185.453	0.0119185
172.909	-0.866818
218.784	-0.936596
269.013	-0.410533
295.287	-0.252087
280.595	-0.316698
246.07	-0.578679
153.206	-1.03875
67.4947	-1.62502
48.6933	-1.63779
41.899	-1.62785
41.9665	-1.41121
38.0276	-0.852153
52.7012	-0.619058
78.9319	-0.0618552
170.194	-0.575151
145.703	-1.19362
95.9111	-1.3749
48.6976	-1.6535
37.0104	-1.42019
32.1951	-1.24726
30.8128	-1.30992
99.0809	-1.55031
245.798	-2.12007
586.441	-1.95575
949.101	-1.7688
1082.55	-1.66347
1339.53	-1.48437
1362.84	-1.53503
1059.4	-1.58779
291.212	-1.79823
147.638	-1.45559
726.423	-1.78001
694.227	-1.95013
457.946	-2.10005
205.727	-2.36058
82.4867	-2.28122
90.1395	-2.0607
119.087	-1.98849
145.589	-1.85812
142.709	-1.93525
149.717	-2.00642
157.827	-2.02839
736.05	-0.954693
1176.68	-0.529669
1246.34	-0.392991
1296.11	-0.244703
1269	-0.219862
1187.94	-0.167067
1045.29	-0.181773
956.682	-0.227
809.489	-0.238801
635.454	-0.286031
399.258	-0.547891
241.366	-0.931485
205.624	-1.12491
179.904	-1.24782
122.047	-1.55364
85.6051	-1.65957
79.171	-1.58085
79.9082	-1.53089
79.9432	-0.967563
100.625	-0.54072
196.819	-0.728659
191.086	-0.922972
211.615	-0.879714
248.422	-0.79181
241.115	-0.804796
272.424	-0.92149
284.136	-1.0552
211.878	-1.39835
101.311	-1.72782
72.4638	-1.75607
74.4104	-1.73773
85.0906	-1.84415
94.8014	-1.9663
123.874	-1.9388
184.843	-2.09937
297.975	-1.97928
358.894	-1.84474
370.743	-1.74889
424.268	-1.48044
430.961	-1.41959
444.614	-1.42491
642.592	-1.39705
838.277	-1.43935
881.042	-1.38304
898.506	-1.36093
918.179	-1.35734
905.088	-1.35013
815.184	-1.3684
773.301	-1.36089
644.383	-1.44458
508.474	-1.60563
393.18	-1.72112
288.698	-1.83063
185.975	-1.97719
128.435	-2.0274
106.289	-2.00693
80.2338	-2.08762
79.7196	-1.88262
62.13	-1.94573
57.4962	-2.09295
53.8067	-1.99616
53.0008	-1.95494
51.9042	-1.84097
50.5818	-1.83296
48.2035	-1.90697
48.4953	-1.59099
44.1488	-1.32464
53.2064	-0.819159
81.3958	-0.189687
101.024	0.200218
123.983	0.614778
121.241	0.699623
126.915	0.818091
158.312	0.672967
165.805	0.653417
154.504	0.667317
134.574	0.666906
146.866	0.540397
149.904	0.534275
124.128	0.505978
132.665	0.303101
119.345	0.339179
121.239	0.235992
95.2061	0.209826
62.6391	0.029785
49.0321	-0.496758
38.538	-0.396336
27.1903	-0.595108
26.7849	-0.539616
22.1448	-0.40537
21.5087	-0.511082
21.5988	-0.511561
18.9355	-0.843531
22.8889	-0.761354
20.6641	-0.649984
22.3228	-0.610686
