19.7175	-0.761084
13.5773	-0.66859
12.5381	-0.467167
12.9493	-0.624169
12.8773	-0.518142
12.6936	-0.589679
12.6412	-0.781404
14.726	-0.894726
22.3559	-1.54069
25.6524	-1.65839
29.3458	-1.78021
27.8473	-1.9473
30.0806	-1.75166
42.5582	-1.8339
304.24	-1.78102
677.459	-1.67319
854.615	-1.66225
781.649	-1.70445
870.495	-1.63124
852.222	-1.78531
929.422	-1.57688
1060.3	-1.47675
958.515	-1.34837
694.355	-1.39473
289.867	-1.71201
111.667	-1.77823
51.1591	-1.58015
38.9555	-1.5496
33.3967	-1.39815
30.3675	-1.25751
26.7731	-1.13151
26.9075	-1.13387
26.0185	-1.34106
24.2095	-1.81589
24.0002	-1.90276
31.7399	-1.71699
30.7987	-1.89833
33.0109	-1.88216
32.6316	-1.65255
34.8533	-1.48972
205.786	-0.825429
240.198	-0.897366
276.435	-1.04262
339.503	-1.09108
390.002	-1.14101
461.08	-1.11043
539.518	-1.19773
418.168	-1.62551
118.51	-1.84437
208.846	-1.99135
617.228	-1.83946
924.957	-1.67964
1206.74	-1.432
981.469	-1.50658
869.613	-1.49828
916.322	-1.3079
660.968	-1.53117
536.002	-1.38513
288.916	-0.974893
338.231	0.154216
229.761	0.447496
205.354	0.383828
206.975	0.265966
222.279	0.430564
219.514	0.281428
148.761	0.421101
165.042	0.0408015
181.489	-0.979262
288.998	-1.56584
388.81	-1.62581
477.196	-1.32636
411.554	-1.31771
271.987	-1.49675
106.089	-1.49799
30.0676	-1.51714
29.5808	-1.44575
28.7737	-1.65103
22.4752	-1.25958
20.9043	-1.37559
19.4778	-1.17721
75.7786	-0.835897
213.343	-1.2044
576.445	-1.70609
1159.36	-1.07668
1340.3	-0.953337
1504.7	-0.897812
1383.31	-0.921736
1383.75	-0.881723
1351.1	-0.935272
1207.05	-0.956692
1053.17	-0.931861
617.777	-1.19103
264.919	-1.2917
238.767	-1.06412
205.487	-1.05069
179.99	-1.07804
138.486	-1.43852
83.7402	-1.60691
115.015	-0.887791
201.692	-0.160011
175.887	0.298373
158.898	0.183904
172.554	0.16968
224.968	-0.0182009
255.398	-0.170254
254.176	-0.388088
313.076	-0.676353
282.811	-1.11095
246.414	-1.37302
168.697	-1.60644
212.072	-1.51804
266.632	-1.88006
389.254	-1.90534
444.688	-2.00701
467.864	-1.89008
403.315	-1.95201
262.176	-2.11244
164.871	-1.75989
172.178	-1.33198
208.434	-1.02565
242.406	-1.019
226.207	-0.916746
216.678	-0.919486
191.544	-0.960887
162.682	-1.10007
204.392	-1.52359
182.843	-1.8628
204.696	-1.81995
179.6	-1.94468
93.8474	-1.75205
37.989	-1.38105
110.768	-1.44683
167.986	-1.88986
202.526	-1.93594
206.15	-1.85315
217.304	-1.77483
252.541	-1.68053
344.8	-1.72403
452.77	-1.7467
516.416	-1.76108
494.452	-1.80665
350.44	-1.99009
143.094	-2.02839
135.72	-1.63902
118.449	-1.6365
114.285	-1.53837
154.117	-1.04215
344.753	-0.446445
306.79	-0.348224
289.685	-0.372385
243.963	-0.448349
233.242	-0.427547
155.779	-0.58489
64.1152	-0.98404
29.334	-1.37464
23.6709	-1.24002
23.9173	-1.27619
24.7043	-0.759362
43.7225	0.0825041
70.8093	0.498388
168.577	-0.0656412
106.128	-0.650506
240.792	-1.31078
439.579	-1.38958
523.915	-1.5443
487.274	-1.7379
516.918	-1.68514
439.826	-1.83627
286.847	-2.25576
185.166	-2.31584
154.637	-1.62357
162.187	-1.08574
171.149	-1.11149
172.043	-1.1638
187.235	-1.32854
208.495	-1.79571
224.218	-1.96785
216.769	-1.99756
206.064	-2.05653
212.031	-1.94077
197.208	-2.06455
236.925	-1.75482
215.49	-1.83501
143.411	-2.00863
109.948	-1.7964
71.3085	-1.6138
85.4354	-0.992532
70.8354	-0.663482
134.058	-0.141326
118.184	1.10358
104.567	1.27736
83.8104	1.14129
120.757	0.930754
143.516	0.461553
89.0789	0.106403
26.3253	-0.376685
21.4895	-0.496551
24.1677	-0.706783
24.5449	-1.00435
21.7466	-0.594518
21.5605	-0.979789
35.6865	-1.58184
95.773	-1.67787
115.279	-1.65575
101.942	-1.9637
76.4186	-1.5581
100.393	-1.05066
87.6117	-1.04
63.1028	-1.27802
65.7695	-1.16799
42.0096	-1.4453
36.4013	-1.20081
104.814	-0.717369
217.082	0.222853
172.564	0.66243
126.684	1.21252
115.177	1.21829
102.977	1.07048
103.042	0.968727
116.219	0.909366
93.4458	0.711886
51.3582	-0.619469
59.7384	-1.43082
210.983	-1.39382
373.261	-1.29471
474.823	-1.08263
476.503	-0.963984
430.602	-0.93123
485.45	-0.908059
503.535	-0.876297
322.442	-1.11736
311.244	-1.23353
174.547	-1.29172
37.5773	-1.15388
24.345	-0.883097
50.341	-0.891487
60.7176	-1.60037
142.558	-1.50809
87.1915	-1.77375
24.1752	-1.50149
20.3983	-1.194
18.177	-1.08849
15.8726	-1.01141
14.5151	-0.975776
12.8902	-0.782476
12.8585	-0.79029
13.8798	-0.908235
126.302	0.279412
153.421	0.155625
98.4446	0.446817
63.7723	0.867756
74.7831	0.848871
86.1316	1.19347
92.3007	0.987881
79.2603	0.814774
74.1263	0.814555
70.2566	0.841297
60.3891	0.815763
58.3894	0.77685
57.9134	0.541062
53.2478	0.459167
36.5017	0.254717
28.5649	-0.154323
26.0464	-0.471491
19.499	-0.255686
18.6553	-0.455665
16.0621	-0.481453
18.2611	-0.577484
14.5776	-0.660094
15.6439	-0.682252
15.5354	-0.755277
15.2731	-0.631384
14.842	-0.713107
14.3257	-0.650094
12.3998	-0.803656
14.0536	-0.797496
18.1949	-0.66606
14.9318	-0.568802
15.4625	-0.927188
12.804	-0.611334
14.6597	-0.763808
14.6085	-0.752998
15.8429	-0.591546
17.2173	-0.475514
15.7745	-0.666388
15.9362	-0.66042
15.8302	-0.79296
17.9895	-0.433632
14.3627	-0.691503
19.6853	-1.50907
25.555	-1.6211
24.5351	-1.66306
24.1972	-1.56698
69.8709	-1.34545
279.367	-1.15535
562.891	-1.03577
785.149	-0.975378
929.731	-0.961709
1062.11	-0.833656
826.006	-0.836979
560.817	-0.669294
378.066	-0.142821
308.611	-0.318769
281.865	-0.479427
231.029	-0.79813
218.832	-0.810201
159.457	-1.23996
182.854	-1.31586
262.067	-1.42612
527.503	-1.33347
899.1	-1.32762
1149.84	-1.37595
1221.81	-1.28727
1079.95	-1.03239
673.432	-0.904874
297.675	-0.921066
108.013	-0.949817
54.9419	-1.17249
53.3088	-0.771594
106.66	-0.439627
267.045	-0.582309
891.143	-0.630158
1493.79	-0.628308
1675.37	-0.807923
1645.78	-1.01779
1595.99	-1.0707
1247.47	-1.14489
1076.01	-1.13134
1091.64	-1.07556
978.872	-1.09766
873.801	-1.14652
841.925	-1.08528
737.681	-1.09722
520.839	-1.15059
400.303	-1.01223
338.901	-0.933972
361.162	-0.965775
160.259	-1.34322
64.2324	-0.885863
257.225	-0.74794
553.177	-0.578208
756.586	-0.466834
860.117	-0.317251
913.934	-0.164044
813.519	-0.248736
818.603	-0.159659
871.649	-0.136745
994.146	-0.250025
1190.74	-0.319009
1327.88	-0.46855
1272.51	-0.866577
1012.33	-1.37785
1089.24	-1.32084
954.859	-1.4551
750.782	-1.5699
451.983	-1.54398
247.1	-1.21736
225.358	-1.14666
216.115	-1.34996
405.64	-1.6078
511.915	-1.91215
521.472	-1.98561
579.578	-1.91482
511.439	-2.06627
561.883	-1.89202
462.014	-1.9898
404.648	-1.84887
408	-1.86611
415.262	-1.80822
380.737	-1.8672
371.253	-1.78596
328.625	-1.61714
266.674	-1.56591
333.841	-1.59973
494.083	-1.64624
637.028	-1.73787
846.719	-1.67063
1012.99	-1.5553
1155.62	-1.34701
1134.2	-1.27158
944.063	-1.3295
445.079	-1.25748
77.3834	-1.64855
50.3566	-1.70462
56.2813	-1.7945
104.115	-1.00701
177.775	-0.218883
239.99	0.208022
218.415	0.435138
254.28	0.517912
320.81	0.482154
294.909	-0.0620704
231.674	-0.405337
80.4845	-0.773623
42.0923	-1.02646
76.8558	-1.0918
200.583	-1.22702
486.367	-1.36168
824.866	-1.25033
1067.89	-1.27927
1261.04	-1.28005
1309.44	-1.23837
1331.19	-1.20591
1208.07	-1.29188
930.471	-1.56951
931.325	-1.56899
948.672	-1.52218
784.773	-1.74065
853.118	-1.629
846.118	-1.71892
971.156	-1.53931
916.554	-1.65221
717.856	-1.70112
349.435	-1.87255
511.05	-1.82425
822.596	-1.72419
1293.37	-1.23453
1285.93	-1.24476
1156.04	-1.31253
914.98	-1.58263
835.859	-1.67691
964.896	-1.36569
919.796	-1.31144
866.238	-1.37335
791.613	-1.38613
686.318	-1.54757
561.75	-1.68618
489.28	-1.65781
300.049	-1.82794
238.869	-1.44104
136.566	-1.57713
133.348	-1.64232
163.886	-1.44073
276.883	-1.36891
437.361	-1.29111
535.425	-1.02772
661.684	-0.741241
569.434	-0.758745
566.348	-0.593731
667.671	-0.444582
736.056	-0.39425
762.789	-0.344784
751.185	-0.396233
620.873	-0.574776
646.556	-0.582763
716.376	-0.529257
546.266	-0.920068
378.046	-1.00928
276.494	-0.932602
145.324	-0.446668
143.529	0.167725
117.987	0.955812
108.685	0.909867
118.95	1.08254
139.634	1.10641
138.083	1.2805
144.773	1.10722
211.834	1.17266
232.506	1.11811
173.972	1.03231
119.665	0.629978
91.0027	0.425265
77.9419	0.274089
73.1632	0.0590048
66.9086	0.357393
43.616	-0.0507053
33.5922	-0.616212
215.954	-0.631114
233.689	-0.731772
180.832	-0.928505
103.078	-1.22324
81.418	-1.35889
69.563	-1.45394
65.3412	-1.30967
56.3278	-1.3648
56.4326	-1.24625
78.3188	-0.693177
139.561	0.469799
167.724	1.02733
167.098	0.991083
164.507	0.557844
177.944	0.795214
146.268	1.03044
80.7449	0.434382
57.9641	0.351535
78.9671	0.257991
106.625	0.345849
110.951	0.271771
53.186	-0.0140689
41.8784	-1.4698
318.963	-1.94012
711.339	-1.7329
746.413	-1.6158
661.999	-1.74377
628.279	-1.55479
452.468	-1.6036
316.023	-1.87491
335.096	-1.60661
385.63	-1.40744
531.327	-1.23751
601.926	-1.24596
552.25	-1.21772
540.179	-1.15069
500.083	-1.1125
362.124	-1.48152
258.333	-1.44985
146.266	-1.33031
137.245	-1.07966
130.476	-1.07791
90.1751	-1.06153
75.9217	-1.13598
62.2215	-1.25223
37.3945	-1.38424
29.0885	-1.30143
22.0757	-1.41356
22.7825	-1.0022
18.3328	-1.07487
17.7343	-0.913211
15.8145	-0.817498
84.9013	-0.773926
89.0416	-1.67611
183.228	-1.76156
139.45	-1.73239
295.157	-1.31839
248.403	-1.43687
339.044	-1.29617
318.024	-1.36616
281.913	-1.46226
265.522	-1.47022
191.258	-1.78121
164.647	-1.84724
137.865	-1.91481
83.3607	-1.66124
65.9907	-1.98799
38.6185	-1.60401
24.0018	-1.52532
20.7543	-1.14983
18.2871	-1.05226
18.0816	-0.99872
17.8117	-1.27214
16.7751	-1.12642
18.2673	-1.11463
18.9603	-1.00466
26.224	-0.992993
104.853	-1.18262
31.7734	-0.874547
46.4505	-0.712748
63.0816	-1.44419
19.6377	-0.809831
27.8983	-1.34171
18.5598	-1.1509
19.7295	-1.03654
21.4111	-0.924356
20.7548	-0.913429
24.3856	-0.899095
12.126	-0.639425
16.6349	-0.726182
16.4576	-0.692545
17.2316	-0.745699
16.8748	-0.765125
15.3041	-0.825904
15.1108	-0.740061
16.9652	-0.653713
19.3714	-0.835877
35.6931	-0.415505
61.9052	0.101383
70.5791	0.495875
90.6478	0.963574
108.211	1.02397
107.875	0.864332
118.427	1.03359
113.65	0.824835
113.117	0.918578
93.637	0.859222
127.461	0.947595
148.708	1.15378
138.493	1.19464
147.596	0.650815
100.757	-0.417531
149.142	-1.03748
235.307	-0.794657
172.339	-1.03775
151.004	-1.14061
139.276	-1.18635
101.848	-1.64939
127.606	-1.47346
134.662	-1.34307
141.107	-1.32252
143.264	-1.35972
138.267	-1.45577
141.772	-1.42067
144.089	-1.37005
157.783	-1.19195
157.616	-0.961208
169.365	-1.0887
224.953	-1.44891
255.152	-1.54554
409.772	-1.24537
627.847	-1.12418
675.676	-1.30479
733.172	-1.08206
605.89	-1.07535
535.959	-0.887547
584.369	-0.663719
573.332	-0.777831
593.437	-0.703782
604.796	-0.739689
649.279	-0.799037
611.294	-0.832742
618.65	-0.698629
546.439	-0.481157
428.639	-0.198452
365.609	0.10818
324.292	0.644178
246.676	0.719758
253.296	0.896178
217.242	0.667787
137.824	0.295135
37.926	-0.244773
26.3435	-0.369096
31.4767	-0.364966
29.8177	-0.365997
26.2711	-0.595197
26.2514	-0.604519
91.5453	-1.12936
497.776	-1.86063
891.571	-1.78999
797.972	-1.91407
446.755	-2.20084
90.9059	-2.04199
124.635	-1.34385
251.286	-1.97597
376.598	-2.22564
317.797	-2.33373
205.419	-2.37879
138.315	-2.18575
94.6356	-2.09832
81.4995	-2.00725
115.435	-1.96501
148.96	-1.92641
214.733	-1.86972
273.352	-1.85197
327.818	-1.79669
399.045	-1.68421
452.411	-1.47987
466.954	-1.08006
236.133	-0.853208
152.434	-1.09183
132.081	-1.13057
151.748	-0.863184
262.997	-0.652677
418.562	-0.767763
517.598	-0.883661
593.045	-0.978812
678.076	-0.981352
630.706	-1.25302
532.975	-1.5484
519.85	-1.65933
240.7	-2.11931
72.7201	-1.80334
44.4868	-1.26332
36.9736	-1.2183
30.2727	-1.23904
28.3863	-1.19794
24.6347	-1.17159
33.595	-1.05403
82.2032	-1.35332
588.148	-1.02392
809.733	-0.885347
683.133	-0.837236
636.584	-0.746887
752.09	-0.602004
606.26	-0.588481
569.242	-0.672498
513.761	-0.527317
396.153	-0.577681
254.045	-0.841501
162.532	-1.03911
208.444	-0.92323
221.896	-0.782648
34.7387	-0.907913
67.2664	-0.477767
54.3231	-0.739355
48.3547	-0.739882
58.5887	-1.32074
80.7882	0.0170635
100.366	0.716386
94.5305	0.877624
107.336	0.860694
113.863	0.815688
106.513	0.72839
97.3266	0.68245
83.096	0.506163
62.1407	0.861412
64.4926	0.685228
65.4621	0.67311
66.5586	0.868397
57.1242	0.672846
48.3049	0.458507
39.9337	-0.000569143
28.941	-0.495569
23.6807	-0.627252
19.2224	-0.593287
19.6413	-0.847835
17.6507	-0.915777
19.984	-0.776435
20.1037	-0.699308
19.3651	-0.841973
23.0964	-0.279404
17.3591	-0.795398
39.6064	-0.786028
17.4278	-0.610953
15.9901	-0.639758
15.2819	-0.688443
16.4663	-0.753774
16.3913	-0.745737
14.1717	-0.829067
13.9098	-0.866379
16.7432	-1.12531
15.9897	-0.890092
15.916	-0.757019
18.4514	-0.822079
43.2209	-0.565978
50.5654	-0.0963715
124.375	0.247014
109.374	0.09835
128.908	-0.0309851
246.347	0.227546
226.766	0.0887426
261.185	0.170992
204.244	0.0830331
203.222	0.273211
183.288	0.116325
213.944	0.410817
253.108	0.778459
269.486	0.687186
286.83	0.210689
311.27	-0.475022
597.816	-0.758613
927.556	-1.0622
1070.92	-1.30796
1084	-1.48275
1069.07	-1.62278
994.558	-1.71969
761.507	-1.82219
482.823	-1.95992
436.446	-2.00793
598.731	-1.92092
1032.66	-1.52438
1356.82	-1.35027
1641.67	-1.23181
1515.45	-1.40838
949.281	-1.66046
983.232	-1.23572
343.962	-1.03794
80.4127	-1.71165
76.667	-1.60953
173.613	-0.841336
213.024	-0.232102
245.358	0.327279
259.474	0.0010609
284.83	-0.277138
194.35	-0.848203
111.224	-1.13989
165.26	-1.3932
176.382	-1.53092
265.314	-1.68509
384.24	-1.74963
433.63	-1.83897
490.53	-1.84476
488.873	-1.89801
509.003	-1.92643
563.375	-1.8717
526.6	-1.86154
466.495	-1.99437
327.721	-2.04967
366.653	-2.07847
738.28	-1.55891
765.234	-1.65042
622.3	-1.93514
755.226	-1.50347
600.568	-1.51051
310.57	-1.5113
129.412	-1.61281
49.7695	-1.45665
33.5099	-1.44611
27.427	-1.46828
27.3906	-1.25785
115.819	-0.212804
96.9223	-0.0893884
86.3398	0.0690395
123.131	-0.000744067
115.18	-0.797799
253.261	-0.976177
346.666	-0.917744
323.996	-1.08535
181.746	-1.28951
307.148	-1.29924
495.055	-1.35248
436.095	-1.72844
421.532	-1.8688
358.151	-2.10542
348.972	-2.06942
344.519	-1.96404
316.938	-1.88658
299.046	-1.74328
280.512	-1.7189
249.352	-1.69788
226.584	-1.60145
273.725	-1.49293
206.753	-1.63838
207.002	-1.6939
211.707	-1.59857
240	-1.46054
258.307	-1.47984
206.941	-1.49589
216.551	-1.59219
173.755	-1.58271
174.446	-1.58154
156.783	-1.59344
109.806	-1.97698
60.1902	-1.66181
105.614	-1.79377
33.555	-1.54638
24.1169	-1.48544
25.3258	-1.59779
25.4248	-1.17422
20.7691	-1.33862
20.9998	-1.22202
36.5161	-1.44551
26.9656	-1.27272
17.809	-0.813884
17.2904	-0.890418
18.5728	-0.98064
17.6458	-0.772389
18.4896	-0.688595
17.3851	-0.675741
18.0989	-0.697101
18.5748	-0.737607
18.8919	-0.807033
12.1632	-0.779734
18.2028	-0.840974
18.46	-0.648223
18.3364	-0.604973
18.5849	-0.666823
19.2417	-0.706357
18.541	-0.544428
18.3648	-0.478591
18.8411	-0.563083
18.0962	-0.815972
19.7291	-0.681276
23.8164	-0.465241
19.9877	-0.612905
20.0006	-0.631479
19.9422	-0.76127
19.1756	-0.909753
23.3429	-1.10361
56.7827	-1.98339
129.956	-2.04201
256.649	-1.70864
445.626	-1.61563
552.612	-1.60636
559.32	-1.57613
498.91	-1.61188
363.793	-1.86138
349.541	-1.48559
258.4	-1.51946
247.859	-1.3518
157.406	-1.37242
93.6674	-1.56404
63.5305	-1.44163
53.1594	-1.07053
28.0056	-0.863937
196.783	-0.0734346
305.338	-0.653958
338.718	-1.66068
1011.94	-1.59851
1480.41	-1.43674
1091.96	-1.48621
671.495	-1.60638
621.975	-1.51443
953.13	-1.47853
1151.71	-1.41243
988.415	-1.55997
784.419	-1.56745
571.179	-1.57996
389.824	-1.71243
398.734	-1.48734
406.695	-1.32526
550.35	-1.06264
678.343	-0.824938
696.597	-0.700716
733.797	-0.517281
785.839	-0.41952
848.567	-0.267644
985.523	-0.265379
1169.7	-0.297469
1469.4	-0.358423
1394.85	-0.630969
1349.01	-0.87338
1220.27	-1.05492
952.588	-1.30153
788.464	-1.40121
645.681	-1.53101
573.215	-1.47541
468.023	-1.53943
373.751	-1.6179
284.32	-1.69718
174.572	-1.64801
105.392	-1.78496
72.7846	-1.61591
75.0519	-1.55761
156.138	-1.50446
418.899	-1.81262
755.082	-1.81905
1207.5	-1.45601
1558.26	-1.20343
1546.05	-1.11779
1135.4	-1.25763
803.901	-0.970357
158.569	-1.12482
63.3861	-1.37517
62.5448	-1.32124
187.75	-0.183977
167.309	0.36868
318.309	0.786019
357.702	1.18939
433.453	1.19135
377.254	0.912242
347.299	0.558798
250.1	0.754503
185.896	0.856947
152.591	0.506452
155.401	0.311946
130.006	-0.0503615
78.3254	-0.0998632
59.5585	-0.446866
177.933	-1.32512
747.21	-0.800562
674.085	-0.79564
445.706	-0.878384
170.727	-1.06143
76.213	-0.893607
92.0846	-0.0640405
84.4927	-0.0684439
86.8466	0.0266054
94.0907	0.0578581
104.245	0.216874
123.811	0.297118
123.253	0.174011
93.8388	0.272916
54.4232	-0.234943
59.9472	-0.955809
313.408	-0.0595071
274.402	0.106256
151.131	0.0279616
57.1074	-0.61848
28.5538	-0.871512
27.9597	-0.990117
27.9008	-0.804608
21.899	-0.848622
21.0198	-0.683688
69.6756	0.0716622
114.856	-0.0393198
40.1903	0.428426
76.727	0.643236
147.536	1.20021
183.493	1.39313
252.896	1.12856
250.425	0.986967
149.697	0.746635
59.8812	-0.0490601
85.934	-1.13014
475.29	-1.05754
736.839	-1.24994
709.275	-1.64481
602.837	-1.78648
565.197	-1.41783
424.323	-1.36055
549.444	-1.19613
496.178	-1.43187
493.257	-1.6342
392.886	-1.57551
584.448	-1.11704
186.228	-1.17414
75.8588	-1.7461
98.4855	-1.56835
117.373	-1.42717
125.459	-1.20241
74.5856	-1.06533
38.4256	-1.60958
42.7455	-1.47733
48.5804	-1.31408
50.9453	-1.22876
49.4922	-0.819663
28.5253	-0.836792
23.9759	-0.933304
23.7963	-1.00202
20.6717	-1.04381
16.7523	-0.643017
23.3984	-0.905164
34.8814	-0.921282
18.7638	-0.871646
20.4525	-0.877987
20.9772	-0.854535
19.4016	-0.729413
19.8024	-0.901249
19.1008	-0.721632
18.1716	-0.787895
20.1282	-0.457681
14.3474	-0.704297
17.8652	-0.62038
16.6303	-0.584884
17.2034	-0.338268
16.1336	-0.575644
14.4027	-0.70925
14.2506	-0.702886
13.745	-0.842874
14.4544	-0.730645
14.8023	-0.450628
19.3671	-0.820956
17.9917	-0.693576
35.2583	0.122794
42.9644	0.324127
49.6998	0.25107
58.2057	0.643388
62.4043	0.48382
52.7123	0.485841
62.2929	0.892598
87.8744	0.606205
126.963	0.480538
94.203	0.13754
44.7844	-0.860912
375.842	-1.23241
753.888	-1.39867
736.182	-1.29123
701.537	-1.2486
692.596	-1.21829
738.424	-1.23102
893.764	-1.18626
968.716	-1.1848
1070.44	-1.17053
1187.45	-1.04656
1175.52	-1.11669
1148.4	-1.14188
1057.97	-0.845383
498.054	-0.948203
249.3	-0.992889
193.192	-0.659215
245.208	-0.13645
241.428	0.128677
279.804	0.452583
202.045	0.480383
190.797	0.409727
191.787	0.644068
201.564	0.607008
136.806	0.461735
91.4857	0.403239
83.5157	0.392402
88.1188	0.360148
119.505	0.675176
100.621	0.368603
91.6143	-0.28531
565.873	-1.06946
1135.18	-0.938907
1326.34	-0.837984
1388.08	-0.774607
1343.11	-0.815147
1049.43	-0.983302
711.047	-1.0155
295.366	-1.19386
188.812	-1.35576
218.257	-1.27636
431.665	-1.48078
453.885	-1.83158
435.629	-1.66335
414.388	-1.59522
322.981	-1.6192
275.118	-1.60338
236.795	-1.40693
235.949	-1.13646
208.655	-1.29909
200.743	-1.29334
164.151	-1.45411
144.91	-1.29204
118.984	-1.31124
93.457	-1.36124
67.0362	-1.62711
50.4354	-1.79484
259.83	-1.6945
474.091	-1.67791
615.908	-1.73615
684.55	-1.74961
714.11	-1.64024
616.835	-1.64189
466.937	-1.81711
403.737	-1.99594
407.591	-1.89416
449.434	-1.93209
493.843	-1.98903
475.856	-1.95125
479.767	-2.00011
504.43	-2.00089
565.302	-1.8588
412.073	-2.16909
122.342	-2.19964
155.198	-0.938875
419.162	-1.23067
388.901	-1.46398
389.447	-0.903756
241.973	0.0424854
246.322	0.680608
295.515	0.783342
266.927	0.904999
235.825	1.07299
184.766	0.798482
133.62	0.823604
165.732	0.859284
184.297	1.04508
150.092	0.75002
104.782	0.489824
77.0637	-0.114642
89.5065	-1.40344
463.986	-1.49938
702.536	-1.4611
945.579	-0.990824
925.303	-1.01993
860.079	-1.10407
717.211	-1.2956
491.073	-1.70587
335.58	-2.03302
292.525	-2.10952
264.522	-1.99164
497.313	-1.35136
553.417	-1.4326
566.267	-1.29681
492.974	-1.25264
403.062	-1.15367
358.689	-1.1083
330.297	-1.16396
250.291	-1.30308
125.378	-1.67052
67.6526	-1.37762
50.7849	-1.50706
56.1809	-1.39577
98.9061	-1.4924
227.017	-1.60909
373.036	-1.69873
569.508	-1.5169
721.12	-1.29865
710.694	-1.2921
536.42	-1.5884
384.737	-1.82944
282.723	-2.16671
276.332	-2.06286
297.793	-1.79851
220.102	-1.9286
156.106	-1.90895
133.909	-1.39359
121.706	-1.31397
137.031	-1.214
113.29	-1.51393
114.558	-1.61016
196.402	-1.61631
321.732	-1.1384
326.641	-0.950708
328.676	-0.748286
189.39	-0.65841
52.9627	-1.09584
27.4368	-1.28632
25.0594	-1.07279
109.119	-0.190575
84.8028	0.72091
149.772	0.918629
161.121	0.730803
141.633	0.872549
201.379	1.20884
234.344	1.25053
206.758	1.24698
249.233	1.05621
245.432	1.01258
151.881	0.822702
47.4193	0.350652
29.5985	0.0228177
31.9874	-0.000698735
32.2526	-0.0322483
41.7022	0.105429
99.5434	0.0179824
99.5567	0.017649
190.327	-1.3726
457.757	-1.59964
854.548	-1.17509
1070.05	-1.08463
1117.2	-1.06758
1214.44	-1.09665
1282.21	-1.0783
1237.58	-1.08072
1129.44	-1.16515
1154.17	-1.11456
1039.56	-1.21932
834.768	-1.40641
558.994	-1.70577
354.081	-1.68055
238.121	-1.25736
222.315	-1.24578
220.212	-1.12717
181.177	-1.03693
170.54	-1.08118
161.974	-1.12434
157.692	-1.11341
118.493	-1.25126
92.5218	-1.32573
82.5628	-1.17411
84.3188	-1.1531
86.7462	-1.24314
55.4859	-0.867943
34.0906	-0.983902
59.8627	-0.900921
37.8081	-0.789972
34.5744	-1.28576
54.5773	-1.18628
116.159	-0.714562
94.2213	-0.538437
129.428	-0.238692
113.536	-0.138392
134.694	-0.184388
135.382	-0.186621
153.011	-0.321531
163.525	-0.547552
190.914	-0.702311
227.481	-0.856837
215.806	-1.04503
219.533	-0.984106
171.594	-0.988885
89.6437	-1.23853
81.0656	-1.15911
69.9716	-1.33404
64.0315	-1.29182
52.1589	-1.31375
62.5995	-1.05003
116.088	-0.853458
148.98	-0.140754
180.382	0.050835
234.633	0.191809
213.391	-0.403754
221.439	-0.845188
314.253	-1.12858
286.666	-1.21083
282.951	-1.23032
285.014	-1.26691
247.718	-1.25489
177.137	-1.26088
149.152	-1.40331
215.93	-1.39044
337.857	-1.45771
423.033	-1.63715
503.509	-1.47824
522.029	-1.40671
488.754	-1.53333
446.236	-1.55758
344.83	-1.59851
282.015	-1.42352
247.155	-1.37707
260.397	-1.3325
278.985	-1.44998
311.755	-1.39818
383.891	-1.2628
325.738	-1.47403
306.711	-1.57461
280.746	-1.5012
175.369	-1.44633
80.6866	-1.50765
37.1268	-1.54613
24.6947	-1.44047
18.9981	-1.12955
43.0907	-1.19942
54.4528	-1.34291
54.6924	-1.77418
127.319	-1.74554
176.744	-1.66324
191.343	-1.55849
163.682	-1.79506
151.524	-1.65178
191.562	-1.05368
161.578	-0.72984
117.145	-0.940476
81.6808	-1.23095
65.259	-1.32126
68.4804	-1.27874
77.0589	-0.999475
72.9165	-0.819906
50.6863	-0.899046
40.2777	-0.669828
155.578	-0.214102
96.5862	-0.536897
59.0439	-0.891664
117.4	-1.73382
175.98	-1.59885
105.585	-2.00492
157.477	-2.03386
203.113	-1.95947
201.089	-1.91302
202.851	-1.69631
183.822	-1.68176
163.043	-1.84136
133.645	-2.01056
129.396	-1.93689
135.628	-1.91421
162.973	-1.8405
215.033	-1.68172
246.198	-1.7242
249.231	-1.81912
228.519	-1.89286
239.805	-1.56727
269.217	-1.3612
363.816	-1.16164
389.301	-0.980931
236.923	-1.16724
253.698	-1.08231
210.539	-1.03747
132.552	-1.25208
27.932	-1.08617
119.513	-0.643488
90.2343	-1.17189
25.6632	-1.14335
24.4516	-1.07285
38.3401	-0.294636
43.6493	0.295458
48.53	0.632457
54.0137	0.597417
57.6091	0.43607
59.6492	0.508818
54.4581	0.355205
56.3253	0.672071
69.0896	0.782984
68.5683	0.809978
68.2375	0.60446
63.1409	0.576534
63.7716	0.394432
67.7331	0.562748
11.2177	-0.892952
12.5418	-0.625035
13.3658	-0.657852
14.4843	-0.703801
14.3168	-0.599777
13.1062	-0.771252
12.4905	-0.794076
13.5602	-0.801104
14.577	-0.931439
14.6029	-1.01942
17.986	-1.33401
66.2255	-1.65273
101.569	-1.00506
107.073	-0.80636
108.628	-0.767738
104.964	-0.802341
102.135	-0.715985
86.2276	-0.908126
55.9396	-1.13258
32.2053	-1.44124
19.6139	-1.36743
22.066	-1.02899
41.6276	-0.953112
16.4184	-0.857369
15.4507	-0.68772
36.0871	-1.02471
434.806	-1.10125
224.039	-1.16697
322.567	-1.38137
763.008	-1.50451
953.797	-1.58157
1103.6	-1.43814
703.203	-1.65565
742.205	-1.76471
392.513	-1.58227
250.681	-1.07611
211.089	-1.44934
211.35	-1.20781
218.093	-1.25943
199.14	-1.19515
183.296	-1.31437
150.59	-1.39647
114.399	-1.39383
77.4915	-1.60499
56.7973	-1.60844
170.037	-1.36553
466.836	-1.52916
686.983	-1.51453
909.476	-1.31585
1074.81	-1.17882
959.779	-1.28024
707.562	-1.58285
548.616	-1.54224
455.817	-1.3906
190.761	-1.46728
152.692	-1.63144
298.608	-1.46546
406.616	-1.50243
491.208	-1.50244
532.023	-1.52519
546.655	-1.57033
505.748	-1.67797
499.745	-1.57434
471.083	-1.59937
474.099	-1.70537
442.33	-1.72886
355.831	-1.96091
214.35	-1.89788
147.044	-1.04503
127.39	-0.252559
136.505	-0.1794
97.3127	-0.212933
94.0722	-0.260217
64.6575	-0.326163
43.0033	-0.558418
25.7664	-1.00641
19.512	-1.40485
20.7451	-1.28594
20.4012	-1.05107
23.0479	-1.04742
42.1692	-0.505621
36.3985	-0.870838
71.4375	-2.17098
56.1259	-2.1504
37.2941	-1.95424
128.138	-2.35964
194.139	-2.31461
248.253	-2.01108
192.489	-1.98088
102.629	-1.93772
63.3589	-0.96128
60.9052	-0.675759
78.0396	-0.124397
98.6067	0.126874
97.4315	0.0490926
101.045	0.0826949
61.6652	-0.300134
75.9042	-2.02687
307.315	-1.60046
380.505	-1.59286
367.374	-1.59223
209.711	-1.76168
190.729	-1.24709
155.361	-0.224882
147.262	0.537785
118.177	0.595427
91.0457	0.771038
84.07	0.654143
78.3755	0.767045
89.9829	0.790044
113.405	0.48901
71.4217	0.0378307
76.4721	-1.17921
172.796	-1.10485
221.797	-1.42403
179.412	-1.56046
141.888	-1.85264
138.064	-1.81096
124.2	-1.68193
90.8592	-1.37591
96.1071	-1.3291
101.031	-1.39232
237.373	-1.62824
163.097	-2.1414
129.965	-2.21583
149.928	-2.14407
147.095	-2.20659
148.421	-2.21808
161.809	-2.1003
161	-2.14909
139.966	-2.09981
134.307	-1.93035
142.99	-1.95927
94.3618	-2.12728
57.3299	-2.1161
52.6484	-2.01737
42.9889	-2.00245
36.863	-1.72605
24.2803	-1.30487
15.6752	-1.17548
16.8483	-1.03402
17.527	-1.08632
31.4378	-1.41366
15.6693	-1.16401
17.1316	-1.182
17.3405	-0.994848
15.8919	-0.898486
14.5711	-0.910747
13.3457	-0.98194
12.8675	-0.759154
8.4413	-0.615297
12.3685	-0.795406
13.7322	-0.834981
12.8258	-0.945844
12.1284	-0.706538
14.7763	-0.537927
16.8871	-0.633892
12.9152	-0.728147
13.2326	-0.618309
12.8626	-0.775436
14.1064	-0.800675
195.05	-0.571062
181.21	-0.967288
87.2516	-1.87898
152.383	-1.89789
138.294	-2.17203
126.31	-2.12438
156.09	-2.0615
149.109	-2.09365
157.993	-2.05002
154.657	-2.11948
187.703	-1.91395
199.005	-2.11913
341.864	-1.91888
417.606	-2.05242
553.248	-1.95144
805.867	-1.75819
971.995	-1.65047
989.373	-1.67097
851.379	-1.79618
573.218	-1.87854
106.929	-2.07663
47.9545	-2.04804
45.8511	-1.85968
35.076	-1.73612
29.8616	-1.64343
25.2373	-1.66607
58.0177	-0.994327
224.3	-0.84577
163.682	-2.20684
234.161	-2.18923
314.474	-1.78113
412.224	-1.50888
719.975	-1.5351
738.168	-1.62235
710.763	-1.62682
699.781	-1.5484
445.297	-1.90048
260.011	-1.74536
225.903	-1.37728
276.593	-1.1126
285.539	-1.06917
275.24	-1.05148
227.943	-1.41485
370.296	-1.86348
545.03	-1.54986
548.325	-1.46962
459.883	-1.54929
439.61	-1.44411
426.423	-1.35038
397.362	-1.23796
270.263	-1.34352
160.616	-1.51195
174.434	-1.3475
167.835	-1.27028
166.612	-1.35057
181.009	-1.22605
185.897	-1.12923
180.673	-1.09798
290.635	-0.883395
405.387	-1.33113
338.831	-1.86561
298.272	-1.97411
302.422	-1.78941
293.939	-1.6302
231.188	-1.57775
73.1086	-1.62325
30.6532	-1.77937
28.766	-1.47403
22.3896	-1.2317
20.3466	-1.17049
52.8404	-0.545165
198.271	-0.745869
295.691	-1.48761
503.461	-1.57205
615.179	-1.60048
638.078	-1.60036
569.097	-1.52872
246.998	-1.7196
46.7096	-1.73339
100.721	-1.21868
297.637	-1.51114
450.48	-1.23169
381.328	-1.42663
168.238	-1.74685
102.183	-1.75865
109.239	-1.82095
168.343	-1.62121
258.749	-1.70878
326.435	-1.73319
311.796	-1.98814
349.603	-1.91434
257.785	-1.79201
52.9067	-1.57793
140.356	-1.42935
352.091	-1.53777
507.691	-1.78874
483.315	-1.87376
595.016	-1.54868
528.066	-1.75481
477.499	-1.77311
412.231	-1.75136
344.613	-1.65862
247.724	-1.69331
200.021	-1.6159
196.427	-1.44799
186.848	-1.38382
169.511	-1.33734
159.891	-1.35953
149.812	-1.42022
134.307	-1.51344
117.261	-1.55835
272.758	-1.11164
338.963	-1.13739
425.976	-1.16076
480.627	-1.18049
488.533	-1.13224
464.074	-1.0592
427.693	-1.06521
387.591	-1.06466
359.78	-0.874428
361.28	-0.883425
359.515	-0.782888
234.521	-0.762004
116.555	-1.19756
237.79	-1.01986
305.32	-1.14576
387.047	-1.03563
357.523	-1.28807
299.453	-1.40094
255.369	-1.53321
199.417	-1.66253
120.063	-1.75003
80.4627	-1.33187
89.934	-1.2932
100.413	-1.20911
94.5231	-1.22452
90.5916	-1.23564
170.915	-1.41658
174.591	-1.39506
179.626	-1.26294
158.615	-1.32364
151.639	-1.17599
129.91	-1.29395
112.581	-1.12799
104.798	-0.406639
112.241	0.118994
111.457	0.0124581
99.9698	-0.47903
111.087	-0.83804
114.39	-1.30589
142.48	-1.64144
174.788	-1.66603
159.847	-1.77452
118.315	-1.96337
71.1819	-2.03608
60.3507	-1.6115
70.7177	-0.650076
80.8952	-0.0341373
72.3105	0.0541268
75.0672	0.117825
81.5984	0.282409
81.1905	0.0422822
89.0106	0.332435
82.545	0.349527
65.2949	0.0534937
43.5453	-0.473556
31.5518	-1.38941
93.6298	-1.71529
68.7346	-1.5868
84.9364	-1.81824
92.0142	-1.57218
79.552	-1.52271
108.323	-1.49302
114.944	-1.21185
108.001	-1.23593
75.8496	-0.786055
32.2276	-1.18632
62.1085	-1.73159
63.0854	-2.12738
60.5864	-1.99702
45.952	-1.67903
47.0647	-2.11395
26.4298	-1.99057
40.7294	-2.12039
27.0393	-1.60098
36.7263	-1.98247
20.7616	-1.43864
16.5433	-1.20184
21.6971	-1.17461
24.2197	-0.76188
16.2231	-0.938045
13.699	-1.10098
13.9901	-0.689284
13.3568	-0.649048
12.8911	-0.726532
12.4675	-0.687693
11.6821	-0.810763
13.7384	-0.691478
12.351	-0.645309
25.0229	-0.702697
15.1641	-0.604766
14.8928	-0.833411
16.6328	-0.76749
16.5211	-0.712428
15.8087	-0.803357
17.112	-0.648879
16.4265	-0.70353
16.1451	-0.709528
16.5113	-0.697037
14.3367	-0.743372
14.076	-0.629885
17.9287	-0.958172
28.0352	-1.76233
59.6428	-1.79811
86.1073	-1.71006
98.2691	-1.74534
130.068	-1.75606
167.464	-1.68427
168.748	-1.87423
192.489	-1.84637
189.579	-1.54001
183.601	-1.13824
175.66	-1.16815
169.069	-1.21461
162.54	-1.30192
133.134	-1.42109
117.771	-1.33608
125.126	-0.969574
85.8162	-1.14141
59.3251	-1.05272
31.0237	-1.61148
25.3446	-1.41111
50.1081	-1.0072
276.838	-0.734129
391.446	-0.70274
497.468	-0.56762
507.581	-0.413373
568.935	-0.343872
544.604	-0.286634
511.758	-0.390275
515.765	-0.397197
419.266	-0.280359
283.481	-0.266308
278.58	-0.0345758
270.677	0.668261
313.094	0.7377
221.969	0.582222
209.255	0.913678
157.906	1.04291
109.231	0.877743
57.268	0.265729
34.2209	-0.101287
26.2861	-0.345133
24.4995	-0.288106
24.2281	-0.399961
22.0103	-0.498553
18.5098	-0.469885
43.7533	-0.5927
96.5814	-0.411942
113.332	-0.564183
125.277	-0.819063
476.634	-1.49294
731.866	-1.73317
803.07	-1.67524
725.195	-1.70201
648.354	-1.70955
350.152	-1.75856
172.02	-1.69208
172.721	-1.71732
168.674	-1.78206
244.087	-1.38535
367.09	-1.1231
347.149	-1.04941
316.857	-0.879341
355.05	-0.676026
392.777	-0.522255
384.752	-0.582239
365.749	-0.701771
337.602	-0.842569
292.425	-1.02499
230.613	-1.22208
189.559	-1.35092
141.834	-1.40879
97.0858	-1.34496
82.0369	-1.00409
54.2075	-0.970828
29.6903	-1.03568
29.399	-0.64241
35.1469	-0.178487
47.9779	0.28895
78.4681	0.348417
70.3671	0.481019
101.778	0.300417
52.9224	0.406168
67.8576	0.126755
83.2309	-0.337921
186.057	-0.0439695
285.195	-0.0368846
371.754	-0.22034
432.046	-0.316261
524.868	-0.505699
630.428	-0.640332
640.727	-0.718407
672.803	-0.740451
656.449	-0.697908
503.98	-0.840521
315.229	-0.955293
98.3447	-1.25786
42.4424	-1.46577
35.8661	-1.27846
29.9005	-1.03352
27.8903	-0.944852
65.5046	-0.466617
104.19	-0.381873
61.8906	-0.135817
71.0957	-0.460271
201.267	-0.346714
283.128	-0.406831
426.216	-0.549388
443.998	-0.83412
484.899	-0.936249
583.968	-0.945102
540.057	-0.9909
282.586	-1.27378
51.3336	-1.19367
92.7012	-0.431129
144.78	-0.702478
331.699	-1.05638
363.483	-1.03783
262.01	-1.0674
256.945	-1.16455
325.216	-0.788748
319.876	-0.804578
390.229	-0.547505
335.102	-0.495364
238.614	-0.613772
156.583	-0.532087
149.011	0.0583246
144.385	0.649239
172.77	1.04407
153.802	0.679704
130.318	0.509678
104.111	0.311265
93.1489	0.653166
102.325	0.992543
110.896	1.16516
99.0764	0.653743
46.5252	-0.189035
20.2242	-0.507589
19.2947	-0.544723
18.3532	-0.56263
41.3638	0.00133786
253.908	0.429485
177.84	-0.0750746
274.06	-1.29115
884.742	-1.35395
1039.73	-1.45131
1623.77	-1.24375
1811.79	-1.00304
1553	-1.11322
1780.09	-0.940963
1574.87	-1.07507
1348.85	-1.16714
1447.17	-0.976356
540.218	-1.02667
106.067	-1.44181
81.0448	-1.31186
70.0631	-1.16894
56.7874	-0.979381
52.2222	-0.747539
39.4872	-0.885563
36.6968	-0.899401
35.4617	-0.949367
30.4496	-0.808613
28.1615	-0.719568
29.4427	-0.813097
25.6426	-0.797459
24.9309	-0.7875
51.865	-0.381526
31.8535	-0.515535
24.1464	-0.527835
21.8509	-0.739715
25.267	-0.831257
88.3553	-0.712092
30.1699	-0.714212
59.3031	-1.18249
64.575	-0.672999
97.7728	-1.09058
215.966	-1.82601
342.373	-1.91865
390.882	-1.95647
359.228	-2.02364
279.502	-2.20402
222.273	-2.19056
168.765	-1.71408
158.648	-1.34812
165.645	-1.26475
175.609	-1.1023
136.291	-1.15036
114.983	-1.17701
103.87	-1.13781
80.8955	-1.1958
82.6389	-1.29659
127.869	-0.827369
205.73	0.342284
194.336	1.13822
261.258	1.22696
174.934	1.40243
161.868	1.22632
148.408	1.50929
127.927	1.68322
147.877	1.27805
151.862	1.20402
134.102	0.808839
94.3218	0.0169411
76.2418	-1.07473
200.85	-1.53098
350.723	-1.43118
336.78	-1.45845
284.054	-1.60838
215.984	-1.68626
156.023	-1.77014
124.549	-1.79258
153.376	-1.82881
203.804	-1.77297
253.863	-1.99665
277.841	-2.24589
204.821	-2.25724
97.8796	-1.99138
221.419	-2.21649
487.339	-1.8216
605.879	-1.62015
498.655	-1.82633
357.059	-2.06508
221.531	-2.12305
146.665	-1.65521
139.863	-1.34178
156.168	-1.36338
146.202	-1.47699
154.117	-1.40735
190.929	-1.32869
327.821	-1.82749
354.845	-1.95748
411.659	-1.79482
384.657	-1.86994
421.827	-1.74628
396.391	-1.69106
374.166	-1.49347
298.865	-1.30923
261.867	-1.00233
304.398	-0.556099
346.708	-0.477685
341.734	-0.490839
292.671	-0.661099
319.207	-0.771239
280.748	-0.951226
261.514	-1.27812
239.689	-1.51655
305.169	-1.16242
288.449	-1.37154
256.877	-1.45785
245.697	-1.46097
268.169	-1.46779
325.191	-1.41377
284.19	-1.70359
282.59	-1.69753
317.224	-1.79172
471.27	-1.6833
553.314	-1.78046
603.351	-1.82306
661.71	-1.74441
738.711	-1.68203
859.852	-1.54275
913.608	-1.56431
864.886	-1.60199
708.085	-1.67575
604.182	-1.71831
522.319	-1.79158
452	-1.60671
237.341	-1.31296
58.7655	-1.54305
42.3465	-1.63874
38.9722	-1.52124
30.3704	-1.36847
28.6157	-1.41952
28.0388	-1.30242
24.8928	-1.25043
22.9788	-1.18686
23.6171	-1.25974
32.9836	-0.702837
47.4075	-0.509393
51.8081	-1.36453
116.57	-0.578562
155.828	-0.286095
171.378	-0.00599053
189.01	0.148839
199.104	-0.02453
220.135	-0.0883331
244.804	-0.313266
309.5	-0.696777
344.416	-1.01379
296.33	-1.36587
265.278	-1.44315
200.347	-1.424
141.278	-1.33819
126.925	-1.04071
98.1766	-1.25012
90.9449	-1.20917
80.7548	-1.13208
74.3641	-1.08521
67.4449	-0.647868
41.6129	-0.882708
22.3888	-0.901277
17.1978	-0.981858
17.7873	-0.880866
16.795	-0.973362
16.373	-0.786486
16.6115	-0.764047
91.0499	-0.608372
184.027	-1.67742
543.318	-1.60485
719.15	-1.41941
720.328	-1.38686
711.201	-1.42375
691.105	-1.41734
594.927	-1.58014
498.117	-1.57077
361.599	-1.7665
281.26	-1.93503
252.365	-1.74422
192.626	-1.77991
157.806	-1.92026
126.418	-1.90699
65.0142	-1.79142
32.4392	-1.21723
23.0985	-1.18497
24.1012	-1.1377
41.4711	-0.840348
99.2031	-1.10979
68.6056	-1.31302
48.3375	-1.82948
122.981	-1.93302
170.93	-1.98223
183.632	-1.93155
186.077	-1.66463
193.355	-1.39996
184.291	-1.29283
186.633	-1.15229
177.808	-1.1502
155.596	-1.23281
137.251	-1.36327
90.4376	-1.5322
75.8041	-1.47971
79.154	-0.381121
93.6743	-0.0633627
120.026	0.210526
154.99	0.0283533
135.976	-0.0351763
134.935	-0.0257283
121.486	-0.109372
137.588	-0.271466
94.4356	-0.427054
66.1814	-0.557815
47.0755	-0.643295
34.9202	-0.769949
34.4782	-1.3944
59.8552	-1.82549
90.6978	-1.55918
72.5515	-1.8064
80.1493	-1.68344
80.2941	-1.64371
111.973	-1.29782
65.9514	-1.72157
96.5739	-1.4998
77.3908	-1.76671
86.6727	-1.55277
89.1337	-1.70842
83.5365	-1.33281
108.898	-0.663824
85.1673	0.193356
107.222	0.50368
122.852	0.74785
153.555	1.11922
136.648	1.28753
128.396	1.15824
129.997	1.18146
131.209	1.08081
107.387	0.90368
111.091	0.672426
102.326	0.748251
105.301	0.517149
95.3642	0.464098
82.239	0.273121
85.2678	-0.019768
66.7024	-0.28456
56.4016	-0.560118
37.4579	-0.687384
35.9013	-0.89997
34.9169	-0.793475
34.4141	-0.818678
34.377	-0.701687
29.5075	-0.952074
31.2708	-0.881979
31.7347	-0.893235
27.7722	-0.590664
26.002	-0.573775
24.4169	-0.697374
23.3487	-0.490663
20.3202	-0.697136
22.0518	-0.52847
21.1462	-0.625222
21.7464	-0.494132
19.9595	-0.585655
18.8744	-0.661003
21.2873	-0.812787
12.4619	-0.831484
13.9273	-0.571361
16.5565	-0.439998
14.753	-0.511019
14.5025	-0.547287
13.1588	-0.718146
12.5788	-0.734564
14.0448	-0.581323
185.827	-0.205316
226.079	-0.901923
294.826	-1.81088
288.107	-2.10304
83.9127	-2.09421
121.111	-1.93965
361.589	-1.91065
549.995	-1.93901
475.14	-2.13141
433.844	-2.09194
410.679	-2.03963
399.632	-1.88586
353.543	-1.55694
255.626	-1.15926
224.386	-1.10189
239.122	-1.29142
328.344	-1.60089
486.586	-1.88704
566.751	-1.87563
593.809	-1.77614
621.711	-1.6901
614.545	-1.62667
570.284	-1.58749
507.509	-1.60171
451.36	-1.63957
411.502	-1.5512
339.415	-1.49287
299.983	-1.47808
218.93	-1.56997
159.109	-1.60698
84.9621	-1.87951
87.6661	-1.64169
150.648	-1.36921
412.351	-1.4649
638.781	-1.39211
819.75	-1.37686
1015.28	-1.13848
1573.94	-0.732436
1808.93	-0.542208
1994.05	-0.461098
1857.34	-0.613974
1483.04	-0.767638
654.426	-0.909527
125.816	-1.15026
78.3872	-0.937308
119.803	-0.521401
244.075	0.161318
233.936	0.735848
181.103	1.17559
151.629	1.00671
151.294	1.37362
203.161	1.35603
277.26	1.63225
372.72	1.30482
263.238	0.819317
199.283	-0.138894
122.109	-0.0583869
66.9177	-0.406024
57.3318	-0.45144
137.733	-0.716758
168.532	-0.833371
104.485	-1.2259
292.953	-1.44039
406.953	-1.54554
422.658	-1.57192
327.628	-1.62394
225.46	-1.92696
184.231	-1.79366
174.229	-1.43233
190.252	-1.31708
201.615	-1.29143
206.925	-1.23194
202.779	-1.35471
215.206	-1.49803
247.637	-1.665
295.181	-1.72318
359.142	-1.64366
384.406	-1.69755
331.909	-1.63129
274.494	-1.38302
435.14	-1.54378
700.123	-1.26643
710.135	-1.21565
623.13	-1.34513
580.131	-1.27462
449.182	-1.19379
400.995	-0.926725
330.064	-0.858309
224.739	-0.996907
123.352	-1.42381
88.5696	-1.69005
75.7638	-1.63413
48.0719	-1.48403
28.4934	-1.26713
23.3315	-1.08348
19.8154	-1.13745
69.9281	-1.68168
64.4667	-1.38086
76.4981	-1.47023
66.8091	-1.6017
174.604	-1.54489
154.992	-1.74214
141.75	-1.82387
139.309	-1.81024
128.784	-1.79904
122.638	-1.406
121.41	-1.46582
107.975	-1.29643
107.611	-1.24283
103.14	-1.39678
82.3644	-1.45751
87.8282	-1.35924
69.0238	-1.46784
174.976	-1.6883
365.442	-1.56615
404.155	-1.33254
580.419	-1.06991
578.093	-0.992854
602.837	-0.924546
532.192	-0.962864
446.92	-0.996088
120.145	-1.32776
111.676	-1.36613
106.243	-1.40198
150.944	-1.12973
237.432	-0.632288
279.981	-0.272906
251.188	-0.201595
265.563	-0.173042
287.708	-0.202367
336.184	-0.219972
395.182	-0.300177
432.065	-0.410491
409.83	-0.798382
372.658	-0.803734
348.046	-0.816899
358.185	-0.798068
314.72	-0.936045
237.728	-1.13207
139.357	-1.17993
133.591	-1.11077
123.565	-1.0604
116.996	-1.05278
73.6377	-1.48324
50.1698	-1.7081
44.4534	-1.20145
43.7276	-0.926331
110.928	-0.199387
123.068	-0.371214
91.3116	0.179539
70.7276	0.270893
78.5951	0.458894
66.7654	0.533998
76.8383	0.655121
65.8719	0.500989
66.6001	0.461426
42.6492	-0.454841
67.2261	-1.19608
158.985	-0.644926
168.615	-0.469665
133.682	-0.735061
70.847	-1.18319
49.1142	-1.31146
92.1152	-0.955004
88.928	-1.27144
61.7724	-1.66981
49.8237	-1.55202
115.967	-1.5831
112.012	-1.1893
57.5003	-1.70363
31.4605	-1.8682
39.6587	-1.83548
27.7124	-1.43613
28.8855	-1.3612
27.1237	-1.5694
23.0595	-1.43218
13.1794	-0.793493
16.7978	-0.551422
16.4396	-0.625625
17.0638	-0.527794
14.0169	-0.717372
16.5468	-0.872812
17.8595	-0.754427
18.362	-0.904588
16.5258	-1.01702
15.7438	-0.627659
18.4333	-0.736125
17.2961	-0.916236
20.8299	-1.08422
26.6069	-1.53066
34.9698	-1.7021
96.7841	-1.99263
588.087	-1.70713
953.596	-1.57495
1136.9	-1.37128
1154.22	-1.27407
1142.01	-1.26668
737.527	-1.25568
179.229	-1.09943
87.2136	-0.880083
180.49	0.100674
277.995	0.664799
346.828	0.917123
333.717	1.30316
274.888	0.90794
214.436	0.721236
183.375	0.347885
263.924	0.266025
209.565	0.284957
190.995	-0.0217366
413.261	-1.3558
1044.77	-1.4485
970.26	-1.55881
752.678	-1.68829
474.064	-2.09559
410.255	-1.88945
376.782	-1.80237
381.959	-1.61088
287.671	-1.54046
255.277	-1.25622
231.698	-1.4986
273.011	-1.57373
473.183	-1.58402
572.967	-1.68351
551.173	-1.91353
603.581	-1.74479
533.531	-1.94202
421.601	-2.06618
437.871	-1.63852
277.184	-1.51666
233.166	-1.04465
314.95	0.375071
270.37	0.854935
227.987	0.993606
179.744	0.892541
169.681	0.982032
128.295	0.763018
99.9712	0.794605
79.5448	0.480467
78.7196	0.318879
39.711	0.0512833
30.1059	-0.384757
26.7529	-0.563019
26.0309	-0.424492
23.3477	-0.416136
22.3418	-0.587367
26.4489	-0.435049
91.0961	-0.114954
149.1	-0.199727
92.3423	0.294832
109.663	-0.904382
235.021	-1.50761
334.691	-1.42305
363.324	-1.31576
380.357	-1.26325
383.454	-1.30144
358.527	-1.40772
371.212	-1.34555
355.154	-1.36693
279.534	-1.3173
169.791	-1.42429
148.942	-1.40841
191.996	-1.55273
279.141	-1.38337
381.968	-1.30217
393.685	-1.20369
447.715	-0.938517
462.433	-0.763837
414.938	-0.796128
462.784	-0.44328
393.777	-0.513822
377.921	-0.558427
326.849	-0.558447
314.637	-0.41703
290.098	-0.39532
297.906	-0.20907
315.906	-0.242857
361.473	-0.167629
328.774	-0.246792
373.481	0.179293
264.706	0.117519
303.395	0.265241
207.525	0.0542733
112.978	-0.0571504
80.8949	-0.263808
125.412	0.283682
249.431	0.31713
242.723	0.261838
319.407	0.242615
286.618	-0.10027
285.117	-0.304827
323.869	-0.326415
263.319	-0.482069
161.212	-0.9781
102.579	-1.50059
128.542	-1.34367
138.739	-1.28229
289.102	-0.775822
522.577	-0.784314
583.017	-0.813902
542.974	-1.12765
427.705	-1.48085
185.307	-1.88953
64.6215	-1.1215
40.1	-1.09984
29.5893	-1.0176
24.8382	-1.15016
24.4254	-0.811938
139.722	-0.329464
200.789	-0.637967
102.325	-1.65906
206.962	-1.59364
246.09	-1.68684
226.65	-1.73182
259.847	-1.5307
242.834	-1.5777
226.218	-1.64621
151.292	-2.08172
100.541	-2.39129
123.152	-2.2417
155.072	-1.80639
232.434	-1.20315
320.539	-0.650895
593.842	-0.235744
808.6	-0.282537
824.015	-0.168765
812.647	-0.0318154
718.968	0.0966275
562.419	0.158746
258.25	0.0112176
86.5871	-0.261963
49.6908	-0.530149
48.1848	-0.623873
75.8778	-0.636242
130.465	-0.627336
85.6961	-0.70547
330.873	-1.43811
881.213	-1.01486
964.859	-1.05248
820.028	-1.20839
871.349	-1.09835
712.15	-1.17592
703.443	-1.13747
464.04	-1.05658
130.545	-1.34859
63.8773	-1.53885
55.2794	-1.38817
94.6609	-1.10312
192.282	-1.58427
327.388	-1.73341
460.616	-1.70234
584.55	-1.54827
422.985	-1.77998
344.316	-1.62979
168.832	-1.99757
148.229	-2.33851
137.701	-2.22631
102.755	-2.05112
80.5529	-1.87805
93.8195	-0.999511
302.522	-0.716704
240.027	-1.54428
281.987	-1.70254
248.252	-1.52706
135.941	-1.23497
248.489	-1.04705
269.547	-1.46343
304.121	-1.47953
272.071	-1.17078
265.921	-0.958379
260.517	-0.877498
284.444	-0.734027
236.649	-0.859693
240.911	-0.992856
199.115	-1.31922
186.626	-1.37185
191.068	-1.52834
187.135	-1.53692
168.297	-1.57401
137.964	-1.97759
153.378	-1.92223
142.736	-1.91181
150.289	-1.5869
158.629	-1.3404
172.523	-1.06582
129.109	-0.975086
120.932	-1.14969
97.3079	-1.40443
86.679	-1.37783
64.3388	-1.27139
32.1287	-1.42508
26.7615	-1.2742
22.549	-1.1179
22.6442	-1.19571
77.3172	-0.907495
156.175	-1.35473
363.289	-1.02173
310.715	-1.23057
610.272	-0.896776
196.283	-1.52295
326.335	-1.70211
184.602	-1.66463
368.013	-1.43739
211.266	-1.48375
293.608	-1.65294
146.965	-1.6169
362.382	-1.35253
123.587	-1.70481
174.312	-1.81511
37.1977	-1.32105
23.7887	-1.10592
22.6445	-0.905695
24.4142	-1.08604
20.9254	-1.01079
19.0668	-1.01968
17.0653	-0.883759
70.1735	0.0597552
156.061	0.00166848
94.7373	0.293825
68.7538	0.837045
87.9863	0.79694
90.5231	0.769188
81.0583	0.83305
76.6396	0.573886
67.0956	0.430775
72.8952	0.239547
72.9868	0.323097
62.7681	0.394365
56.7114	0.498559
53.4901	0.314247
47.1317	0.0640752
39.8256	-0.254933
35.0027	-0.476823
35.7949	-1.04559
32.9268	-0.947218
20.9639	-0.557632
17.1888	-0.887104
17.525	-0.812886
19.2342	-0.613778
17.7986	-0.813481
16.3864	-0.527486
20.3126	-0.511527
22.5245	-0.711883
20.4721	-0.605105
19.6144	-0.541255
19.3757	-0.713705
19.9168	-0.562938
19.0101	-0.804436
31.3883	-0.903205
41.0731	-0.962921
28.2071	-1.08059
39.64	-1.53137
77.3106	-1.5918
90.2162	-1.65403
153.747	-1.6376
238.841	-1.39936
213.274	-1.45337
185.118	-1.27159
204.677	-1.30265
373.14	-1.5535
699.799	-1.75744
888.34	-1.36711
790.784	-1.7237
683.517	-1.72152
614.847	-1.78863
499.626	-1.8902
379.469	-1.94466
301.687	-1.73921
239.704	-1.67813
222.558	-1.52377
152.686	-1.495
68.8174	-1.42689
42.5959	-1.51561
36.46	-1.38962
29.7709	-1.27311
31.3607	-1.32672
32.318	-1.3109
66.2046	-0.656594
396.443	-0.245427
221.812	-0.79125
404.177	-1.07546
435.858	-1.26794
383.5	-1.39009
301.615	-1.59391
212.098	-1.58484
176.871	-1.73401
159.198	-1.96789
172.484	-1.90416
155.083	-1.83225
150.527	-1.66036
199.21	-1.52231
249.818	-1.4876
294.81	-1.57847
346.355	-1.52168
428.988	-1.3542
465.201	-1.19158
458.239	-1.18353
359.712	-1.3326
321.579	-1.29466
336.807	-0.852367
340.844	-0.692142
338.017	-0.589917
336.608	-0.858296
398.218	-0.92453
406.456	-1.0331
479.686	-1.14603
530.171	-1.11962
475.185	-1.15741
448.487	-0.978315
502.979	-0.788928
466.724	-0.458005
384.66	-0.315906
279.025	-0.284977
306.728	-0.277782
216.533	-0.645388
148.123	-0.84724
89.916	-0.98771
63.025	-1.08665
56.5321	-1.20547
70.5968	-1.31727
168.491	-1.15783
357.313	-1.09579
484.574	-1.06145
499.125	-0.985009
483.567	-0.862326
423.011	-0.611542
237.147	-0.885586
276.817	-0.161801
298.355	0.97185
337.595	1.35007
438.25	1.49015
430.553	1.67629
429.509	1.59397
354.78	1.48612
383.101	1.1492
273.768	0.728189
133.3	0.156954
207.276	-0.944174
491.647	-1.11422
740.288	-1.11093
916.977	-1.17427
846.39	-1.35706
699.159	-1.30807
338.666	-1.41064
244.2	-1.87382
208.898	-1.98369
180.251	-2.07592
218.973	-1.82571
243.393	-1.57305
229.867	-1.24286
203.811	-1.47763
187.11	-1.37062
188.97	-1.42222
189.356	-1.28117
139.82	-1.08184
38.4609	-1.18255
29.7601	-1.17998
31.813	-0.973145
29.3479	-0.832197
73.3498	-0.456898
156.293	-0.460312
121.36	-1.47366
485.061	-0.946982
561.456	-1.00295
515.27	-1.68393
579.231	-1.42929
841.944	-1.05358
534.945	-1.20728
794.587	-1.04111
556.432	-0.877688
507.558	-1.33426
366.422	-1.19935
239.302	-1.50735
209.914	-1.19264
156.234	-2.04187
193.902	-2.04055
118.637	-1.99593
131.567	-2.10567
104.017	-1.76567
79.8739	-2.11713
78.3525	-2.06395
10.6871	-0.794336
13.4303	-0.647943
15.6557	-0.739043
14.5609	-0.771174
13.3858	-0.719334
14.467	-0.62612
14.0099	-0.794436
13.9469	-0.683701
14.7213	-0.938285
18.5405	-0.644687
17.0824	-0.758532
17.8488	-0.836632
32.2781	-1.5873
107.498	-1.78076
110.583	-1.75546
142.587	-1.98852
99.5078	-1.91199
185.704	-1.95286
256.39	-1.8502
253.787	-1.81988
333.81	-2.08095
431.603	-1.96564
449.894	-1.94807
493.643	-1.64913
456.252	-1.47826
287.508	-1.29409
189.645	-1.20917
215.756	-0.463518
152.89	0.106171
112.911	0.219518
98.8706	0.356118
100.745	0.349474
218.873	-0.661569
595.406	-1.31326
1098.37	-1.34469
1641.66	-1.03763
1601.03	-0.87272
1689.92	-0.866876
1739.26	-0.761379
1735.54	-0.771053
1052.38	-1.29077
1052.05	-0.994904
1019.48	-0.884585
698.929	-1.0996
473.252	-1.35746
323.757	-1.53824
199.253	-1.55286
111.242	-1.83669
99.3588	-1.84327
111.932	-1.87012
175.945	-1.79712
374.488	-1.1629
467.398	-1.47839
516.937	-1.65164
476.827	-1.68538
418.043	-1.50054
358.522	-1.15178
311.816	-0.0940084
226.915	0.404162
258.864	0.969674
181.818	0.775355
144.267	0.409132
133.182	0.169722
47.8662	-0.607976
29.5486	-0.778002
27.759	-0.874695
23.978	-0.820914
23.0197	-1.03578
23.2465	-0.966087
23.9697	-0.779112
62.1048	-0.839054
82.5677	-2.18178
396.299	-1.50872
427.205	-1.40941
392.133	-2.08899
456.792	-1.61876
181.495	-2.15624
76.1699	-1.84124
37.0346	-1.80983
34.3574	-1.64863
26.9846	-1.54235
23.6964	-1.27373
20.4239	-1.15312
24.9442	-1.36402
21.0766	-1.40344
19.8065	-0.996056
21.9653	-0.962497
19.5988	-1.09266
33.7089	-0.748751
84.9448	-0.49192
59.7567	-1.66571
158.044	-2.3199
147.74	-2.31495
70.7988	-2.14276
163.955	-2.23818
213.249	-2.30727
222.93	-2.1348
169.79	-2.10381
118.128	-2.11646
120.496	-1.69783
102.283	-0.747609
120.437	-0.23152
120.405	-0.136252
121.465	0.0370035
146.024	-0.225461
146.932	-0.456442
100.318	-0.400343
79.802	-0.844615
61.0383	-0.766528
66.1482	-1.6721
74.7742	-1.9473
84.3791	-1.78675
96.9236	-1.78559
102.675	-1.94727
105.955	-1.98491
116.909	-1.84443
108.694	-1.63644
85.9696	-1.34752
82.1779	-1.35859
70.8976	-1.45111
72.9928	-1.42377
66.4362	-1.48542
69.5579	-1.5
58.0564	-1.64466
51.7631	-1.65653
44.9723	-1.71019
39.9406	-1.74697
132.868	-1.12603
136.249	-1.47943
198.973	-1.51702
208.131	-1.58905
170.668	-1.66741
239.05	-1.46136
183.846	-1.47923
209.674	-1.46785
8.26587	-0.477894
11.5937	-0.365178
14.1418	-0.493364
12.4744	-0.581535
13.0254	-0.628729
11.6848	-0.574694
13.0561	-0.494465
13.6041	-0.651652
13.3139	-0.600262
14.665	-0.693028
15.436	-0.881077
15.19	-1.14961
16.3542	-1.22162
20.8304	-1.24856
23.4994	-1.51627
23.226	-1.65367
19.0271	-1.69392
21.0052	-1.63146
22.1792	-1.84469
21.6526	-1.74579
21.9991	-1.64953
56.2421	-1.6624
168.754	-1.6592
314.693	-1.49416
398.715	-1.55945
388.504	-1.7149
402.377	-1.74316
391.649	-2.01186
472.693	-1.88227
500.754	-1.80352
495.951	-2.01896
435.245	-2.17393
234.254	-2.12924
368.928	-2.0726
656.475	-2.02183
938.781	-1.66365
1030.15	-1.66728
990.493	-1.76868
712.114	-1.78609
414.814	-1.92451
361.367	-1.52443
326.081	-0.672694
329.365	-0.0107507
259.1	0.277943
199.539	0.416289
144.787	0.478707
123.499	0.531307
126.153	0.644178
120.226	0.622647
71.4421	-0.0944594
30.7624	-0.814121
83.6362	-0.0927994
534.781	0.0643277
184.745	-0.150765
101.604	-0.479338
156.475	-1.33608
146.213	-1.53128
130.713	-0.925304
194.883	0.00181519
178.289	0.557375
146.728	1.0027
158.014	1.09077
121.535	0.827112
79.4056	0.780841
96.7191	0.895743
101.618	0.62048
112.993	0.289278
102.056	-0.123477
90.8264	-1.27931
248.766	-1.56513
431.457	-1.42162
425.603	-1.60908
359.24	-1.8013
237.436	-2.11314
170.08	-1.61214
155.687	-1.32002
163.785	-1.14283
180.598	-1.11259
159.377	-1.11981
153.221	-1.30172
212.237	-1.80001
238.049	-1.78576
283.268	-2.05391
371.087	-1.97522
410.582	-1.90898
455.382	-1.84299
389.876	-1.92383
295.31	-1.92119
166.355	-1.47572
144.404	-1.39694
156.398	-1.37397
224.364	-1.69756
246.267	-1.7509
236.134	-1.66588
198.298	-1.74068
178.275	-1.67515
180.182	-1.32198
159.748	-1.08066
130.963	-1.21192
97.174	-1.49371
79.8824	-1.51622
67.3655	-1.43302
59.3975	-1.3391
72.1044	-1.11453
137.777	-1.46826
229.773	-1.54317
293.514	-1.5903
210.972	-1.89909
101.125	-1.60726
99.5995	-1.4282
152.173	-2.03007
199.181	-2.06074
240.823	-1.90995
247.273	-1.90109
243.979	-1.91987
252.74	-1.69722
197.087	-1.81032
170.748	-1.90361
146.839	-1.75554
129.386	-1.64777
115.148	-1.72611
146.489	-1.78896
192.499	-1.83227
253.452	-1.51914
252.342	-1.75705
315.303	-1.62914
344.498	-1.60749
347.341	-1.57891
352.132	-1.47213
245.337	-1.60026
234.26	-1.59299
295.947	-1.318
195.775	-1.39344
158.049	-1.53087
124.25	-1.37651
26.1307	-1.38286
20.5232	-1.25962
20.7673	-1.21736
19.0761	-1.14096
17.1694	-1.27481
19.7085	-1.02219
15.4933	-1.01542
16.5691	-0.922274
13.4449	-0.828522
14.5128	-1.01988
14.4475	-0.912856
14.0916	-0.778427
13.3267	-0.838975
13.4743	-0.902488
83.743	-0.212568
187.362	-0.274193
99.534	-0.108688
45.2717	-0.360844
20.958	-0.77141
16.245	-0.707226
17.7306	-0.846908
24.5556	-1.18717
25.7412	-0.934474
16.2849	-0.592449
16.6148	-0.588067
12.8581	-0.674253
14.6812	-0.795098
14.8784	-0.676445
15.0863	-0.621633
14.3571	-0.677365
15.8114	-0.734782
12.7041	-0.793388
15.3239	-0.579164
13.8949	-0.731736
13.1875	-0.634822
6.61252	-0.932707
13.8699	-0.686486
13.7892	-0.536038
12.6188	-0.635603
13.6916	-0.883719
14.8626	-0.728152
12.957	-0.80169
13.245	-0.856972
14.7495	-0.771615
14.4638	-1.03551
20.7649	-1.30413
48.198	-1.2236
75.5884	-0.980385
141.044	-1.28504
251.761	-1.35976
329.909	-1.4894
383.191	-1.31091
420.53	-1.32443
486.586	-1.33326
405.017	-1.42986
410.761	-1.3878
414.8	-1.54098
530.854	-1.42106
603.72	-1.53408
773.147	-1.40142
712.599	-1.73084
662.243	-1.7624
508.503	-1.4556
238.337	-1.37341
58.0289	-1.58197
35.7891	-1.62964
30.1798	-1.6349
23.462	-1.17762
24.4184	-1.01423
91.5729	-0.716196
127.398	-0.17949
120.997	-0.393945
418.263	-0.421132
619.326	-0.519786
622.795	-0.629331
677.203	-0.679626
712.452	-0.738464
497.49	-1.01956
135.198	-1.27733
166.752	-1.35085
463.966	-1.78427
668.773	-1.94181
700.809	-1.95233
733.289	-2.07149
765.097	-1.99877
823.176	-1.7888
689.978	-1.92434
871.732	-1.51178
682.621	-1.68648
462.522	-2.06166
451.409	-2.08917
459.37	-1.97971
506.461	-1.84507
552.8	-1.8858
1087.45	-1.3261
1473.91	-0.992233
1678.35	-1.01343
1507.8	-0.90438
1385.36	-0.855546
1702.02	-0.799853
1375.24	-1.0924
1159.14	-1.12902
787.222	-1.35771
852.658	-1.01304
720.327	-0.937408
567.55	-0.982491
447.861	-1.42158
363.203	-1.47319
272.944	-1.58072
206.963	-1.65387
203.835	-1.62683
210.899	-1.69643
217.163	-1.8082
229.859	-2.02128
292.858	-2.01567
369.315	-1.83896
441.453	-1.82631
391.3	-1.8997
292.111	-1.97644
203.951	-1.8753
212.089	-1.84317
272.572	-1.73713
337.536	-1.58206
385.587	-1.62367
439.705	-1.40971
527.555	-1.20927
540.87	-1.02885
525.47	-0.859923
323.2	-0.859306
197.114	-0.573118
182.538	-0.658307
163.211	-0.649086
157.813	-0.684888
142.849	-0.845934
120.374	-0.9476
100.401	-1.08475
77.6875	-1.04673
80.6862	-1.28529
109.884	-1.25698
153.953	-1.40235
214.712	-1.63576
287.015	-1.76623
314.281	-1.84523
380.268	-1.79122
365.289	-1.83568
269.977	-2.01641
190.627	-1.84816
183.707	-1.67657
176.964	-1.61719
155.053	-1.66923
153.086	-1.61205
116.982	-0.998233
136.85	-0.0991038
139.2	0.372217
139.491	0.23116
76.9801	0.461389
68.9255	0.701841
58.0316	0.563884
54.3865	0.804
56.9506	0.71141
52.3861	0.520105
61.2944	0.489345
87.5893	0.657572
105.248	0.515199
70.1316	0.235019
86.2939	-0.402876
264.082	-0.379145
279.758	-0.562006
235.947	-0.9974
181.963	-1.23498
131.23	-1.15302
119.07	-1.19069
122.532	-1.13245
119.549	-1.0518
107.213	-1.22835
95.5999	-1.26609
75.3856	-1.42133
93.6535	-1.19546
52.1998	-1.45744
137.01	-1.24511
225.864	-1.6884
371.594	-1.73724
421.643	-1.82754
430.77	-1.76372
444.576	-1.67154
344.655	-1.61463
245.731	-1.80253
255.09	-1.86086
188.167	-1.96861
73.413	-2.17491
28.8284	-1.87143
25.6846	-1.39966
21.4247	-1.37298
20.4806	-1.359
19.2606	-1.21315
18.3391	-1.1831
58.1387	-0.666576
112.422	-1.67994
510.641	-1.20083
470.535	-1.53323
452.019	-1.23451
315.131	-1.00019
100.399	-1.10952
58.0931	-1.47644
71.8537	-1.63456
92.707	-1.43729
131.97	-1.23889
218.37	-1.12435
228.635	-1.25271
245.474	-1.37815
282.573	-1.4731
161.302	-1.83567
109.625	-1.80462
108.435	-1.30413
93.1604	-0.238785
88.3822	0.356683
74.2263	0.575641
64.7604	0.549279
82.0649	0.57621
80.9688	0.407183
99.5517	0.321392
98.0416	0.0951825
66.6279	-0.270722
69.1435	-1.65814
154.785	-1.79895
200.236	-1.82962
145.814	-1.67192
109.303	-1.99042
125.611	-2.08154
128.262	-1.94386
161.542	-1.80324
169.562	-1.47076
221.763	-1.67573
319.104	-1.4253
214.312	-1.51069
435.403	-1.15522
223.821	-1.69958
232.257	-1.49484
243.333	-1.50453
158.9	-1.77628
225.088	-1.70829
385.955	-1.4004
299.955	-1.5246
277.202	-1.53598
152.981	-1.74258
87.6802	-1.73851
38.6028	-1.47745
24.5298	-1.26462
22.8022	-1.00053
19.9141	-0.93654
17.1529	-0.979977
18.5609	-0.938787
16.3361	-0.721602
16.904	-0.939338
17.4281	-0.837196
16.4379	-0.769846
16.6836	-0.828526
17.9551	-0.816845
117.12	-0.324626
148.091	-0.363876
70.874	-0.10269
34.5732	-0.828503
34.4557	-1.06533
17.646	-0.849205
18.9638	-0.804588
23.469	-1.10499
18.527	-0.955233
18.8575	-1.04536
18.8331	-0.938177
16.4841	-0.881102
16.4414	-0.769076
15.3043	-0.854679
14.5715	-0.684937
16.6771	-0.671252
17.9205	-0.460616
15.638	-0.633434
18.2942	-0.631205
16.6923	-0.641382
16.1377	-0.549853
15.395	-0.479874
10.001	-0.611888
15.357	-0.685174
13.2963	-0.763231
15.5337	-0.831914
15.5579	-0.727096
14.9501	-0.802026
17.0752	-0.673474
15.9286	-0.478092
16.0022	-0.424078
14.5945	-0.778347
17.9596	-0.958706
21.991	-1.484
24.3246	-1.66143
27.7681	-1.72002
30.918	-1.65295
31.4662	-1.70147
45.5178	-1.75571
231.639	-1.75816
511.03	-1.44604
620.242	-1.34081
694.496	-1.27437
777.13	-1.26454
741.446	-1.36897
781.324	-1.3345
770.281	-1.22551
275.267	-1.52246
64.5682	-1.75596
52.7363	-1.93892
47.1733	-1.79148
265.792	-0.305163
329.087	-0.112098
216.356	-0.0206523
148.272	-0.414362
121.922	-0.675055
108.938	-0.487222
118.613	-0.650137
190.714	-0.933692
396.202	-1.14953
685.629	-1.34304
1055.04	-1.43986
1062.71	-1.6585
805.856	-1.8677
688.045	-1.68558
378.16	-1.82964
306.09	-2.25609
500.246	-1.82386
809.541	-1.59864
793.468	-1.70243
741.664	-1.55689
646.335	-1.29303
429.795	-1.10364
277.317	-0.246837
207.263	0.138171
169.283	0.320365
132.945	0.0915908
103.347	0.189474
89.5492	0.15071
96.3106	0.331361
140.788	0.620215
176.718	0.504372
130.583	0.221396
96.3402	-1.04094
280.668	-0.850018
360.133	-0.922031
306.736	-0.998469
262.989	-1.05991
208.067	-1.15642
157.682	-1.1021
76.54	-1.04923
31.0911	-1.3132
25.0921	-1.11932
24.0208	-1.25373
22.4884	-1.31962
19.5433	-0.978131
16.669	-1.06037
17.1758	-0.788487
130.4	-0.20708
198.252	-0.503813
160.487	-1.43904
575.757	-1.42561
807.626	-1.35388
892.319	-1.41005
841.963	-1.64923
827.751	-1.50563
707.496	-1.50137
507.86	-1.40706
118.579	-1.22972
43.8783	-1.35692
36.4972	-1.25848
34.1522	-1.47742
31.3027	-1.17542
23.7319	-1.10386
24.8082	-1.07223
127.277	-0.543545
112.991	-0.913121
75.2548	-0.525928
149.426	-0.433826
97.947	-0.600108
213.692	-1.17108
466.12	-1.10144
415.824	-1.2972
345.482	-1.43323
275.718	-1.58973
217.522	-1.55826
186.907	-1.39535
147.504	-1.16685
130.124	-1.13507
118.673	-1.18401
104.42	-1.11509
78.1004	-1.25824
57.3951	-1.41559
61.1448	-1.03503
36.2528	-1.02104
19.3842	-0.99225
175.691	-0.691696
198.525	-0.726324
144.885	-0.420457
106.841	-1.41992
463.268	-1.35562
613.08	-1.43276
620.828	-1.68016
657.874	-1.43073
612.317	-1.47193
487.782	-1.57433
408.214	-1.74799
500.125	-1.6846
611.199	-1.61483
617.199	-1.50363
550.233	-1.56463
452.274	-1.7612
405.899	-1.94977
320.846	-2.14754
175.667	-2.12848
137.022	-1.43511
135.78	-1.2018
120.432	-1.18344
114.923	-1.17771
107.035	-1.16402
105.062	-1.19939
82.3979	-1.33525
71.8616	-1.37866
62.0582	-1.53614
53.353	-1.28859
48.0839	-1.27527
39.4301	-1.00663
31.8325	-0.90359
32.7535	-1.12683
25.0032	-1.21579
31.6209	-1.43189
53.0748	-1.68309
54.5477	-1.87421
37.619	-1.70355
68.3625	-1.94253
95.3957	-1.90271
79.7118	-2.12163
83.917	-1.94043
80.7021	-1.92451
79.4318	-1.47699
66.4762	-1.46959
61.8617	-1.60406
77.4069	-1.29068
66.423	-1.51603
85.2241	-1.25996
59.7634	-1.49136
59.2526	-1.44883
77.1823	-1.27175
65.8342	-1.49676
73.7825	-1.14484
86.4698	-1.08781
93.8186	-1.10921
83.1971	-1.21215
85.8796	-1.31528
104.213	-1.29577
147.282	-1.63582
158.965	-2.09573
166.096	-1.9819
173.362	-1.93602
240.673	-1.88371
191.475	-1.93013
207.491	-1.84555
206.302	-1.91924
164.823	-1.72914
211.823	-1.80939
130.919	-1.63869
121.512	-1.81023
96.5389	-1.64519
68.3012	-2.08593
54.1725	-1.81519
49.8086	-1.96634
45.8592	-1.82569
32.6357	-2.07096
36.3506	-2.03655
37.9057	-1.82999
30.9163	-2.06729
34.0377	-1.9731
10.6938	-0.753297
13.8952	-0.635451
14.0208	-0.723541
15.1855	-0.654948
14.3343	-0.606226
14.5741	-0.668785
16.2235	-0.63714
16.2752	-0.651847
17.5942	-0.775041
17.3905	-0.681964
15.5546	-0.642253
18.0158	-1.0354
33.2692	-2.11292
88.0009	-2.17164
164.383	-1.51264
415.787	-1.56355
528.208	-1.67324
619.783	-1.5663
738.458	-1.26775
716.116	-0.966329
390.23	-1.37517
218.293	-1.37015
197.06	-0.837785
207.178	-0.441556
189.416	-0.545087
204.676	-0.732798
270.194	-0.817314
268.409	-1.22197
275.495	-1.3342
241.182	-1.32911
184.842	-0.8995
178.199	0.0692329
126.36	0.29947
123.326	0.309551
88.8882	0.273566
34.9864	-0.300039
19.6779	-0.707802
18.3279	-0.748194
28.2922	-0.64986
57.6893	-0.868349
130.178	-0.850723
150.746	-1.0833
699.824	-1.13565
1092.45	-1.04226
1168.11	-0.998686
829.858	-1.12159
190.683	-1.32621
53.4933	-1.58194
44.4868	-1.56206
39.8676	-1.39253
31.2869	-1.33728
32.4711	-1.15855
82.1561	-0.977748
309.004	-1.86403
684.62	-1.82775
848.596	-1.87914
933.017	-1.84518
1001.5	-1.62541
917.419	-1.49939
670.766	-1.25641
447.118	-1.08669
287.02	-0.900724
279.42	-0.510598
212.433	-0.460148
115.776	-1.00871
104.653	-1.50064
141.515	-1.54623
151.25	-1.72066
178.597	-1.52446
212.741	-1.51293
234.108	-1.40605
427.639	-0.841644
885.04	-1.0009
791.156	-1.12024
915.505	-0.949756
1027.61	-0.913457
1402.34	-0.787454
1341.67	-0.98866
1138.72	-1.15038
948.263	-1.17823
733.374	-1.33301
679.96	-1.44185
804.635	-1.38707
1012.31	-1.37792
1281.74	-1.27914
1175.83	-1.42757
639.724	-1.44735
129.627	-1.48345
622.998	-1.5299
1114.71	-1.54146
1293.96	-1.47852
1240.57	-1.56866
1082.61	-1.63879
846.557	-1.65838
482.087	-1.6943
353.573	-1.42937
282.997	-0.228112
261.041	0.480419
268.028	0.708707
250.653	0.705578
169.186	0.665005
148.774	0.676709
120.912	0.76536
130.222	0.653706
120.239	0.51371
125.697	0.742303
150.095	0.623602
148.441	0.449297
89.1103	-0.0389526
118.329	-0.831176
425.177	-1.35967
618.418	-1.35922
509.602	-1.61561
506.071	-1.63962
515.191	-1.57389
517.06	-1.59425
478.561	-1.56072
302.189	-1.47524
274.066	-1.26681
325.786	-1.29977
374.614	-1.4167
495.079	-1.48066
626.134	-1.52651
660.362	-1.61025
632.603	-1.68049
616.093	-1.66098
447.978	-1.86453
417.499	-1.92441
402.893	-1.88147
375.335	-1.81061
330.497	-1.86301
327.898	-1.82628
374.572	-1.69544
355.318	-1.66501
330.291	-1.7203
251.594	-2.03994
221.651	-2.20492
212.879	-2.23057
213.404	-2.1703
140.452	-2.17798
83.1106	-1.98136
164.132	-1.7136
327.47	-1.40358
389.433	-1.17185
367.426	-1.1218
274.1	-1.15561
259.718	-0.943986
269.383	-0.65691
164.825	-0.725266
58.4247	-0.968705
30.4812	-1.56291
29.0445	-1.28631
26.9505	-1.2753
22.7066	-1.36056
24.0039	-1.14316
25.2203	-1.29786
88.1326	-0.214017
153.767	0.106919
73.4324	0.746849
151.414	-0.0621031
98.0922	-0.161447
156.827	-0.93196
174.372	-1.22474
228.436	-1.04718
249.318	-1.11621
221.165	-1.22791
216.96	-1.27851
233.453	-1.17874
89.5406	-1.5854
260.301	-1.29422
197.561	-1.13675
117.571	-1.39946
142.711	-1.16993
39.9222	-1.06223
111.941	-1.53127
76.3063	-1.23242
21.9567	-1.04378
19.3126	-0.803419
17.9308	-0.886144
20.5922	-0.740008
17.2504	-0.716778
16.5318	-0.682512
18.8494	-0.961222
17.0471	-0.9225
14.6733	-0.746289
13.6597	-0.690354
14.5146	-0.790173
13.2276	-0.868599
17.4001	-0.679765
19.5987	-0.543738
16.6775	-0.847411
16.4918	-0.817422
19.863	-0.947514
18.7897	-0.944226
19.2297	-1.14595
40.3987	-2.00974
100.165	-2.22667
106.008	-1.97759
131.177	-2.24184
336.739	-1.52738
454.873	-1.4962
493.931	-1.57063
533.331	-1.44456
482.224	-1.5301
420.89	-1.58567
310.626	-1.36852
251.929	-1.12832
284.09	-0.376568
257.504	0.128838
199.224	0.351862
180.637	0.686223
162.703	0.83658
148.164	0.760945
161.146	0.144433
266.036	-0.544159
424.695	-0.953355
599.831	-0.965358
676.093	-1.11727
707.524	-1.20425
641.677	-1.26937
534.14	-1.42259
316.811	-1.56574
217.072	-1.14444
261.903	-1.30788
453.565	-1.53482
588.876	-1.58757
650.485	-1.7039
648.247	-1.79384
812.596	-1.50351
913.779	-1.32226
862.753	-1.23157
580.722	-1.21588
516.812	-0.901793
396.115	-0.663268
385.771	-0.568498
314.43	-0.765616
250.054	-1.09441
163.598	-1.13751
83.8092	-1.62873
59.2365	-1.76685
53.8587	-1.70624
54.1807	-1.6703
67.9651	-1.57121
116.982	-1.55805
159.195	-1.51105
180.245	-1.60296
225.465	-1.43827
261.233	-1.45379
228.705	-1.56034
249.183	-1.3545
276.851	-0.733409
188.05	-0.346488
168.784	0.526984
154.051	0.801002
170.822	0.878311
152.706	0.740179
123.709	0.826888
128.384	0.882921
112.308	0.932023
136.89	0.94499
138.836	0.718998
60.7326	0.0583588
22.9622	-0.588665
23.0539	-0.581
20.6758	-0.519199
17.404	-0.475948
16.4145	-0.711645
89.1915	-1.15582
104.491	-0.997364
49.4681	-0.313578
76.5549	-1.38789
195.141	-1.61451
295.396	-1.41154
372.487	-1.42983
461.077	-1.273
518.217	-1.219
535.341	-1.21937
525.526	-1.16963
392.468	-1.23737
322.848	-0.736804
318.175	-0.234599
283.969	-0.367195
285.077	-0.546106
344.987	-0.675318
474.852	-0.894202
743.232	-0.79032
987.518	-0.692059
1001.81	-0.86964
868.234	-1.0896
663.019	-1.41797
649.885	-1.18877
506.907	-1.16321
441.593	-0.727837
302.208	-0.452638
206.373	-0.603033
198.085	-0.656324
186.363	-0.689223
169.375	-0.794096
153.655	-0.972047
126.117	-1.14847
95.8337	-1.20076
105.698	-1.36941
196.612	-1.32065
341.572	-1.31571
627.245	-1.27636
776.835	-1.41378
822.199	-1.37732
806.84	-1.32067
743.981	-1.26436
548.551	-1.31479
255.945	-1.71974
259.244	-1.77611
264.114	-1.74355
186.991	-1.72524
155.856	-1.21526
150.59	-1.02493
181.513	-0.840035
203.068	-0.808483
225.429	-0.682
228.316	-0.587981
271.88	-0.828606
310.559	-1.3476
331.256	-1.54128
279.369	-1.96614
274.514	-2.0556
327.368	-1.95003
372.876	-1.74939
326.058	-1.53689
247.684	-0.995383
255.179	-0.979332
393.69	-1.40281
474.771	-1.42664
434.071	-1.29006
348.206	-1.36245
272.758	-1.44743
151.695	-1.48028
60.5675	-1.52966
42.7143	-1.2467
26.9003	-1.04924
42.7044	-0.977067
86.2016	-0.908013
119.201	-0.408696
224.395	0.532884
288.679	0.973749
213.021	0.984205
227.274	0.641686
175.219	0.738316
149.999	0.460286
125.141	0.359539
82.6543	0.007311
57.4551	-0.364312
83.9778	-0.91957
286.849	-0.726026
366.482	-0.657445
322.412	-0.811992
274.862	-1.01589
276.355	-0.898373
225.963	-1.18795
220.16	-1.3003
285.835	-1.16126
269.777	-1.29317
263.202	-1.39529
232.972	-1.56346
228.944	-1.62806
202.664	-1.74582
174.607	-1.71796
127.322	-1.72224
84.6932	-1.58358
73.8426	-1.39545
60.5277	-1.53393
62.0133	-1.47759
48.1684	-1.48172
43.1022	-1.43773
35.5203	-1.4639
32.3517	-1.20273
18.8232	-1.32469
16.1776	-1.14424
16.3581	-0.890643
16.596	-0.919354
14.8983	-0.874899
42.4776	-0.565759
148.66	-0.638469
178.736	-1.24024
430.096	-1.14667
214.783	-1.4969
168.829	-1.62675
307.293	-1.35576
572.119	-1.3239
208.316	-1.61154
330.68	-1.67266
162.642	-1.53076
160.609	-1.32779
178.356	-1.32102
235.246	-1.36412
337.437	-1.22899
219.73	-1.77337
174.98	-1.37772
176.006	-1.56521
128.201	-1.16019
221.61	-1.26399
78.2251	-1.11271
21.4618	-1.11208
19.9368	-1.01643
37.3065	-1.02106
21.7995	-1.18512
25.8579	-1.25398
20.4161	-0.909453
16.0993	-0.859327
16.3042	-0.84799
17.2232	-0.921095
9.4957	-0.489341
13.8621	-0.816952
14.4615	-0.700865
14.7563	-0.558012
13.5634	-0.584592
12.8068	-0.753942
16.5393	-0.84507
13.7315	-0.694157
12.9803	-0.703502
14.5555	-0.638085
13.8905	-0.748284
20.6184	-0.212673
95.8536	-0.237519
41.2119	-1.00742
42.5267	-1.85626
182.588	-1.75244
344.027	-1.13051
373.46	-1.39263
176.017	-1.88756
30.1547	-1.60032
24.8967	-1.43057
100.203	-0.149714
185.903	0.375585
138.534	1.05397
192.191	1.03711
214.059	0.991518
91.5117	0.376669
31.1856	-0.33305
19.5653	-0.663756
19.9483	-0.417257
21.947	-0.502732
19.0588	-0.757104
32.4069	-0.295692
121.042	-0.486808
417.321	-1.57068
961.931	-1.52324
814.32	-1.75137
643.763	-1.58743
479.703	-0.923061
283.62	0.223948
199.498	0.158253
204.426	0.489674
173.524	0.323061
192.046	0.067776
287.807	-0.67713
403.202	-1.21913
427.235	-1.70361
498.98	-1.54088
399.149	-1.57638
334.714	-1.31048
283.175	-0.642413
230.608	-0.0842787
201.136	-0.00608931
245.21	0.19168
262.356	-0.0447204
306.147	-0.588612
454.1	-0.823554
811.635	-0.823537
1268.47	-0.741291
1446.42	-0.843629
1591.93	-0.965194
1443.9	-1.13646
1082.96	-1.38456
430.826	-1.70888
73.6474	-1.46718
49.0264	-1.44818
50.1854	-1.19008
47.8982	-0.944646
35.1058	-1.02693
34.0626	-0.812882
101.565	-0.745331
265.362	-1.8762
826.088	-1.38554
903.642	-1.20667
939.95	-1.25237
731.346	-1.40781
396.564	-1.61028
290.349	-1.88262
196.184	-2.07504
150.975	-1.97267
94.9386	-1.83973
43.3155	-1.6127
29.1682	-1.40275
28.8941	-1.00358
24.9472	-1.1342
24.4924	-1.07707
35.1302	-1.37483
43.7577	-1.59386
30.1055	-1.73919
66.6277	-1.85219
112.889	-1.59429
126.229	-1.85649
132.491	-1.84633
149.571	-1.31126
124.016	-0.634019
107.806	0.134949
155.197	0.518891
169.959	0.91416
116.097	0.985039
82.8822	0.760692
59.7961	0.648025
35.7983	0.423585
28.3991	-0.305375
22.2515	-0.421647
27.7692	0.0587741
123.345	-0.275973
93.2595	-0.296406
217.482	-1.6142
672.161	-1.4973
764.137	-1.26186
725.329	-1.02846
623.265	-1.08826
454.904	-1.2188
148.255	-1.36901
38.3742	-1.5558
33.9003	-1.6813
35.9241	-1.59903
32.5074	-1.53563
28.4784	-1.46256
39.009	-1.35525
162.136	-0.882348
265.42	-1.46487
528.275	-1.16517
723.335	-1.42706
718.303	-1.48665
621.215	-1.50743
509.216	-1.42511
457.916	-1.50822
435.606	-1.59239
352.492	-1.68577
218.9	-1.86679
122.59	-1.99596
97.0124	-1.78117
89.9942	-1.84564
99.8446	-1.62517
143.653	-1.72525
229.366	-1.75508
340.862	-1.54164
419.038	-1.29019
415.166	-1.21403
381.105	-1.35428
301.833	-1.54701
196.14	-1.78189
124.815	-1.89283
94.6932	-1.94819
97.2266	-2.00195
76.2984	-2.03507
80.728	-1.93295
69.748	-1.87448
48.155	-1.78015
38.8708	-1.37549
22.2442	-1.27621
17.3981	-1.4619
18.2431	-1.28138
21.8702	-1.13916
76.0732	-1.15361
86.0107	-1.17372
41.3773	-1.32748
19.0983	-1.26975
26.7874	-1.76706
77.6924	-1.87229
121.366	-1.58763
137.309	-1.38193
131.486	-1.50619
127.679	-1.53401
124.898	-1.60473
118.178	-1.75312
105.833	-1.85027
100.101	-1.98657
104.333	-1.8895
85.4497	-1.83332
81.4788	-1.66771
54.3206	-1.71131
57.1058	-1.71333
21.9277	-1.4285
16.1932	-0.943995
19.4019	-0.761087
19.516	-0.773862
18.9969	-0.852851
19.4061	-0.814303
23.0291	-0.73001
80.9682	-1.63305
293.408	-1.56659
564.786	-1.20798
560.99	-1.50446
405.15	-1.79298
405.035	-1.49629
322.126	-0.791128
304.003	-0.564831
223.778	-0.500422
173.758	-0.619717
218.667	-0.704531
299.358	-1.10208
487.917	-1.40892
666.694	-1.56805
694.189	-1.55378
636.937	-1.42221
345.351	-1.59089
240.425	-1.39497
127.41	-1.80514
121.555	-1.57856
82.0451	-1.57294
48.1135	-1.39005
36.3499	-1.07097
155.78	-0.181368
93.6342	-0.083908
114.907	-0.141425
355.008	-0.492897
757.418	-0.529788
793.672	-0.617327
376.629	-0.923985
299.267	-0.0778683
203.96	0.449349
106.971	0.399257
79.8559	0.192583
64.9427	-0.245343
45.1981	-0.308367
40.0979	-0.301406
122.46	-0.0463955
151.642	0.476988
134.049	0.123723
268.057	-1.47311
786.807	-1.48294
877.593	-1.5228
754.727	-1.58189
469.157	-1.51676
314.506	-1.25155
225.55	-0.951682
202.383	-1.01822
181.816	-0.979089
149.74	-1.1463
144.675	-1.06824
125.82	-1.0978
130.705	-0.944994
99.5636	-1.04174
180.508	-0.899562
355.973	-0.931673
575.829	-1.00063
726.198	-1.00078
628.385	-1.12359
305.249	-1.39318
84.7356	-1.52195
35.8444	-1.64421
33.7391	-1.27397
32.8673	-1.24631
25.5589	-1.15706
24.7088	-1.07966
24.654	-0.805836
28.1305	-1.0631
114.409	-0.911761
325.907	-1.03314
657.054	-0.52098
813.903	-0.227723
824.382	-0.0971341
791.046	-0.177295
498.899	-0.504434
185.789	-1.05915
161.816	-1.16288
153.9	-1.15712
153.791	-1.18115
184.76	-1.04334
195.341	-0.983022
371.171	-0.288213
476.644	-0.158107
534.643	-0.146309
641.613	-0.250516
800.034	-0.494612
966.453	-0.733404
1194.88	-0.873205
1205.62	-1.13818
1137.5	-1.35194
1093.9	-1.4328
1056.82	-1.40182
945.764	-1.56823
767.499	-1.65553
523.75	-1.78056
322.252	-1.88828
296.312	-1.85217
438.869	-1.7967
710.017	-1.63725
880.659	-1.71465
1099.1	-1.5309
1075.05	-1.46007
811.218	-1.5938
460.427	-1.81034
224.201	-1.56992
219.651	-1.38548
219.326	-1.44334
194.737	-1.35328
198.004	-1.30597
174.609	-1.30955
148.797	-1.30506
542.654	-1.23891
885.621	-1.15892
877.456	-1.16866
449.539	-1.43716
208.037	-1.29703
217.797	-1.1887
224.644	-1.03084
249.986	-0.906199
269.888	-0.766344
233.423	-0.906395
264.024	-1.28744
274.146	-1.55478
297.384	-1.47988
229.016	-1.52698
139.205	-1.65502
277.578	-0.504488
198.006	0.542634
196.018	0.88394
173.564	1.03901
152.683	1.1184
127.213	0.587469
40.6638	-0.355058
24.9955	-0.435363
22.5403	-0.57514
21.7556	-0.66439
134.828	-0.369508
127.654	-0.402985
110.307	-0.729681
418.422	-1.61741
662.056	-1.66029
339.919	-1.7454
570.316	-1.64553
737.585	-1.72832
818.785	-1.74616
776.875	-1.84564
926.943	-1.56339
1342.36	-1.35095
1174.31	-1.56958
863.427	-1.63326
583.203	-1.5889
314.638	-1.4555
98.6252	-1.60689
47.3788	-1.75398
44.3155	-1.41439
42.3002	-1.2722
36.5206	-1.51053
33.0521	-1.23269
108.213	-0.966967
286.682	-0.787959
74.0728	-1.19575
370.952	-1.65592
537.927	-1.4169
494.399	-1.49868
614.889	-1.35621
546.132	-1.60455
637.77	-1.52656
743.964	-1.28296
582.478	-1.36728
593.995	-1.40226
375.219	-1.81811
182.595	-1.97299
114.376	-2.1735
48.9458	-1.60973
32.9711	-1.27449
27.5677	-1.12087
24.055	-1.10668
25.7736	-1.04324
23.4306	-0.768702
22.2831	-0.914778
21.5226	-0.986655
20.6238	-0.93091
18.5412	-0.87432
19.1722	-0.882406
