0.823851	-0.205023
1.00753	-0.180921
0.979876	-0.1278
0.941238	-0.077244
1.02706	-0.418266
0.83228	-0.246956
1.06919	-0.264373
0.694345	-0.270367
0.814276	-0.246683
1.07835	-0.35011
1.02247	-0.200557
1.00539	-0.342403
1.09495	-0.467559
1.09086	-0.405855
0.863723	-0.391811
1.84839	-1.7046
2.27422	-2.53273
1.75938	-1.41943
2.64896	-2.92915
2.47745	-2.62877
2.07836	-2.16034
2.14309	-2.38044
1.95611	-2.2021
2.6203	-3.21688
2.46131	-2.85219
2.27245	-2.49061
2.42704	-2.89121
2.3957	-2.95782
2.59106	-3.35681
2.70027	-3.42831
2.82864	-3.54392
2.79465	-3.60426
2.9292	-3.80052
2.57194	-3.24017
2.69636	-3.38296
2.56703	-3.24961
1.81162	-1.6586
2.09217	-1.83358
1.87767	-1.70803
1.7095	-1.67502
1.67804	-1.69697
2.05034	-2.26292
1.98612	-2.33246
1.47634	-1.62911
1.64877	-1.87693
1.39106	-1.45861
1.11469	-1.09047
0.616843	-0.61286
0.726135	-0.962552
1.06899	-1.53327
0.779896	-1.25052
0.36092	-0.87967
0.295166	-0.830376
0.281405	-0.878414
0.336013	-0.952196
0.36939	-0.982924
0.546804	-1.1721
1.00864	-1.53914
1.16114	-1.4627
0.904133	-1.02282
1.23228	-1.37097
1.65417	-1.97903
1.83344	-2.4114
2.01786	-2.71562
2.05755	-2.7447
2.20209	-2.94665
2.32015	-3.09231
1.817	-1.98735
1.78124	-1.49522
1.94188	-1.66626
1.66006	-1.22925
1.51699	-1.11385
1.43518	-0.982143
1.11107	-0.728778
0.94556	-0.806468
0.458419	-0.440301
0.0889621	-0.410192
-0.358738	-0.292688
-0.379915	-0.54059
-0.0809162	-0.557126
0.127143	-0.746704
0.0583392	-0.543791
0.257389	-0.483029
0.413594	-0.396407
0.349276	-0.300824
0.564273	-0.529769
0.992461	-1.02886
1.30821	-1.44133
1.55423	-1.66156
2.0701	-2.11631
1.78095	-1.81297
1.83963	-1.66271
1.8464	-1.70071
1.3952	-1.01904
0.249962	-0.325411
0.271825	-0.357637
0.201778	-0.265192
0.304235	-0.255063
0.192921	-0.00559539
0.0042856	0.203545
0.114432	-0.144077
0.540463	-0.574207
0.610961	-0.326192
1.00095	-0.737224
0.820687	-0.699626
2.3379	-2.51771
2.6952	-2.80537
2.20716	-2.23553
0.497194	-0.79471
0.884812	-0.971691
1.62239	-1.39129
2.44743	-2.63365
2.67507	-2.97563
2.02951	-1.8522
1.55668	-1.28424
0.983751	-1.00267
0.948153	-1.02525
0.591813	-0.305904
0.32645	0.0545017
0.156977	0.12847
0.0505947	0.227297
0.255747	0.176839
0.675019	0.506562
0.85216	0.352446
0.97709	0.550175
0.822992	0.177789
0.885593	0.0117596
0.627305	-0.29256
0.619328	-0.400992
0.792051	-0.343514
0.961243	-0.410574
0.903322	-0.15792
1.06196	-0.341573
0.870505	-0.323541
0.915108	-0.468526
0.706285	-0.344013
0.456486	-0.374638
1.00556	-0.663598
1.47626	-1.65335
1.55742	-1.78618
1.25205	-1.49462
1.08228	-0.82076
0.466381	-0.299569
0.625631	-0.447681
1.25304	-1.05033
1.14544	-0.924771
1.33395	-1.21108
1.38933	-1.25482
1.6528	-1.56596
1.59621	-1.52101
1.10881	-0.859278
1.10045	-0.714767
1.50717	-0.925536
1.58636	-0.777543
2.05401	-1.30051
2.17799	-1.32588
2.16853	-0.959579
2.196	-1.24059
2.39325	-1.34328
2.39189	-1.17633
1.53683	-0.643057
1.60447	-1.02092
1.25369	-0.713285
1.32999	-0.893705
1.47175	-0.994127
1.6657	-1.33741
1.22597	-0.800902
0.797835	-0.531687
0.6034	-0.397075
0.901596	-0.752289
1.07793	-0.99159
1.4409	-1.56298
1.19535	-1.30077
1.24792	-1.48454
1.30725	-1.41685
1.51358	-1.36874
1.7372	-1.47433
1.98183	-1.73512
2.06618	-1.35174
1.50012	-0.863989
2.12908	-1.49408
3.31244	-2.95019
2.10643	-1.29434
1.65445	-1.05948
1.59591	-1.09511
2.52642	-1.88328
2.02436	-1.22161
1.91123	-0.908421
1.89623	-1.35506
1.44049	-0.757831
1.47633	-0.885905
1.14335	-0.64375
1.25344	-0.78433
1.30969	-0.981785
1.18709	-0.566491
1.14355	-0.433744
1.0008	-0.257032
0.951182	-0.0323559
1.18915	-0.2812
0.957845	-0.311847
1.16762	-0.622503
0.948058	-0.166124
0.998505	-0.274882
0.995257	-0.27152
1.03758	-0.0786195
0.636385	-0.294187
0.590331	0.118048
0.735855	0.0679027
1.11144	-0.274528
1.16368	-0.244239
1.086	-0.551453
0.789717	-0.203903
0.908904	-0.564987
1.03465	-0.539355
1.01919	-0.209945
0.912165	-0.0914793
0.889394	-0.227138
1.04846	-0.513738
0.634453	-0.824571
1.51416	-1.24823
1.13423	-0.723828
0.839142	-0.300789
0.277122	0.254493
0.837114	0.0564091
1.31974	-0.435448
1.34142	-0.802051
1.45972	-0.948577
1.50632	-1.15769
1.72812	-1.45574
1.4341	-1.10746
1.42693	-1.20811
1.54191	-1.4924
1.44368	-1.56662
1.22743	-1.433
1.17921	-1.51014
1.2425	-1.74502
1.35552	-1.99446
1.33691	-2.12557
1.25872	-2.0049
0.926859	-1.60984
0.537681	-1.18145
0.577143	-1.13054
0.596017	-1.01539
0.735616	-0.992559
0.864372	-0.866107
0.921264	-0.710962
0.951696	-0.630383
0.898711	-0.527936
0.855886	-0.477586
0.968552	-0.620428
0.981063	-0.857357
1.32467	-1.2559
2.57784	-2.62547
2.82863	-2.43269
1.7972	-1.31925
1.79206	-1.68888
2.09361	-1.71365
2.77766	-2.5105
1.61302	-1.10077
2.01385	-1.42748
2.39758	-2.18215
1.96345	-1.66426
1.69983	-1.33757
1.50707	-1.11748
1.3232	-0.934166
1.37538	-1.01098
1.20918	-0.71596
1.1722	-0.622737
1.27844	-0.70343
1.3296	-0.701158
1.39552	-0.717645
1.67686	-1.08412
2.02692	-1.68401
1.69817	-1.24197
1.53761	-1.1891
1.54075	-1.32635
1.52944	-1.49153
2.13369	-2.4512
2.2082	-2.71825
2.20252	-2.72046
2.27116	-2.79516
2.42175	-3.02691
2.24424	-2.62877
2.26863	-2.71381
2.04183	-1.81486
1.34224	-0.777146
1.38147	-0.934424
1.66292	-1.41401
2.13276	-2.18908
2.16459	-2.52686
2.57844	-3.3107
2.63188	-3.29281
2.35189	-2.84539
1.96241	-2.17204
2.18848	-2.38681
2.03958	-2.09815
2.19066	-2.21598
1.14523	-1.03839
0.951979	-0.873717
1.05201	-0.708846
1.10618	-0.803668
1.08235	-0.541889
1.11614	-0.334838
0.641873	-0.436051
2.31253	-2.18515
1.81484	-1.36761
2.29218	-1.80674
3.6373	-4.17563
2.84607	-2.39015
1.66901	-1.1006
1.45344	-0.983341
1.5566	-1.20498
1.03525	-0.911776
1.14512	-0.620627
0.960485	-0.680681
1.18597	-0.668749
1.74692	-1.05363
0.921296	-0.398704
0.850146	-0.352069
0.864962	-0.373904
1.15267	-0.615224
1.23879	-0.729806
1.05725	-0.523651
0.902272	-0.784484
0.963009	-0.691316
0.953671	-0.340937
0.915259	-0.330387
0.886139	-0.372726
1.23981	-0.950552
1.94725	-1.49114
1.44143	-0.594019
2.04379	-1.74792
0.881979	-0.397929
0.69647	-0.63042
-0.358887	-0.116231
-0.131816	-0.233161
0.189085	-0.116871
0.517689	0.261067
1.10598	0.739889
0.925596	0.400271
1.03847	0.61386
0.980182	0.490145
0.729989	0.195093
0.289453	-0.346654
0.865003	-0.913225
0.594581	-0.955683
1.06627	-1.31255
0.970829	-0.745438
0.93574	-0.966626
0.569897	-0.530333
-0.330288	-0.0510421
-0.437939	-0.00193197
0.146176	0.350648
0.357707	0.244969
0.560864	0.122545
0.766218	0.0344024
0.584147	0.0705882
0.461794	0.0366426
0.492812	-0.0743085
0.910149	-0.779728
0.881803	-0.607173
0.86627	-0.764328
2.25667	-1.83421
3.06822	-2.74854
3.57776	-3.6286
3.459	-4.08818
2.36905	-2.80175
2.40986	-2.87939
2.34703	-2.64988
1.78372	-1.70773
0.987831	-1.12272
0.410997	-0.889937
0.21903	-0.974256
0.412103	-1.17538
1.38023	-1.66926
2.02577	-2.20939
2.6496	-3.20814
2.20523	-2.45556
1.83658	-2.02845
1.79609	-1.83867
1.5531	-1.49412
1.17045	-0.903938
1.21212	-1.09321
1.04635	-0.730142
0.939693	-0.728352
1.23231	-0.569387
1.27881	-0.69898
1.19922	-0.20337
1.08778	-0.492719
1.86328	-1.70165
2.47606	-2.86764
2.19927	-2.10779
2.61696	-2.35093
2.68385	-2.24829
2.0065	-1.35636
1.28501	-1.11287
1.38829	-1.17426
0.636982	0.0960801
0.452859	-0.154515
0.921266	-0.554771
1.07531	-0.793263
1.20109	-0.883948
1.13534	-0.697643
1.00911	-0.43684
1.50944	-1.11401
0.882202	-0.403675
1.95941	-1.4774
2.57454	-2.20039
2.84308	-2.70694
2.30465	-1.93601
2.41788	-2.17223
2.07565	-1.64249
2.12563	-1.67589
2.23514	-1.87768
2.46661	-2.29859
2.62792	-2.56122
2.32795	-2.73406
2.42747	-3.01993
2.10065	-2.30541
2.14152	-2.10216
1.72404	-1.26123
2.19179	-1.80784
1.84968	-1.20003
1.49314	-1.11675
1.04823	-0.988939
1.12601	-0.801153
1.03163	-0.801517
0.926606	-0.531884
0.863833	-0.743541
0.955855	-0.692085
0.847264	-0.25358
1.03992	-0.162191
1.09051	-0.322869
0.908961	-0.182803
0.868855	0.00199816
1.01038	-0.217158
0.923727	-0.155048
0.989436	-0.200524
0.886768	-0.352503
0.967179	-0.408197
0.799839	-0.171282
0.399679	-0.254915
0.643808	-0.253225
1.03957	-1.072
0.92777	-1.09719
0.863661	-0.932672
0.50699	-0.638828
0.000716995	-0.286625
-0.152907	-0.0201246
0.122806	-0.067407
0.210991	0.143749
0.357887	0.534019
0.479528	0.513871
0.804945	0.212032
0.620451	0.0748792
0.532649	-0.047513
0.614475	-0.208997
0.400881	-0.0336002
0.759253	0.135942
0.696603	0.119415
0.685769	0.0519534
0.975593	-0.566198
2.28106	-1.83193
2.06823	-1.50094
2.14325	-1.54612
2.03735	-1.37414
1.93834	-1.20964
1.85828	-1.15758
0.0329609	-0.0855694
-0.250176	0.217351
0.192673	0.30301
0.368693	0.439636
0.202282	0.370964
0.433669	0.509409
0.260342	0.047821
0.23504	-0.428457
0.862723	-0.732153
1.28702	-1.2307
0.898369	-0.735717
1.32696	-1.11965
2.03941	-2.25323
2.2928	-2.56716
2.5178	-2.70608
2.1665	-2.17613
1.81548	-1.62231
1.84677	-1.41706
1.86902	-1.46085
2.08285	-1.69369
2.44154	-1.99506
2.25286	-1.57467
1.92594	-1.11104
2.02058	-1.23017
1.76019	-0.856466
1.48238	-0.457797
1.54585	-0.7508
1.12565	-0.66581
0.640789	-0.135268
1.1908	-0.575996
0.955071	-0.0252641
1.72065	-1.15349
2.52973	-2.54515
3.0864	-3.27924
2.8577	-3.02604
2.20181	-1.89365
1.87761	-1.38911
1.85067	-1.36622
2.17534	-1.76356
1.47422	-1.02506
1.26956	-0.895015
0.677157	-0.617267
0.817787	-0.160449
1.03558	0.0511677
1.08127	0.173309
1.11296	0.0553899
1.16004	0.114852
1.06137	0.235803
0.912607	-0.542088
1.06319	-0.511287
1.15426	-1.59764
0.916615	-1.40502
1.06838	-1.46167
1.07895	-1.32062
1.08543	-1.30722
1.25732	-1.31183
1.51875	-1.33817
1.57618	-1.22065
1.41474	-0.687012
1.74036	-1.08076
1.64996	-1.15812
2.02239	-1.37744
1.7814	-1.44332
1.45023	-1.00036
1.52987	-1.05551
1.84301	-1.74461
2.1082	-2.37869
2.10005	-2.38321
1.30534	-0.789473
0.830182	-0.963966
0.675453	-0.919805
0.757593	-1.03196
2.21811	-1.98189
2.13926	-1.92827
2.15926	-1.86832
2.06446	-1.93171
2.45422	-2.43877
2.27123	-2.31536
2.03275	-2.01023
1.75655	-1.73805
1.51502	-1.61723
1.02886	-1.2354
0.545649	-1.01517
0.288573	-0.957141
0.179845	-1.03617
0.334973	-1.24743
0.563706	-1.42287
0.850898	-1.59734
0.97818	-1.51244
0.810827	-1.29412
0.947177	-1.36984
1.081	-1.51621
1.02501	-1.23265
0.972644	-1.03264
1.11671	-1.29628
0.817953	-0.936528
0.102988	-0.306302
0.213971	-0.0942975
0.430686	0.35762
0.692593	0.585545
0.599442	0.424635
0.651093	0.786059
0.732458	0.76678
0.658742	0.749936
0.687742	0.660455
0.440152	0.255646
0.288729	0.306606
0.323392	0.006019
0.873062	-0.455506
1.96814	-1.72962
2.35477	-1.92881
2.33939	-1.98176
2.02677	-1.66238
2.02374	-1.6381
2.3453	-2.00797
2.54345	-2.16431
3.188	-3.38242
3.10233	-3.19656
3.20401	-3.1287
3.5422	-3.33772
2.79041	-2.30522
2.56711	-1.98866
2.14739	-1.5835
1.85363	-1.22676
1.14496	-0.716589
0.679172	-0.271254
0.95184	-0.560018
0.954155	-0.679544
1.38364	-1.05537
1.15069	-0.796001
1.12069	-0.820356
1.08896	-0.628021
0.909656	-0.247377
1.03585	-0.426924
1.07146	-0.240583
1.08724	-0.345188
1.09562	-0.0666927
0.732366	-0.294906
1.1269	-0.476988
0.981381	-0.383995
1.08034	-0.0263
1.13329	-0.307785
1.04317	-0.211258
0.855706	-0.100982
0.964775	-0.341165
1.41062	-0.956675
1.11708	-0.761258
1.33438	-0.894561
1.22994	-1.18557
1.13845	-1.07194
1.53494	-1.4667
1.33161	-1.05153
0.876491	-0.860704
0.851583	-1.03156
0.941041	-1.2514
0.723628	-1.28594
0.950127	-1.29828
0.718963	-0.98434
0.373532	-0.840901
0.0429312	-0.511566
0.108862	-0.558521
0.196467	-0.34723
0.339685	-0.343304
0.432634	-0.0793085
0.488213	0.296509
0.637249	0.406514
0.408906	0.385778
0.568888	0.338671
0.487276	0.38409
0.778196	0.598458
0.502297	0.254455
0.426535	-0.432896
1.43257	-1.60415
1.9775	-2.12563
1.91813	-2.02912
2.44071	-2.96217
2.34473	-2.85674
2.05989	-2.39042
2.13673	-2.56695
1.94777	-2.29996
1.98398	-2.38914
2.43425	-2.87957
2.6854	-3.1694
2.61691	-2.90086
2.8235	-3.26372
2.67647	-3.10268
2.17086	-2.26996
2.53096	-2.80373
2.33413	-2.67235
2.35863	-2.79201
2.26796	-2.70366
0.65975	-0.798479
-0.154933	-0.637787
0.103392	-0.623276
0.477755	-0.557059
0.248852	-0.593777
0.2607	-0.895458
0.529987	-0.640014
0.302845	-0.364227
0.0873262	-0.591856
-0.119805	-0.297637
-0.0791878	0.0245025
1.05951	-0.903717
1.83936	-1.83365
2.01379	-1.90719
2.30876	-2.26947
2.45143	-2.32741
2.79007	-2.65255
2.85222	-2.48806
2.86471	-2.31487
1.95368	-1.18673
0.774256	-0.633522
0.614506	-0.0233555
0.892108	0.119015
1.16073	0.468069
1.15188	0.176349
0.929246	0.0902929
0.910483	0.346268
0.826256	0.0023097
1.22003	-1.3242
0.745349	-0.953779
0.451308	-0.742169
0.401443	-0.726215
0.472376	-0.797084
0.548262	-1.06138
0.780006	-0.688788
1.05753	-0.886869
0.897162	-0.736633
0.813812	-0.520064
1.00081	-0.542774
1.10277	-0.566543
0.968788	-0.593102
1.7148	-1.26478
2.03345	-1.37462
2.47445	-1.93291
2.63972	-2.15576
2.33944	-1.81536
3.27428	-3.97229
3.03596	-3.87615
2.59344	-3.19006
2.65552	-3.20228
2.93333	-3.68832
2.60849	-3.23605
2.57699	-3.21945
2.46757	-3.01037
2.254	-2.4246
2.16914	-2.3195
2.41171	-2.51486
1.65093	-1.44216
2.01305	-1.97697
1.61238	-1.33436
2.11619	-2.16597
2.28825	-2.33096
1.90465	-2.11263
1.85103	-2.1014
1.56898	-1.86616
1.16323	-1.15613
1.37148	-1.23452
1.34697	-1.11437
1.14161	-1.00256
1.18914	-0.827536
0.815387	-0.711249
1.06797	-0.826371
0.863273	-0.627588
1.50301	0.666298
1.40549	0.197179
0.488111	0.190327
0.0460937	0.00297952
0.184481	-0.423705
0.244863	-0.729896
0.623335	-0.946057
1.03237	-1.24724
2.16813	-2.56719
1.84759	-2.15177
1.6609	-1.89451
1.12106	-1.09879
0.778302	-0.949606
0.918239	-0.934167
0.97362	-0.824583
1.00353	-0.731866
1.00589	-0.690687
0.995336	-0.722404
1.08824	-0.478518
1.00891	-0.657692
0.921973	-0.516906
0.995447	-0.270111
0.940525	-0.53258
0.803975	-0.376519
1.66035	-1.27923
1.76498	-1.09453
2.24137	-1.8687
2.52529	-2.40405
2.93326	-2.92206
2.56505	-2.02072
1.56787	-1.04426
0.499036	-0.114228
0.208948	-0.144839
0.404671	0.261139
0.516385	0.351223
0.432884	0.277654
0.437478	0.0814012
0.671185	-0.103047
0.671691	-0.138663
0.623705	-0.0409042
0.366281	0.256312
0.415278	0.55046
0.252398	0.122224
0.355188	0.0970292
0.323248	0.0374976
0.217338	-0.222719
1.93195	-2.17821
1.9403	-2.02802
1.35214	-1.03547
1.51348	-1.56085
2.47571	-2.3588
3.25367	-3.69808
2.87966	-2.6949
2.36413	-1.97073
1.70484	-1.0603
1.65382	-0.791023
1.58368	-0.557264
2.11001	-1.53005
2.15522	-1.75706
2.18254	-1.82749
2.05276	-1.57012
2.39268	-2.02333
2.36276	-1.98041
2.13466	-1.64027
2.38783	-1.90261
2.591	-2.16519
2.44207	-2.13414
2.68377	-2.2102
2.82682	-2.75437
2.69612	-2.41346
2.70277	-2.17601
2.74115	-2.25205
2.77004	-2.45871
2.64205	-2.49141
2.54928	-2.5059
2.09071	-1.81347
1.39835	-0.99204
1.12903	-0.521543
0.934399	-0.386858
0.772792	-0.255904
0.835087	-0.329617
1.04345	-0.710572
1.20213	-0.629171
0.673323	-0.0535642
0.711648	0.0138324
0.835666	-0.119429
0.643494	0.350721
0.477459	0.459829
0.522576	0.605687
0.547184	0.468911
0.452933	0.695213
0.217801	0.64472
0.339337	0.561231
0.439872	0.741234
0.419741	0.772708
0.291661	0.589586
0.143644	0.166424
-0.0256194	0.312512
0.163602	0.623662
0.29829	0.59993
0.236513	0.325408
0.597667	0.152409
0.864367	0.00439956
0.81573	0.19159
0.90898	-0.203826
1.04338	-0.392982
0.757245	-0.178913
0.686022	-0.0357563
0.992922	-0.287617
1.07142	-0.325985
0.81372	0.0056565
0.949591	-0.26621
0.975161	-0.192059
0.548268	-0.302155
0.965111	-0.292104
0.793914	-0.0113618
1.00124	-0.454963
1.04167	-0.283428
0.989564	-0.15526
0.87101	-0.233791
0.859182	-0.174461
1.04606	-0.365598
1.09838	-0.308175
0.998795	-0.348021
0.884913	-0.726989
1.04746	-0.655997
1.29809	-1.21864
1.33632	-1.20253
0.168674	-0.219509
0.411023	-0.233933
1.41215	-0.987558
1.29982	-0.838626
1.18042	-0.568799
0.860064	-0.127437
0.843783	-0.107703
0.532245	0.0848742
0.654809	-0.212797
0.588312	-0.441098
0.480118	-0.257166
0.237635	-0.122499
0.331249	-0.20588
0.262445	-0.0503472
0.193636	0.237398
0.0866168	0.161425
0.140248	0.136925
0.24847	0.283464
0.238161	0.0186916
0.7004	-0.267653
1.31331	-0.714464
1.71848	-1.11272
1.64121	-0.711813
1.76074	-0.788004
1.96309	-1.08538
2.4553	-1.93405
2.95391	-2.65308
2.43438	-1.80404
3.09426	-2.81698
2.48143	-1.92012
2.4612	-2.31908
2.20983	-2.36856
2.064	-2.14244
2.06161	-2.04839
1.93995	-2.03085
1.61943	-1.41399
0.560084	-0.103114
-0.471731	-0.0142219
-0.461082	-0.422287
-0.242934	-0.44861
-0.377889	-0.0955525
-0.182683	0.476281
0.517927	-0.0774502
0.770295	-0.225234
0.652941	0.0821062
1.04105	-0.455632
1.07337	-0.396155
1.10284	-0.68988
1.45985	-1.14177
1.1182	-0.860339
0.573354	-0.403325
0.195117	-0.153925
0.0399177	0.033642
0.22277	0.430812
0.11716	0.540683
0.276184	0.499937
0.839732	0.962165
0.441478	0.474246
0.440166	-0.0984405
0.289105	-0.369955
0.425314	-0.212949
0.696911	-0.0988453
0.72952	-0.383696
0.676133	-0.0786689
0.524562	0.0156423
0.950567	-0.948928
1.04649	-1.04632
2.10146	-2.36964
1.55581	-1.875
1.22943	-1.5
1.55059	-1.88383
1.90809	-2.14822
1.45377	-1.34352
1.04002	-0.841058
0.812279	-0.603695
0.673216	-0.617979
0.568396	-0.478511
0.61263	-0.575213
0.790038	-0.883328
0.359259	-0.465385
0.301845	-0.24522
0.0318373	-0.0587472
-0.0343407	-0.088314
-0.166785	-0.238271
0.405282	-0.64589
1.01594	-1.37006
0.789269	-1.07256
1.24532	-1.2764
1.38364	-1.19866
2.18747	-1.74439
2.10353	-1.56208
2.09481	-1.52221
2.28404	-1.55874
2.4502	-1.5017
2.9228	-2.28966
3.35766	-2.86586
2.60748	-1.90363
3.50806	-2.96497
2.69913	-1.65129
1.92162	-0.939591
1.96927	-1.31614
1.6639	-0.805837
1.57566	-0.735542
1.48183	-0.82344
1.52517	-0.931195
1.94175	-1.55573
2.2994	-1.69086
2.48484	-1.98953
2.67757	-2.29317
2.64859	-2.17114
3.08953	-2.99577
2.67856	-2.49625
2.24316	-2.17417
2.92669	-3.43836
2.36213	-2.39294
2.12352	-1.96179
2.0968	-1.58887
1.5095	-1.11716
1.25808	-0.777418
1.75405	-1.41515
2.10051	-2.19669
2.18593	-2.5164
2.36674	-2.60979
2.64696	-2.96409
2.66204	-2.78949
1.78656	-1.52431
2.52134	-2.49034
2.1567	-1.85319
2.46916	-1.75941
2.87499	-2.37842
2.82965	-2.75222
2.38372	-2.09416
1.88352	-1.32187
1.6861	-0.99716
1.74345	-1.16634
1.25176	-0.653783
0.720227	-0.386075
0.902207	-0.370786
1.14221	-0.726551
1.17938	-0.516483
1.2826	-0.671261
1.09103	-0.500713
1.25328	-0.563326
0.949426	-0.155265
1.04878	-0.356589
1.1833	-0.215696
0.896859	-0.242131
1.23753	-0.528084
1.36664	-0.663927
1.23381	-0.229555
0.919792	-0.234202
1.20696	-0.477849
0.863508	-0.0773506
1.28019	-0.749157
1.14537	-0.418136
0.916665	-0.0467784
1.14479	-0.0223263
1.12184	-0.339005
1.13241	-0.315467
1.10287	-0.203094
0.935183	-0.159197
1.09608	-0.206063
0.989575	-0.541378
1.13429	-0.180014
0.893253	-0.134701
0.435307	0.156832
0.789218	-0.239988
1.67535	-1.16816
1.56605	-0.952562
1.32959	-0.797039
1.86361	-1.26568
1.81263	-1.29237
1.89322	-1.41497
1.77174	-1.39111
2.08538	-1.81201
1.68796	-1.23488
1.47136	-1.18424
2.16518	-2.78022
2.0318	-2.56902
2.12809	-2.81083
2.18247	-2.9582
1.99887	-2.60666
2.06563	-2.71542
2.00716	-2.49327
2.02091	-2.43592
1.15886	-1.12671
1.4619	-1.14514
1.34813	-1.01933
1.07147	-0.968341
0.898897	-1.01173
1.53282	-1.7156
1.9341	-2.16441
1.76928	-1.81737
1.67155	-1.48899
1.91162	-1.6339
1.92673	-1.52093
2.0927	-1.69885
1.8257	-1.3261
1.7742	-1.24516
1.53162	-0.925988
1.59918	-1.03715
1.72626	-1.22109
2.04613	-1.72809
1.45208	-0.966549
1.479	-0.933239
1.43727	-1.19396
1.1596	-0.827884
1.1445	-0.654931
1.14348	-0.365958
1.19562	-0.599625
1.03162	-0.476669
1.12751	-0.477068
0.85106	-0.363298
1.86956	-1.88115
2.4978	-2.57403
2.54837	-3.2098
1.344	-1.38799
2.28658	-2.60702
2.04922	-2.21205
1.97195	-1.63922
2.37292	-2.17026
2.30349	-1.80491
2.38302	-2.20142
2.21189	-1.9959
3.55954	-3.67112
2.88308	-2.45591
2.68002	-1.90588
2.46354	-1.77779
2.30916	-1.8795
1.80203	-1.27212
2.32067	-1.96875
1.51274	-1.11232
1.24313	-0.713892
1.31991	-0.642128
1.17899	-0.630042
0.866692	-0.353551
0.999537	-0.522333
0.940682	-0.464253
0.659815	-0.299957
0.483248	-0.279331
0.577447	-0.11871
0.700244	-0.469201
0.632479	-0.946339
0.286634	-0.982846
0.266369	-0.883615
0.376975	-0.538183
0.603153	-0.746294
0.986765	-1.09859
1.31913	-1.49363
0.9889	-1.02061
0.84269	-0.745782
0.869818	-0.710882
0.84926	-0.604416
1.18259	-0.901475
1.7864	-1.59951
2.24444	-1.98003
2.05564	-1.483
2.12983	-1.61838
1.80784	-1.39288
2.05804	-1.88795
1.68314	-1.50856
1.54439	-1.3625
0.641825	-0.622379
0.397888	-0.220277
0.537964	0.00953003
0.557856	0.436737
0.660445	0.437994
0.450324	0.670456
0.561409	0.456495
0.612871	0.502356
0.443422	0.486383
0.547709	0.139114
0.988499	-0.415649
1.31408	-1.03907
1.82679	-1.66331
1.56028	-1.13698
1.34102	-0.895446
1.50006	-0.969299
1.79681	-1.48093
1.88546	-1.54741
1.68598	-1.53315
0.481649	-0.716594
-0.134631	-0.0414385
0.142809	0.106562
1.00168	-0.168059
1.34742	-0.739829
1.24029	-0.974649
1.08708	-0.73017
1.08493	-0.760705
0.804615	-0.214179
1.16185	-0.699091
0.998278	-0.473817
1.0705	-0.461064
1.23996	-0.535392
1.32326	-0.649309
1.23048	-0.589484
1.35541	-0.973235
1.5963	-1.28899
1.42158	-0.784165
1.68768	-0.995914
2.15558	-1.4472
2.62708	-2.07517
2.39615	-1.70468
2.5306	-1.82361
2.38134	-1.50285
2.68054	-2.11158
2.86131	-2.54737
3.042	-2.92339
2.26932	-1.83925
0.970593	-0.682415
0.270586	-0.349479
-0.150383	-0.260575
0.18701	-0.322679
1.04427	-1.07757
1.01734	-1.22085
0.61612	-1.01907
0.535529	-1.06176
0.423516	-1.14694
0.236733	-0.902039
-0.178656	-0.814896
-0.0639868	-0.778548
0.548142	-1.23055
0.44557	-1.1843
0.416278	-0.9127
0.895005	-0.774459
0.627777	-0.284179
0.684323	-0.177775
0.721493	-0.134309
1.08321	-0.596743
1.03229	-0.476624
1.22406	-0.457474
0.836865	-0.171134
1.09593	-0.274405
0.929901	-0.219674
1.04863	-0.191732
1.09138	-0.216326
1.00137	-0.266167
1.08546	-0.505148
0.982644	-0.426078
0.769822	-0.29635
0.661211	-0.375778
0.680725	-0.259474
0.894196	-0.327922
1.12086	-0.854315
1.02312	-0.506771
0.938595	-0.0205073
1.02109	-0.368901
1.10573	-0.424054
1.22834	-0.512153
0.947049	-0.165271
0.919345	-0.135756
0.965955	-0.0534263
1.04723	0.0387763
1.05014	-0.10448
0.870972	-0.0684243
0.821107	-0.481031
0.880375	-0.166378
1.01529	-0.147224
0.817641	-0.106407
0.91259	-0.0934697
1.07241	-0.40152
0.946153	-0.203239
1.05018	-0.27288
1.01245	-0.646568
0.950619	-0.777701
1.39619	-1.15138
1.81711	-1.64166
1.67378	-1.127
2.21348	-2.23668
2.51456	-2.57094
2.37857	-2.26482
1.89606	-1.68618
1.75	-1.59102
2.03787	-2.08064
2.03861	-2.1025
1.45239	-1.17472
1.44535	-1.35452
1.14378	-0.800725
1.56865	-1.36246
1.42669	-0.942874
1.26012	-0.208285
1.18166	-0.339507
1.24124	-1.66697
1.17041	-1.47566
0.737485	-0.978896
0.793068	-1.00005
0.868706	-0.992698
0.943876	-0.833151
1.18841	-0.780279
0.911587	-0.34537
1.05706	-0.788723
1.11487	-0.964006
0.746962	-0.874019
0.67549	-0.457096
0.874036	-0.53599
1.11725	-0.749172
1.15891	-1.03372
1.65915	-1.47486
1.22692	-0.916451
1.27965	-0.96821
1.22825	-0.949081
1.04472	-0.745516
1.03086	-0.755525
1.07867	-0.948646
0.368929	-0.391575
-0.138541	-0.037045
-0.303133	-0.144178
-0.148487	-0.0784061
0.0870753	-0.0905543
1.02216	-0.734354
0.262284	-0.127473
0.394745	-0.584304
0.565448	-0.746815
1.0974	-0.99637
1.06214	-0.656161
0.958778	-0.313887
0.948886	-0.508543
0.252784	-0.568515
0.67252	-0.419175
1.01784	-0.703477
1.48155	-1.27541
1.99935	-2.03835
1.86003	-1.97889
1.56253	-1.49187
1.65553	-1.38889
1.92514	-1.71909
2.06615	-1.86229
1.74423	-1.53305
0.555899	-0.543533
0.53208	-0.622515
0.224408	-0.462634
0.201104	0.0128887
0.208155	0.225001
0.161855	0.345556
0.494389	0.408636
0.582588	0.60499
0.472207	0.31908
0.531126	0.19023
0.688297	-0.021559
0.509055	-0.388353
0.696223	-1.17571
0.736319	-1.31878
0.501831	-0.972471
0.530552	-1.06699
0.619056	-1.26986
0.642992	-1.27181
0.558336	-1.27885
0.746929	-1.37285
0.943022	-1.58318
0.953792	-1.58627
1.02163	-1.54771
1.0606	-1.46509
1.28975	-1.58063
1.21837	-1.38407
1.09959	-1.14977
1.12646	-1.07964
1.17112	-1.06152
1.24994	-1.08538
1.29059	-1.07693
1.31745	-1.01584
1.43054	-1.07813
1.90978	-2.10413
2.89851	-3.81594
2.63022	-3.30608
2.10582	-2.42171
2.51983	-3.06094
2.30767	-2.65916
2.41018	-2.71999
2.60442	-3.18531
2.90397	-3.60006
2.47708	-2.80986
2.73977	-3.18522
2.95502	-3.66452
1.89179	-2.07103
1.70132	-1.56502
1.96858	-1.85577
1.65449	-1.24453
1.75363	-1.37568
1.66817	-1.16353
1.36317	-0.957566
0.568911	-0.275261
0.243345	-0.122809
-0.186885	0.0228981
-0.208884	0.0275863
-0.201628	0.0573591
0.0499701	-0.138867
0.0596997	-0.120267
0.853994	-0.718398
1.39448	-1.34055
1.50538	-1.64664
1.40849	-1.61428
1.63149	-1.89593
1.48275	-1.56731
1.28203	-1.00313
-0.0083358	-0.339776
-0.113315	-0.541688
0.691385	-0.637967
1.41212	-1.16851
1.49526	-1.20074
1.26069	-0.885586
1.37695	-0.892275
1.19297	-0.521264
1.62394	-0.955193
1.57297	-1.12498
1.5719	-1.14556
1.76255	-1.32691
1.79718	-1.29513
1.6667	-1.10851
1.63183	-1.16523
1.85727	-1.31784
1.75658	-1.2437
1.82694	-1.32804
1.75728	-1.3433
1.54298	-1.17551
1.61583	-1.33393
1.85062	-1.62003
2.06185	-1.86025
2.01526	-1.83584
2.46246	-2.29553
2.3013	-1.85348
2.02831	-1.49978
1.88583	-1.70181
0.365544	-0.367157
0.133197	-0.288717
-0.058199	-0.0946649
-0.167829	0.209553
0.392073	0.323233
0.563992	0.349636
0.501493	0.526633
0.627195	0.342144
0.540806	0.384121
0.743551	-0.514591
1.04628	-0.553805
1.98721	-1.33058
1.90207	-1.26353
2.04349	-1.4789
1.52815	-0.845962
1.66992	-1.10113
1.23129	-0.587072
1.3768	-0.861405
1.32106	-0.904445
0.923991	-0.466568
1.25436	-0.777749
0.847665	-0.505941
0.940779	-0.645027
1.10085	-0.770134
0.767531	-0.368412
1.07041	-0.4357
0.987867	-0.473235
0.835745	-0.176165
0.628793	0.0288722
0.368384	-0.636501
0.490514	-0.675876
0.547525	-0.8101
1.17366	-1.34147
1.75339	-1.66849
2.05598	-2.21261
2.22569	-2.34897
2.44882	-2.70929
1.98012	-1.97815
2.05344	-1.88269
1.65446	-1.31582
1.4252	-1.34389
0.799522	-1.00947
0.118966	-0.176883
0.169857	0.209945
0.216765	0.342865
0.414196	0.124196
0.401615	0.0503424
0.585893	0.226683
0.664438	0.407408
0.594074	0.148858
0.595172	0.189696
0.657376	-0.215954
0.772556	-0.203062
0.722698	-0.523184
0.533157	-0.580584
1.55242	-1.3003
0.583485	-0.465801
0.427494	-0.506467
0.286353	-0.553705
-0.271615	-0.450769
1.26593	-1.37903
1.30191	-1.42845
1.41417	-1.55653
1.0053	-0.96623
0.924402	-0.855596
0.106312	-0.13908
-0.129778	-0.0342497
-0.0534419	0.0180769
0.261247	0.481359
0.297454	0.330061
0.24943	0.365677
0.190216	0.482
0.268775	0.388635
0.484431	0.198399
1.21493	-0.604539
1.19162	-0.48897
1.24037	-0.725086
1.61303	-1.09894
2.30071	-2.16077
2.26257	-1.73564
2.61111	-2.43907
2.66895	-2.43588
2.91145	-2.54301
2.83365	-2.3614
1.8722	-1.56746
1.02535	-0.760054
2.73539	-2.55527
3.43393	-3.84274
2.10078	-1.91504
1.87014	-1.67372
2.39812	-2.81718
2.321	-2.69661
1.85383	-1.91594
1.71308	-1.74834
1.55163	-1.33882
1.55347	-1.29375
1.04208	-0.664106
1.14298	-0.825092
0.780136	-0.524371
1.37231	-1.14981
1.15299	-1.00852
0.568815	-0.534955
0.736097	-0.326254
0.144536	0.0930502
0.00428102	0.223871
0.468405	0.498649
0.548139	0.610883
0.549436	0.332146
0.426069	0.38634
0.529543	0.413349
0.478664	0.414344
0.340403	0.048813
0.590535	0.246179
0.504509	0.256159
0.566642	0.235712
0.52464	0.387937
1.04252	-0.641456
0.963126	-0.107843
0.9172	-0.197388
0.898924	-0.0517283
1.03425	-0.211593
0.968074	-0.269019
0.900233	-0.105648
0.784949	-0.100737
0.974474	-0.238763
0.98486	-0.198416
1.03372	-0.215347
1.11375	-0.24958
0.847684	-0.366733
0.986256	-0.216142
1.06828	-0.471259
0.860981	-0.203743
1.16375	-0.5128
0.949164	-0.412773
0.954508	-0.379325
1.09165	-0.337126
0.80472	-0.181224
0.938737	-0.208524
0.844852	-0.282453
0.606393	-0.255717
0.656074	-0.689871
0.890126	-0.910119
-0.274459	-0.546659
-0.340406	-0.695073
-0.228304	-0.840057
-0.178529	-0.906383
-0.0940202	-0.949327
-0.0044099	-0.956446
0.0814094	-0.918556
0.273603	-0.920763
0.591727	-0.94789
1.35246	-1.57864
1.79045	-1.89575
2.23034	-2.31485
2.08175	-1.59745
2.36653	-1.76011
2.22038	-1.65751
2.18142	-2.376
2.18521	-2.38221
1.8785	-1.82842
2.14274	-2.26424
1.33896	-0.942823
0.817222	-0.0860695
3.19789	-2.84561
1.90396	-0.865144
1.53586	-0.402208
1.2091	-0.0133936
1.03831	0.176621
1.01519	0.138487
1.10079	0.10843
1.14526	-0.12432
1.18932	-0.632845
1.53468	-1.28293
1.49962	-0.955965
1.16604	-0.863007
0.846898	-0.335135
0.559985	0.231137
0.845969	0.160216
0.867752	-0.303291
0.62083	-0.381115
1.20841	-0.658818
0.525055	-0.00727959
0.0974902	0.281763
0.112233	0.241972
0.147339	0.150687
0.116146	0.192402
0.847707	-0.635199
1.072	-0.705887
1.14347	-1.04779
1.23419	-1.25081
0.336513	-0.167971
0.407296	-0.0676477
0.904628	-0.190798
1.22246	-0.870228
0.890856	-0.52006
1.57859	-0.993812
2.12627	-1.65078
1.44776	-0.935992
1.37644	-0.837711
1.34964	-0.812017
1.38118	-0.914861
1.85629	-1.96779
1.69705	-1.82313
2.17617	-2.54903
2.61521	-3.1688
2.50894	-2.80813
3.05945	-3.65241
2.58314	-2.85178
2.74033	-3.04092
2.64287	-3.05553
2.53761	-3.01529
2.34717	-2.80195
2.54988	-3.20095
2.80009	-3.56795
2.16556	-2.53606
2.43102	-3.01296
2.25428	-2.81842
2.02763	-2.48417
1.84142	-2.19004
1.70742	-1.99203
1.7668	-1.82581
1.39003	-1.00186
1.10166	-0.440543
1.02854	-0.365438
0.784324	-0.156414
0.713484	-0.0887868
0.734633	-0.143909
0.710567	-0.116312
0.839001	-0.252274
0.819845	-0.257451
1.00595	-0.56238
1.16537	-0.875698
1.61553	-1.43983
1.28723	-0.793758
1.30267	-1.04992
1.60721	-1.19175
1.10043	-0.708145
0.76059	-0.369775
1.02028	-0.693163
1.60041	-1.4359
2.09628	-2.22871
2.36019	-2.55716
2.87286	-3.43434
2.25618	-2.68347
1.77434	-2.15715
1.59217	-1.95077
1.51411	-1.77523
1.10414	-1.05492
0.98159	-0.632564
1.35261	-0.828615
1.52938	-0.980316
1.43263	-0.837446
2.42356	-2.03203
2.00646	-1.34224
1.73654	-1.21834
1.79958	-1.15021
1.62933	-0.929778
1.39989	-0.736526
1.64573	-0.873251
1.49783	-0.832605
1.46912	-0.726745
1.41966	-0.917534
1.27191	-0.815855
1.2081	-0.925259
1.77252	-1.36381
1.60513	-1.31872
1.93554	-1.64394
2.00429	-1.68289
2.15688	-1.80769
2.09431	-1.73272
2.40388	-2.08198
3.30696	-3.38934
4.03495	-4.52838
3.68761	-4.0064
3.25655	-3.74808
2.34447	-2.64508
2.42236	-2.62363
2.80138	-3.28963
2.12257	-2.32837
1.66896	-1.40459
1.3251	-1.01984
1.38153	-1.39053
1.21247	-1.1089
0.30514	-0.346006
0.233743	0.0873627
0.441899	0.430589
0.701248	0.705731
0.522713	0.543531
0.464928	0.335482
0.597715	0.468359
0.621971	0.325945
0.550842	0.384174
0.672854	0.240846
0.583316	-0.0530774
0.497299	-0.575942
0.37578	-0.535547
1.22363	-1.53221
0.84753	-1.11559
0.879143	-0.931507
1.00865	-0.963791
1.45179	-1.34623
1.20448	-0.815307
2.06445	-1.93001
1.61639	-1.49422
1.14708	-1.00807
0.605792	-0.409852
0.455468	-0.00847885
0.296589	0.246278
0.337949	0.3673
0.525847	0.804374
0.68579	0.900639
0.845919	0.772414
0.758719	0.325591
1.12793	-0.49406
0.799606	-0.162205
0.784579	-0.320295
0.86022	-0.350596
0.708178	-0.12527
0.617026	0.0610706
0.746798	0.142384
1.19972	-0.950672
1.9387	-1.6429
1.54748	-0.216341
2.18574	-1.24461
2.1249	-1.37096
2.51055	-1.89784
3.0116	-2.6233
3.00771	-2.36393
2.44618	-1.53118
2.13421	-1.11572
1.8556	-1.30354
2.04864	-1.83891
2.11953	-2.18753
1.85439	-1.68148
1.14652	-0.81774
0.411595	0.0311542
0.374235	0.211869
0.426717	0.233033
0.576937	0.16994
0.594923	0.381838
0.384272	0.534484
0.199745	0.263354
0.533217	-0.020539
0.33791	0.0899992
0.437122	-0.447478
0.754142	-1.12533
0.826819	-1.26805
0.639167	-1.15339
0.756547	-1.2217
0.825397	-1.39594
1.08426	-1.51264
1.16145	-0.958288
0.938343	-0.575667
0.964251	-0.603739
0.880035	-0.210697
0.818293	-0.134205
0.887168	-0.214426
1.04902	-0.507237
0.922817	-0.325679
1.29032	-0.351953
1.26176	-0.314747
0.977507	-0.244682
1.2849	-0.464025
1.0569	-0.615497
1.12348	-0.576298
1.65828	-1.28153
2.15944	-1.43466
2.50333	-2.19003
2.31609	-1.94458
1.68433	-1.14618
1.73213	-1.29246
2.02128	-1.84655
1.65705	-1.3714
1.68596	-1.51157
1.27219	-1.11588
1.2145	-1.03712
1.03406	-0.925064
1.13722	-0.771571
1.10437	-0.441028
0.603749	-0.800926
0.853287	-0.760904
1.03768	-0.574945
1.02289	-0.748645
1.00753	-0.966961
1.02501	-1.03276
1.1356	-1.17946
1.11507	-1.08397
2.17078	-1.98951
1.95256	-1.31472
2.11507	-1.90802
2.54788	-2.87585
1.9551	-1.94165
1.90312	-1.67446
2.37388	-1.69126
1.80523	-0.76982
1.70868	-0.888158
1.81291	-1.0644
1.44488	-0.956814
1.8311	-1.12877
1.41288	-0.734713
1.56537	-0.766955
1.43494	-0.387458
1.04673	-0.670852
1.375	-1.22291
1.2579	-1.30827
0.97964	-0.628938
0.959035	-0.699239
0.836632	-0.824257
0.882136	-0.901849
1.16127	-0.921708
0.905565	-0.761864
1.11653	-0.770346
0.830323	-0.405401
1.06989	-0.484175
1.02104	-0.459693
0.997996	-0.338881
0.923416	-0.132022
1.05971	-0.407497
1.06606	-0.260278
1.08126	-0.117754
1.21897	-0.20947
1.14145	-0.235274
1.06642	-0.201552
0.977277	-0.506006
0.937944	-0.227387
0.93306	-0.24898
0.967144	-0.175028
1.26997	-0.624022
0.977181	-0.286437
1.61124	-1.01247
1.69308	-0.977243
1.47381	-0.829236
1.92411	-1.42104
1.54499	-0.871543
1.46473	-0.650337
1.31642	-0.544477
1.62411	-0.736852
3.2399	-3.39278
2.58444	-1.94535
1.97901	-1.15172
2.1757	-1.44231
2.0412	-1.26439
2.06691	-1.31397
2.20566	-1.45065
2.28173	-1.57095
2.4688	-1.84145
2.25361	-1.68546
1.98197	-1.32395
1.49217	-0.745849
1.43641	-0.704082
1.60413	-0.873312
1.78815	-1.16448
2.10259	-1.72901
2.36437	-2.11622
2.75298	-2.53649
3.34783	-3.90363
1.87653	-1.94366
1.73774	-1.67109
1.78156	-1.76973
1.71511	-1.45129
1.99039	-1.57921
0.14198	-0.0673902
0.289975	0.169928
-0.237952	0.334291
-0.233664	0.19642
-0.0870855	0.189359
0.241672	0.319354
0.369825	0.0665488
0.100389	-0.314284
0.317821	-0.406187
0.647778	-0.327629
0.214783	0.192547
0.133823	0.329292
-0.0130351	0.213025
0.107735	0.0564948
-0.126081	0.224625
-0.300734	0.417584
-0.443801	0.330493
-0.704217	0.659701
-0.426803	0.60526
-0.424837	0.66566
-0.31884	0.395553
0.160828	0.222291
0.462704	-0.0496765
0.252111	-0.12039
0.264716	-0.0608523
0.970634	-0.829627
1.21311	-1.11391
2.06917	-2.05588
1.72912	-1.43415
2.01083	-1.91406
2.23952	-2.53746
1.9829	-2.32765
1.68145	-1.88498
1.77342	-2.14889
1.44816	-1.77676
1.18221	-1.5301
1.15925	-1.56997
1.22775	-1.67056
0.86852	-1.30659
0.647536	-1.09947
0.496435	-0.984456
0.529409	-1.03127
0.605793	-0.99233
0.749574	-1.07698
0.960129	-1.17269
1.42409	-1.45772
1.37247	-1.28111
1.72929	-1.33161
1.85182	-1.35995
1.96127	-1.48117
2.07966	-1.4076
2.31335	-1.57432
2.03479	-1.40634
1.51492	-0.50744
1.75052	-0.890616
2.53778	-1.96522
1.59446	-0.688725
1.25284	-0.31695
1.14292	-0.440578
1.09441	-0.491819
1.72926	-1.20914
1.52786	-1.33277
1.50334	-1.08711
1.60693	-1.32718
0.6931	-0.434011
0.367925	-0.0296938
0.332315	0.353101
0.610157	0.552612
0.608778	0.745471
0.427963	0.429745
0.414122	0.458694
0.433378	0.510707
0.449285	0.349045
0.519732	0.18509
1.22113	-0.882844
1.96684	-1.45112
1.80014	-1.01883
2.35559	-1.74017
2.46443	-2.11534
2.53702	-2.21509
2.67194	-2.42353
2.80035	-2.79419
2.85047	-3.17162
2.95776	-3.54765
2.41249	-2.6136
2.10471	-1.92751
2.12954	-1.9964
1.80746	-1.84996
1.15812	-1.18295
1.57135	-1.50788
1.06691	-0.748351
0.981619	-0.60137
1.09425	-0.629234
0.77731	-0.243167
0.632008	0.191951
0.969064	-0.402459
1.26789	-0.580876
1.41354	-0.595155
1.35086	-0.73642
1.50968	-1.1022
1.66557	-1.31225
1.33768	-1.2406
2.17122	-2.14479
2.56639	-2.86888
2.31451	-2.70262
2.02166	-2.2491
3.09131	-4.28142
2.51873	-3.34686
1.76428	-2.13627
1.24907	-1.22611
1.39743	-0.989358
2.43724	-2.44607
2.23665	-2.2038
2.2122	-2.23359
1.78713	-1.53497
1.83538	-1.69816
1.64192	-1.53468
1.61799	-1.64057
1.81284	-1.70454
1.42273	-1.4585
1.49647	-1.6786
1.81527	-1.89089
1.70961	-1.9868
1.33123	-1.29606
1.45449	-1.5289
1.11164	-1.07987
1.21288	-1.04924
1.07949	-0.856507
1.54348	-1.20508
1.15454	-0.686449
0.999375	-0.528681
1.16176	-0.61036
0.897499	-0.183809
1.22377	-0.509167
0.795491	-0.214058
0.913434	-0.174244
1.07149	-0.285573
0.921691	-0.291793
1.07761	-0.301274
0.738288	-0.0500962
0.791592	-0.0221985
0.936121	-0.188087
0.776395	-0.191402
1.09907	-0.103416
1.21092	-0.471318
0.985945	-0.445092
0.839814	-0.139665
1.06413	-0.387672
1.03345	-0.455328
1.05291	-0.707495
1.28527	-1.04277
1.65754	-1.71221
1.2388	-0.925087
1.24958	-1.01182
1.59642	-1.23451
1.34955	-1.02658
2.68653	-2.76708
2.65642	-2.40139
2.02838	-1.4323
1.93461	-1.1613
1.88717	-1.32833
1.86339	-1.07293
1.78304	-1.15491
1.51284	-0.894266
0.99938	-0.411028
1.20716	-0.709097
0.981946	-0.611958
0.928654	-0.766487
1.10263	-1.36492
0.92212	-1.21039
0.866208	-1.17269
0.897578	-0.953505
1.28305	-1.25945
1.12618	-0.750389
0.748479	-0.511047
0.728497	-0.553897
0.610616	-0.524886
0.941663	-0.585684
1.0452	-0.487554
0.946521	-0.140562
1.22844	-0.580766
1.37089	-0.968881
1.60878	-1.2726
1.67434	-1.16392
1.92474	-1.30147
1.54562	-0.63691
1.27525	-0.493342
1.06308	-0.443504
1.25004	-1.11395
0.785544	-0.861075
0.603399	-0.588876
0.532525	-0.0652358
0.347342	0.259091
0.575639	0.396965
0.822675	0.53996
0.839945	0.695198
0.868466	0.859941
0.540558	0.68305
0.781703	0.918985
0.548866	0.587518
0.753841	0.734256
0.895347	0.446936
0.773679	0.347482
0.656651	-0.549656
1.34616	-1.47388
1.13236	-1.08696
0.983611	-0.71669
1.00883	-0.649194
0.953709	-0.536222
1.01915	-0.462639
1.19407	-0.571068
1.29134	-0.544588
1.36448	-0.626087
1.59182	-0.799001
1.73041	-0.961268
1.67981	-0.79493
1.7991	-0.807927
2.09144	-1.23309
1.85491	-0.953456
2.37367	-1.70717
2.03433	-1.03222
1.87082	-0.646699
2.01826	-0.778635
1.80599	-0.357045
1.63539	-0.180999
1.66407	-0.279912
1.93131	-0.746253
1.8802	-0.645165
1.96831	-0.790927
1.91889	-0.789669
1.32055	-0.438284
1.06744	-0.782494
1.7242	-1.50268
1.93745	-1.38592
1.62991	-0.796221
0.533567	0.0295062
0.391	-0.22091
-0.265034	0.217525
0.00742819	0.309607
0.086792	0.521538
0.244601	0.376083
0.393815	0.528406
0.680283	0.605958
0.602731	0.691294
0.612778	0.57716
0.709547	0.730553
0.607019	0.246736
0.709637	-0.159639
0.779092	-0.410488
0.885314	-0.565636
1.26797	-0.854742
1.73282	-1.14796
2.14813	-1.319
2.42849	-2.00823
2.72856	-2.65237
2.10535	-2.48469
2.46629	-3.09523
2.19895	-2.68682
2.30833	-2.8525
2.0799	-2.43878
2.13608	-2.58981
2.09077	-2.55748
1.95631	-2.40809
2.18484	-2.86583
2.44949	-3.2537
2.04571	-2.80693
1.37821	-1.94464
1.81963	-2.28731
1.90689	-2.29145
1.00102	-0.975148
1.10507	-0.955838
1.24067	-1.12413
1.26916	-1.13301
1.1027	-0.958874
1.55688	-1.62162
1.75541	-1.84728
1.87187	-2.05199
2.26777	-2.70877
2.06415	-2.67002
1.44268	-1.46995
0.862745	-0.749004
1.18256	-1.01208
1.08794	-0.96767
1.0618	-0.869522
0.322525	-0.097326
0.303734	0.339055
0.112444	0.353387
0.372698	0.279473
0.694755	-0.0829037
0.718125	0.11352
0.371042	-0.293983
0.501126	-0.32051
1.21772	-1.01045
1.97717	-1.82261
1.61557	-0.903075
1.29175	-0.497787
1.84101	-1.24239
2.39901	-2.2129
1.89852	-1.62715
1.72134	-1.44961
1.68653	-1.35899
1.21437	-0.772379
1.18993	-0.769911
1.12827	-0.653307
0.937002	-0.371366
1.0725	-0.186826
1.15713	-0.752732
1.01783	-0.818997
1.30942	-1.08252
1.60306	-1.38083
2.85469	-3.09679
2.81536	-3.00078
2.47011	-2.33791
2.46046	-2.21985
2.1888	-2.45224
2.28228	-2.66021
2.79434	-3.42639
2.49748	-3.04479
2.82058	-3.5096
2.50992	-2.98951
1.78556	-1.97598
0.87479	-1.10089
0.241417	-0.820264
-0.0408167	-0.762473
-0.156003	-0.845171
-0.0989221	-0.914862
0.196439	-0.879283
0.66941	-0.9191
1.08815	-0.958743
1.60321	-1.46379
1.84603	-1.68628
2.12029	-2.05371
2.05399	-2.00057
2.21491	-2.20889
2.57041	-3.11409
2.26884	-2.92397
1.93397	-2.35628
2.22706	-2.81753
2.42951	-3.10326
2.22795	-2.76463
2.68802	-3.02187
2.77879	-2.76137
2.59541	-2.22515
2.39914	-1.9894
2.23074	-1.7632
2.46449	-2.09793
2.51813	-2.07836
2.77123	-2.47993
3.26918	-3.58845
2.81669	-3.0882
2.88438	-3.03342
2.70447	-2.68994
2.18789	-1.68689
1.86997	-1.40543
1.57615	-1.34817
1.31746	-1.20082
1.3752	-1.01146
1.10081	-0.641805
0.980441	-0.534366
0.981392	-0.470911
0.943398	-0.709707
1.24445	-0.646921
0.902831	-0.253815
0.799739	-0.533244
1.24336	-0.741455
0.98553	-1.1466
1.18535	-1.13994
0.637181	-0.441886
0.4508	-0.397762
0.424301	-0.451478
0.44631	-0.389626
0.507422	-0.292157
0.723515	-0.400231
0.603063	-0.498421
0.618975	-0.416993
0.502163	-0.477587
0.616135	-0.320693
0.225177	-0.00321563
0.399715	0.0922275
0.666281	0.0959606
0.745936	0.290601
0.901194	0.158396
0.718704	-0.218089
0.860026	-0.669945
1.09101	-0.543203
1.94551	-0.739383
1.79407	-0.439234
2.02336	-0.753981
2.08698	-0.943632
2.87786	-2.45737
2.61922	-2.05124
2.49803	-1.75457
1.56051	-0.523923
1.43671	-0.680779
1.26038	-0.693046
0.0218651	0.0382923
0.0683044	0.253341
0.295924	0.518875
0.552238	0.645687
0.714438	0.898842
0.745616	0.869806
0.980322	1.03432
0.756045	0.58639
0.463438	0.656561
0.274201	0.24657
0.517182	0.0519228
0.83242	-0.435883
0.922482	-0.649623
1.46693	-0.938358
1.66485	-0.549033
2.73595	-2.10954
2.78802	-2.4711
2.77439	-2.63278
1.81138	-1.29672
1.05209	-0.194987
0.777947	-0.137289
0.664426	-0.113547
0.72871	-0.231181
1.36488	-1.01912
1.24731	-0.945812
1.20756	-0.762807
1.09805	-0.882107
1.22256	-1.0132
1.20177	-0.822224
1.15712	-0.7945
1.81303	-1.65177
1.63087	-0.8915
1.97564	-1.5246
2.45897	-2.35139
2.26213	-2.01093
2.47983	-2.71949
2.42958	-2.53683
2.09588	-1.915
2.08036	-2.05379
2.44566	-2.45779
2.12145	-1.99112
2.1922	-2.11049
1.85801	-1.84735
1.98319	-1.85235
1.21504	-0.537635
0.851476	0.221006
0.694954	-0.0914188
0.851256	-0.379973
1.18814	-0.885895
0.95197	-0.90219
0.636083	-0.710902
1.23884	-1.29806
1.93819	-2.21289
1.99711	-2.1752
1.84231	-1.90025
1.72439	-1.72001
1.73304	-1.72246
1.69181	-1.63911
1.67718	-1.61137
1.56909	-1.59662
1.54858	-1.62893
1.79597	-1.81523
1.15528	-1.12664
1.26425	-1.11796
1.74836	-1.69946
1.95891	-2.02448
1.83191	-1.64966
1.42712	-1.58227
1.67654	-1.73032
1.51032	-1.45526
0.723467	-0.638668
0.502363	-0.234059
0.415296	0.150431
0.46173	0.267351
0.474799	0.407677
0.551607	0.705197
0.595225	0.430077
0.233949	0.297649
0.367967	0.472991
0.631371	0.479328
0.588155	0.474141
0.706577	0.578528
1.10028	-0.6973
0.944426	-0.229735
1.03394	-0.421385
0.911409	-0.111095
1.10808	-0.496037
1.01928	-0.44074
0.883319	-0.380778
0.950614	-0.440884
0.901805	-0.336074
1.17608	-0.701308
0.934412	-0.445558
1.3238	-0.728681
1.83542	-1.16695
2.1385	-1.06585
2.11099	-0.875829
1.88637	-0.713344
2.22528	-0.901994
1.79651	-0.963401
2.01407	-1.94198
2.40203	-2.48003
2.29603	-2.23526
2.4601	-2.73403
2.36699	-2.39018
2.76101	-2.5336
3.87819	-3.642
4.00691	-4.04151
2.80028	-2.15825
3.12273	-2.83387
3.88734	-4.21369
3.45936	-3.25334
2.88247	-2.21857
3.25104	-2.54455
3.45706	-2.84257
3.36119	-2.80604
2.59042	-1.77633
2.6525	-2.01537
2.28234	-1.51189
2.20729	-1.64846
1.22301	-0.828492
0.558554	-0.670909
0.558164	-0.403813
0.790817	-0.716017
0.752194	-0.551315
0.402176	-0.416431
0.44555	-0.191283
1.7892	-1.42051
2.3811	-1.98791
2.35338	-2.10221
1.71971	-1.00925
1.47344	-0.528917
2.15506	-1.27701
2.37422	-1.84416
2.52131	-2.2192
2.47324	-2.33578
1.76726	-1.32205
1.53343	-1.08942
1.16131	-0.698994
0.986881	-0.589575
0.906655	-0.748593
1.02402	-1.22369
1.44384	-1.90737
2.33109	-2.18268
2.14728	-2.06523
2.24256	-2.32259
2.35561	-2.3221
1.5324	-1.31666
1.47168	-1.18621
1.32568	-0.868244
1.16972	-1.0804
0.411056	-0.269729
0.0583182	-0.075313
0.228752	-0.14149
0.414324	0.292496
0.679927	0.588444
0.622214	0.578182
0.741925	0.558532
0.672671	0.0804331
0.636097	-0.205333
0.641307	-0.13173
0.703373	0.121641
0.877615	-0.295052
0.804717	-0.181054
1.08604	-0.246848
0.987149	-0.623466
1.11892	-1.31021
0.748786	-0.940816
1.04857	-1.48149
1.12352	-1.49609
1.46249	-1.87971
1.1814	-1.33357
0.23957	-0.516708
0.904549	-0.749329
1.55214	-1.37547
1.46951	-1.2516
1.59866	-1.24037
1.36443	-0.847563
1.51746	-1.00092
1.58805	-1.09418
1.52762	-1.05167
1.74173	-1.4502
2.45231	-2.37551
2.24548	-1.76255
1.39257	-0.598365
1.325	-0.741333
1.3903	-1.21544
1.67712	-1.75693
1.31222	-0.990998
1.22815	-1.04162
1.34269	-1.02745
1.33866	-0.996201
1.18043	-0.642804
1.00373	-0.354033
0.993648	-0.492983
1.92064	-1.48694
2.09096	-1.51773
2.01317	-1.51926
2.43575	-2.31443
2.74899	-2.67951
2.3286	-2.14835
2.21952	-1.88065
1.89339	-1.3882
1.66821	-1.16094
1.1995	-0.858066
1.4072	-1.0416
1.31432	-0.742159
1.26401	-0.974917
1.13182	-0.738459
1.1117	-0.539386
1.27834	-0.840407
1.4349	-1.1324
3.24358	-3.45108
2.60023	-2.45271
2.18618	-1.79019
2.21016	-1.68945
2.77971	-2.74876
3.11278	-3.80569
3.03232	-3.7847
2.89618	-3.48908
3.10293	-3.84599
2.62645	-2.69497
2.5545	-2.26883
1.7501	-1.00443
1.91868	-1.27681
1.79375	-1.13938
1.8514	-1.29136
1.93596	-1.49107
2.12345	-1.84844
2.56841	-2.58342
2.4011	-2.32556
2.02163	-1.76944
1.70513	-1.24304
1.82999	-1.39045
1.62085	-0.928087
1.52491	-0.911553
1.13989	-0.492973
1.02182	-0.377851
0.61111	-0.557458
0.67143	-0.947694
0.254165	-0.609035
0.311263	-0.829618
0.226982	-0.884639
0.287497	-0.95818
0.580803	-1.15776
0.664838	-0.891461
1.15587	-1.18553
1.04371	-1.1421
1.14975	-0.869548
1.47337	-1.25878
1.07345	-1.05503
1.06614	-0.940646
0.92505	-0.878168
1.10398	-1.09856
1.11522	-1.19911
0.904635	-0.912479
1.10168	-0.841819
1.49137	-1.25222
2.00575	-1.78666
3.15952	-3.44149
2.59185	-2.30944
2.40254	-1.86614
2.48098	-1.77391
2.47478	-1.54059
2.03414	-1.06922
1.90995	-1.35884
1.66537	-1.48144
1.76472	-1.74647
1.51609	-1.24286
1.02737	-0.603396
1.15629	-0.733282
0.765533	-0.208195
0.839288	-0.0804996
0.87448	-0.220377
1.42893	-0.919232
1.41714	-0.869982
1.2372	-0.608347
1.24509	-0.649483
2.18278	-1.3001
2.06118	-0.978735
1.50005	-0.9309
2.235	-2.48412
2.05391	-2.3364
2.39082	-2.80787
2.41491	-2.82185
2.45299	-2.92934
1.93864	-2.1549
2.25953	-2.76387
2.30222	-2.65252
2.27655	-2.57555
2.43208	-2.88681
2.49371	-3.18745
2.36622	-2.87227
1.88548	-1.95876
1.80088	-1.35199
1.61902	-1.00383
1.9434	-1.40385
2.66061	-2.53948
3.13511	-3.19653
3.0537	-3.15394
1.89625	-1.30836
1.83247	-1.57035
1.53482	-1.39329
1.43301	-1.63769
1.64883	-1.86914
2.15867	-2.63631
2.14271	-2.59361
1.8676	-2.08708
1.47995	-1.36676
1.87129	-1.83484
2.12223	-2.03836
1.68516	-0.937428
1.09824	-0.184915
1.01056	-0.550835
0.115671	0.322031
-0.134743	0.0810357
-0.0629408	0.172057
-0.153492	0.289903
0.396126	0.650059
0.441833	0.590141
0.211752	0.769269
0.277739	0.63196
0.197781	0.45815
0.642314	-0.131585
1.58658	-0.757524
1.41161	-0.566851
1.578	-0.896765
1.85213	-1.1462
2.40037	-1.90979
2.12718	-1.39957
2.06907	-1.42558
1.19023	-0.970089
1.07612	-1.18155
0.911672	-0.383912
0.840906	-0.444112
0.564717	-0.3793
0.583765	-0.460064
1.80428	-1.56726
2.42999	-2.17682
2.19503	-1.93403
2.04377	-1.66165
1.9714	-1.49377
2.36259	-2.07251
2.9553	-2.97792
2.96564	-2.94512
2.88279	-2.83509
2.82696	-2.70565
2.8538	-2.7193
3.12197	-3.28777
3.17162	-3.52185
2.69931	-2.48809
2.60205	-2.41192
2.26816	-2.0696
2.60416	-2.8005
1.76074	-1.56105
2.21636	-2.41905
2.07345	-1.93366
2.22848	-2.47678
1.65115	-1.56292
1.45779	-1.44468
1.61918	-1.49215
1.41326	-1.28373
1.10236	-0.947092
1.13021	-0.834175
1.10941	-0.709021
0.977322	-0.759272
0.760205	-0.0679487
1.25036	0.565411
1.16337	-0.294561
1.14551	-0.579821
0.945111	-0.270445
0.934276	-0.251445
1.00635	-0.423578
1.03601	-0.367749
0.874631	-0.117459
0.897684	-0.35292
0.988497	-0.228467
0.948954	-0.166793
0.841884	-0.154779
1.09107	-0.244417
0.844761	-0.236652
0.711898	0.0110069
0.721585	-0.124471
0.913171	-0.322407
0.971979	-0.166574
0.872849	0.0485492
0.847719	-0.0922822
0.859497	-0.517457
1.39094	-0.91595
2.01758	-1.88445
2.33499	-2.49014
2.1489	-2.45747
1.99002	-2.29705
2.05521	-2.45662
1.6818	-2.17979
1.63962	-2.04363
1.73695	-2.15449
1.64374	-1.96025
1.74733	-2.1633
1.71946	-2.07732
1.61643	-1.84443
1.7126	-2.03766
1.63135	-1.92073
1.67037	-1.92413
1.76938	-1.77535
2.4415	-2.24274
2.07953	-1.30391
1.56425	-0.453724
1.2436	0.0966176
0.274479	0.466215
-0.260669	0.0921095
0.084739	0.0477583
0.436868	0.343034
0.458047	0.571178
0.665133	0.694185
0.422175	0.798079
0.619017	0.553392
0.623017	0.547249
0.507913	0.256508
0.759892	-0.294443
1.58891	-1.55287
2.77446	-2.75232
2.09178	-1.48835
2.16738	-1.80656
1.80375	-1.44039
1.31103	-0.837066
1.08887	-0.723172
0.736247	-0.571022
0.473041	-0.642143
0.235049	-0.697775
0.0770602	-0.872272
0.988416	-0.633892
1.53281	-1.14817
1.015	-0.819754
1.43219	-1.19981
0.968044	-0.851718
1.05545	-0.960979
1.01978	-1.03579
0.728703	-0.840608
1.13428	-1.14612
0.915052	-0.663717
1.1768	-1.02704
1.77393	-1.37692
2.34787	-2.17771
2.71851	-2.62452
2.81851	-2.70162
2.82107	-2.95989
2.46249	-2.54844
2.06797	-2.0185
1.82661	-1.59897
1.83729	-1.44669
1.80023	-1.38267
2.11958	-1.84042
2.2075	-2.03574
2.01954	-1.76333
1.74173	-1.32251
2.13218	-1.77653
1.58335	-1.2916
1.38771	-0.955179
1.50305	-0.750644
1.25099	-0.338972
1.22125	-0.526793
1.22185	-0.578343
1.43163	-0.861557
1.29477	-0.868721
1.58011	-1.4431
1.98342	-2.10804
2.39261	-2.05427
2.52149	-2.44592
2.35143	-2.27664
2.42898	-2.35154
2.43897	-2.68721
1.97403	-1.89012
1.6363	-1.06808
1.68444	-1.06334
1.9331	-1.36264
1.83894	-1.92644
2.25869	-2.89951
1.9215	-2.43609
2.23754	-2.85936
2.59203	-3.517
2.76592	-3.70059
1.72301	-1.86577
1.35878	-1.02683
2.88715	-2.68834
2.51683	-1.97173
2.73241	-2.3404
2.62174	-2.20887
2.33545	-2.01192
2.61212	-2.09008
1.53114	-1.08297
0.284496	-0.00415864
0.00858025	0.30569
0.171515	0.61458
0.262438	0.600134
0.534463	0.675547
0.90225	0.852613
0.973896	0.771757
0.643889	0.321277
0.734221	0.262295
0.649435	0.1066
0.700449	-0.618082
1.18257	-1.00323
1.71223	-1.19126
2.38719	-2.19312
2.22972	-1.98011
2.44901	-2.31861
2.12151	-1.70187
1.97307	-1.54556
1.89204	-1.45036
1.81409	-1.32058
2.24897	-1.88149
2.52515	-2.337
2.6576	-2.39471
2.47496	-2.04654
2.43155	-1.85828
2.09296	-1.15115
2.17427	-1.60301
2.38564	-2.25973
1.71809	-2.1794
1.27702	-1.19709
1.83539	-2.03786
2.30462	-2.42804
1.48147	-1.10995
1.7459	-1.49134
2.2739	-1.74473
2.26906	-1.93963
2.7506	-2.7591
2.3891	-2.59705
1.99017	-1.9523
1.75842	-1.68812
1.48572	-1.48974
1.12949	-1.17933
0.840533	-1.02676
0.398579	-0.678089
0.214635	-0.811386
0.2957	-0.646673
0.4312	-0.593273
0.282387	-0.802144
0.357757	-0.815511
0.00389813	-0.783593
0.19921	-1.08456
0.202711	-1.07391
0.297688	-1.20982
0.38901	-1.17635
0.461827	-1.069
0.620146	-1.11448
0.734937	-1.02985
0.76765	-0.818717
1.34484	-1.31543
1.4955	-1.58087
1.44117	-1.51633
1.31228	-1.30894
1.36713	-1.35964
1.66154	-1.94147
1.27221	-1.2296
1.53222	-1.49232
1.46052	-1.39543
1.42138	-1.22307
1.19974	-0.908072
1.37978	-1.25314
1.07065	-0.536165
0.843865	-0.192151
0.874065	-0.0879767
1.10562	-0.510309
0.931326	-0.251355
0.976819	-0.267178
1.07145	-0.44172
0.691344	0.0264046
0.97645	-0.36353
1.00377	-0.444277
0.939438	-0.250593
1.09738	-0.58576
0.742973	-0.0287324
1.10316	-0.361242
0.941239	-0.266185
1.0367	-0.337529
0.987159	-0.27475
1.06228	-0.163536
0.943249	-0.200623
0.983917	-0.212874
0.953863	-0.19665
1.01618	-0.173052
1.02788	-0.44605
1.21127	-1.16333
1.23092	-1.16042
0.988096	-0.906544
0.916251	-0.954715
1.36198	-1.47241
1.29283	-1.10354
0.976495	-1.03061
1.18499	-1.50361
0.97176	-1.0325
0.132052	-0.00843306
0.0664364	-0.257181
0.11817	-0.0469556
0.333242	0.185566
0.345958	0.392939
0.579108	0.353963
0.597022	0.219015
0.548544	0.105613
0.472432	-0.230618
0.938195	-0.766744
1.06876	-1.05655
1.23201	-1.11269
1.40486	-1.37105
1.2765	-1.18686
1.82027	-2.03952
2.04494	-2.51358
1.90611	-2.34912
1.90375	-2.19878
2.11999	-1.99682
2.14687	-2.04279
2.33175	-2.33113
2.06456	-1.73569
2.24534	-2.06497
1.71666	-1.29792
1.29872	-0.573936
1.73291	-1.31775
1.46027	-1.13447
0.835589	-1.33792
1.09889	-1.76708
1.02458	-1.59615
1.51486	-2.04171
1.83505	-2.35129
1.73074	-1.83634
1.67658	-1.512
1.77168	-1.44882
1.76028	-1.33998
1.65535	-1.16428
1.51699	-0.82329
1.71712	-1.00143
1.47723	-0.634451
1.71786	-0.660623
1.60094	-0.551176
1.78192	-0.986194
1.67457	-1.3908
1.43295	-1.07752
1.19481	-0.658778
0.873719	-0.588396
1.16833	-1.0303
1.32093	-0.388535
1.02191	-0.14542
1.06814	-0.259378
1.18647	-0.473895
1.36069	-0.826239
1.56359	-1.0653
1.94389	-1.68291
2.50549	-2.73761
2.67894	-3.1794
2.39819	-2.62682
2.11129	-2.31979
1.73103	-1.77845
1.9942	-2.04864
1.86039	-1.92941
1.28474	-1.04786
0.757906	-0.504066
1.07023	-0.928508
0.862777	-0.442057
1.20171	0.0252642
0.985247	-0.274932
0.531602	-0.442154
1.64252	-1.71749
1.1832	-1.06203
1.07319	-0.840901
1.6793	-1.2651
2.19585	-1.74492
2.31113	-1.98377
2.21527	-2.36898
2.40596	-2.45614
2.72414	-2.91182
2.65395	-2.89856
2.88039	-3.39445
2.77646	-3.18326
2.76982	-3.22293
2.99323	-3.37447
2.77304	-2.38974
2.48514	-1.83992
2.3142	-1.80981
2.41724	-2.27021
1.97634	-1.66303
1.48678	-1.14328
1.01015	-0.804698
0.840277	-0.844437
0.573051	-0.765829
0.3382	-0.857123
0.494142	-1.12511
0.298939	-0.967482
0.238541	-0.934014
0.210194	-0.913035
0.205307	-0.89582
0.182613	-0.921453
0.241135	-0.844624
0.284949	-0.882662
0.359361	-0.857617
0.812668	-1.16736
1.38977	-1.68035
1.54262	-1.6598
1.58682	-1.52704
1.89507	-1.79949
2.17155	-2.04307
2.75033	-2.59495
3.30466	-3.46279
2.55586	-2.65145
2.26599	-2.15342
2.03031	-1.89803
2.24612	-2.34992
1.81841	-1.99034
1.75711	-1.85637
1.50744	-1.53175
1.2678	-1.28602
1.20203	-1.17463
0.992211	-0.764741
1.18407	-1.0485
1.37133	-1.0697
1.07648	-0.559864
0.908689	-0.325491
1.06581	-0.405152
1.03501	-0.714927
0.998687	-0.905146
2.28571	-1.60996
2.11746	-1.43026
2.22807	-1.87349
2.66091	-2.52067
1.99014	-1.53396
2.34717	-2.17999
2.78164	-2.891
3.10304	-3.09267
1.47619	-0.882829
1.83477	-1.23809
1.45304	-0.727349
1.27294	-0.720184
1.17476	-0.808247
1.06263	-0.655192
0.538103	0.189478
0.0866724	0.438237
-0.0383694	0.538189
0.0144429	0.359268
0.624068	0.315811
0.619841	-0.229738
0.512679	-0.321307
0.816704	-0.159322
0.636181	-0.182113
0.599265	-0.235827
0.777704	-0.12233
0.986057	-0.102834
0.75848	-0.132043
0.841268	-0.190663
1.08123	-0.775192
1.3099	-1.17355
0.841946	-0.767491
1.02636	-0.967909
0.818654	-0.859116
0.356498	-0.549068
0.26594	-0.484068
-0.300923	-0.154452
0.0306745	0.0222313
0.13622	0.259413
0.0890108	0.41624
0.585263	0.507924
0.639698	0.638514
0.601697	0.552012
0.523789	0.642695
0.575988	0.624301
0.568104	0.186226
0.417638	-0.61048
0.688514	-1.08745
0.520917	-0.983254
0.546956	-1.04327
0.571418	-1.15395
0.752269	-1.35993
1.17412	-1.49662
1.67032	-2.19431
1.88546	-2.25456
2.51719	-2.9601
1.52942	-1.2494
1.43616	-1.21475
1.61971	-1.16635
1.26927	-0.792234
1.23704	-0.776507
1.13903	-0.928301
1.15018	-0.928426
1.22258	-1.23904
1.0482	-0.882667
1.39929	-1.31042
2.95022	-3.65246
2.80151	-3.31372
2.75455	-3.22254
2.23105	-2.41862
1.66023	-1.67747
1.41258	-1.39626
1.22564	-1.31075
0.941632	-0.549874
1.83553	-1.3361
2.03555	-1.42165
1.62446	-1.2843
1.73774	-1.20235
1.90127	-1.06278
2.13804	-1.66346
1.83507	-1.34343
1.89276	-1.46191
1.37475	-0.98666
1.47041	-1.11088
1.26264	-0.915185
1.39845	-1.15096
1.11224	-0.973543
0.153011	0.0813834
0.348118	0.443767
0.371669	0.436359
0.398431	0.648409
0.777276	0.699713
0.674934	0.594586
0.598601	0.545359
0.42244	0.419903
0.370168	0.34349
0.484786	0.363179
0.624448	0.563703
0.268417	0.587621
0.0172403	0.295399
0.173105	0.398743
0.191454	0.578277
-0.00720326	0.589014
0.000543596	0.404441
0.254332	0.373131
0.471324	0.188299
0.828222	-0.119714
0.949221	-0.403211
0.848849	-0.253358
0.861915	-0.295621
0.883519	-0.160895
1.24337	-0.903834
0.852279	-0.396129
1.01267	-0.574834
0.844238	-0.18961
0.857456	-0.22818
0.97257	-0.372196
0.909132	-0.154846
1.17115	-0.239592
1.0729	-0.0190896
1.09179	-0.06254
0.938691	-0.0649844
1.16907	-0.345862
1.07775	-0.333922
1.14436	-0.205812
1.2436	-0.284217
1.05443	-0.268922
1.12484	-0.177778
1.05651	-0.11612
0.909555	-0.0436881
1.2144	-0.473607
1.04562	-0.591042
1.30434	-0.455853
1.1982	-0.432161
0.911308	-0.441624
0.889783	-0.398657
0.385678	-0.21257
0.439554	-0.400382
0.749483	-0.506629
0.802723	-0.32115
0.777998	-0.358165
-0.505417	-0.894361
-0.473987	-0.97108
-0.317846	-0.969375
-0.482984	-1.05263
-0.223199	-0.912072
-0.320778	-0.89303
-0.357371	-0.904024
-0.265457	-0.87874
-0.154959	-0.977544
-0.321261	-0.832591
0.55223	-0.837758
0.645865	-0.554398
0.971793	-0.561508
0.985917	-0.717488
0.784399	-0.320701
0.819374	-0.46652
0.948474	0.145816
0.656278	-0.155521
-0.140467	-0.694753
0.348392	-1.08978
0.586349	-1.02769
0.727195	-0.946896
1.09503	-1.24685
1.25579	-1.28865
1.58	-1.76165
1.64119	-1.905
1.67941	-2.08233
1.34138	-1.74625
1.06997	-1.55018
0.672631	-1.31279
0.217443	-1.03876
0.148148	-0.787658
1.16239	-1.40697
2.08563	-2.13438
1.98911	-2.07426
1.80335	-1.98932
1.80739	-1.87952
1.15493	-1.37303
0.331399	-0.947864
0.251601	-0.945676
0.56956	-0.879359
0.961029	-0.969463
1.36422	-1.28381
1.11296	-0.787943
1.5544	-1.38293
1.42675	-1.03277
1.39981	-0.877292
1.45661	-0.905557
1.19199	-0.643916
1.43084	-1.27949
2.19305	-2.64518
1.65613	-1.618
0.504981	-0.393991
0.420456	-0.388523
0.585709	0.0183755
0.600239	0.195224
0.539678	0.259474
0.687758	0.266859
0.814643	-0.0773061
0.895253	-0.301184
1.21755	-0.859229
2.90406	-2.90975
2.53082	-2.27008
2.34991	-1.9012
2.76949	-2.37348
2.78992	-2.58111
3.03226	-3.08226
2.6399	-2.46289
2.27955	-1.96964
1.62399	-1.52872
2.26112	-2.58266
1.89481	-2.0508
1.96287	-2.15261
2.54974	-3.1251
2.97031	-3.75272
2.79804	-3.30552
2.71885	-3.3066
3.1435	-3.98173
2.98918	-3.65095
2.83742	-3.42398
1.85697	-1.82409
1.77161	-1.73804
1.54652	-1.66377
1.41933	-1.71647
1.23845	-1.66155
1.31801	-1.75847
1.87388	-2.13227
2.20423	-2.39457
2.50808	-2.72169
1.90103	-1.61246
1.81227	-1.32228
1.40836	-0.959802
0.394171	-0.209413
-0.206376	-0.205764
-0.333639	-0.235363
-0.137747	0.00400189
0.0338579	0.223204
0.187219	0.49022
0.229301	0.265094
0.265439	0.0416045
0.647344	-0.519053
1.6544	-0.945547
1.54114	-0.749596
1.69618	-0.887833
2.17328	-1.6822
2.14462	-1.8999
2.41591	-2.75388
1.99926	-2.25767
1.96988	-2.29129
2.04615	-2.37432
2.51143	-2.99374
2.95364	-3.76892
2.88909	-3.60795
2.55612	-2.87152
3.00498	-3.52937
3.59061	-4.31605
3.40669	-3.83891
1.88304	-1.57608
0.392545	-0.220633
-0.156201	-0.24101
-0.128397	-0.141267
-0.0578346	0.221006
0.350811	0.609242
0.277864	0.436561
0.56509	0.763401
0.684368	0.749572
0.747984	0.56035
0.623891	0.257679
0.557359	0.195107
1.34254	-0.713569
1.51337	-0.878472
1.82812	-0.777785
3.02477	-2.27523
2.93052	-2.6953
2.91581	-2.9143
2.8894	-3.30448
3.29463	-4.01184
3.28418	-3.96718
3.05013	-3.46142
2.90915	-3.25197
2.53904	-2.6607
1.92697	-1.76849
1.54877	-1.26095
1.41841	-1.09462
1.5081	-1.40734
1.07205	-0.674984
1.14535	-0.871145
0.819775	-0.0522557
0.974873	0.148383
0.725044	-0.25205
0.686158	-0.26876
1.4767	-1.56966
1.36635	-1.42365
0.716939	-1.01478
1.31582	-1.36075
1.13383	-1.1726
1.42148	-1.39691
1.7237	-1.73255
1.84906	-1.91312
2.0299	-2.21926
1.88378	-2.10089
1.77808	-1.95222
1.90261	-2.02017
2.02021	-2.21892
2.04439	-2.21931
2.3168	-2.5507
2.63425	-2.68106
2.0187	-1.84698
1.74032	-1.52477
2.19655	-2.03299
1.80487	-1.60206
2.07071	-1.74955
2.24633	-2.24031
1.45429	-1.51387
0.875625	-1.50376
0.0269866	-0.641892
-0.0924581	-0.733794
0.133173	-0.777342
0.00871158	-0.572182
0.0181216	-0.74907
0.108724	-0.811384
0.375896	-0.50008
0.560116	-0.688268
-0.00779893	-0.0211096
-0.0982404	-0.0375775
0.157709	0.0549099
-0.0978421	0.0931309
-0.239114	0.0911043
-0.172116	0.279656
0.0552597	0.145829
0.0715096	0.118327
0.296927	0.184669
0.253561	0.325823
0.169602	0.215606
0.220101	0.173744
-0.0546047	0.26034
-0.0834622	0.25965
0.0457234	0.274157
0.185751	-0.021789
0.350373	-0.0448772
0.518887	-0.0550284
0.855336	-0.375681
0.625858	-0.123719
0.945138	-0.489687
0.883653	-0.382002
1.03901	-0.458389
0.986185	-0.357155
1.15684	-0.64463
0.864444	-0.491013
0.797527	-0.466609
1.01725	-0.429574
1.07963	-0.387872
0.873216	-0.423617
0.953417	-0.358771
0.761102	-0.168045
1.06541	-0.37656
1.00353	-0.329724
0.852178	0.00895864
1.15786	-0.200822
1.03209	-0.0948111
1.05203	-0.336598
0.56373	0.133092
0.421569	0.411952
0.384414	0.414521
0.306472	0.259374
0.482946	0.521351
0.639495	0.497325
0.615101	0.546019
0.427209	0.29907
0.305464	-0.0274194
0.359645	-0.846835
0.562134	-1.02211
0.823704	-1.34757
0.626327	-1.19362
0.489789	-1.10874
0.697837	-1.32919
0.217098	-0.816426
0.0703485	-0.618249
-0.060569	-0.591739
0.115906	-0.102539
0.340454	0.113336
0.463575	0.308889
0.488951	0.424871
0.702884	0.442846
0.621654	0.42815
0.638339	0.506574
1.00788	0.377798
0.602556	0.0404332
1.0435	-0.847432
1.54764	-1.26242
2.42087	-2.20917
2.50672	-2.39136
2.29618	-2.13082
1.70567	-1.14751
1.8111	-1.28558
1.67646	-1.07874
1.69332	-1.07968
1.95969	-1.48394
2.04851	-1.66985
2.07814	-1.75121
2.00152	-1.62785
1.92735	-1.5715
1.81653	-1.44795
1.6175	-1.28593
1.4351	-1.1917
1.32847	-1.09731
1.83006	-1.70475
2.03353	-2.30326
1.95296	-2.11963
1.7866	-1.66908
2.00319	-1.73458
2.23867	-2.15036
2.1012	-1.85909
1.47872	-0.88982
1.35856	-1.0036
1.77705	-1.65111
1.3201	-1.24259
0.159793	0.100438
-0.00705544	0.260403
0.311884	0.155908
0.432218	0.413885
0.397096	0.380565
0.363845	0.431611
0.766574	0.567809
0.855564	0.457109
0.604945	0.361407
0.54391	-0.164648
1.63628	-1.64197
0.828628	-0.376055
0.927422	-0.296121
0.760929	-0.0917912
0.749445	-0.0834229
0.926551	-0.297564
1.22134	-0.548385
0.994933	-0.179293
0.937895	-0.184344
1.02852	-0.301392
1.36637	-1.03442
1.23741	-1.05551
1.72306	-1.17357
2.39986	-2.24916
2.39989	-2.41347
2.19313	-1.97925
2.13772	-1.91156
2.64518	-2.94932
2.77434	-3.51804
2.43886	-2.9851
2.58116	-3.26507
2.60592	-3.17928
2.61096	-3.13855
2.27803	-2.40868
2.22127	-2.25106
2.51267	-2.76542
2.65306	-2.86051
3.05503	-3.812
2.51048	-2.84697
2.9092	-3.34419
2.90289	-3.49272
2.46932	-2.85427
2.16166	-2.23425
1.7505	-1.69397
1.4308	-1.35687
1.30542	-1.23846
1.17571	-1.10679
1.15807	-1.09966
1.11013	-1.09472
1.09195	-1.08715
1.16022	-1.16611
1.24052	-1.26476
1.33759	-1.37437
1.66953	-1.78241
1.96591	-2.1674
2.6396	-2.91986
1.85577	-1.51242
1.52576	-1.06576
1.75348	-1.80833
0.980654	-0.687545
0.237591	-0.0374619
0.200472	-0.00098858
0.340228	0.125705
0.475075	0.202
0.271858	0.304696
0.374258	0.493534
0.399816	0.254548
0.509243	0.494579
0.519683	0.564076
0.548447	0.538808
0.204	0.272031
0.286203	0.0467277
1.08284	-0.429384
1.23604	-0.428278
0.922513	-0.179763
1.00984	-0.283829
0.890448	-0.156912
0.887224	-0.101867
0.852503	-0.111876
1.05854	-0.230736
0.964318	-0.138753
1.01237	-0.984561
1.18369	-1.57294
0.975626	-0.665736
0.824827	-0.915245
0.541681	-0.770416
1.52274	-1.62543
1.91211	-1.63779
1.74005	-1.19424
1.51281	-0.800699
2.20323	-1.6024
2.64559	-2.11166
2.01794	-1.53075
1.80564	-1.05725
1.42389	-0.71732
0.906672	-0.348635
0.943681	-0.431666
0.768196	-0.466665
0.94124	-0.796188
0.783354	-0.936193
0.719566	-1.07947
0.555646	-1.0142
0.406767	-0.938986
0.418344	-0.819253
0.41009	-0.702503
1.06337	-1.10743
1.30451	-1.10661
1.28297	-0.892772
1.08667	-1.06221
1.06476	-0.837259
1.30883	-1.15521
1.36649	-1.08236
1.17572	-1.08767
1.18412	-1.17726
0.891819	-0.89055
0.869053	-0.684618
0.742231	-0.712393
0.50282	-0.842597
0.262758	-0.876484
0.301257	-1.03821
0.240252	-1.01943
0.128928	-1.02361
0.139852	-1.04743
0.192271	-1.04711
0.166147	-1.03398
0.104067	-1.04115
0.0897013	-1.07783
0.104563	-1.04898
0.196706	-1.04749
0.297309	-1.00846
0.421305	-0.989177
0.612614	-1.06742
0.808525	-1.10676
1.06074	-1.19852
1.17201	-1.17867
1.4314	-1.29272
1.62478	-1.46455
2.37841	-2.40006
1.68903	-1.35186
1.72338	-1.48896
1.96953	-1.64103
2.38659	-2.07852
1.95082	-1.79801
1.52936	-1.28703
1.40079	-1.09804
0.57724	-0.518942
0.489564	-0.010952
0.685235	-0.0305143
0.758595	0.23294
0.609285	0.470106
0.65478	0.449484
0.472293	0.419417
0.534708	0.478099
0.584035	0.538425
0.601751	0.63734
0.340825	0.165683
0.135239	0.055073
0.21118	0.366762
0.215578	0.483836
0.261076	0.640072
0.466861	0.847805
0.517309	0.550028
0.7614	-0.0486902
0.714	-0.082362
0.916008	-0.287936
0.935942	-0.142858
0.791456	-0.0883923
0.95261	-0.353398
0.796519	-0.195884
0.903999	-0.312256
1.01428	-0.285256
1.22562	-0.333581
1.12861	-0.380273
0.767077	0.129634
1.0022	0.179041
0.993352	0.07276
0.9648	0.150475
1.04828	0.323198
1.11267	0.123115
0.765207	-0.811395
0.947687	-0.896809
1.18904	-1.16692
0.897256	-0.895839
0.863059	-0.930963
0.814807	-0.978423
0.703315	-0.975877
0.731026	-1.12381
0.638356	-1.049
0.600119	-0.97926
0.725155	-1.0809
0.879255	-1.13448
0.956477	-1.11392
1.16224	-1.22744
1.38356	-1.42043
1.78145	-1.84868
1.94739	-1.85708
2.39935	-2.33553
3.2232	-3.96302
2.82224	-3.17024
2.93121	-3.3357
2.77929	-3.18832
2.6542	-2.75051
2.79495	-3.10123
1.70696	-1.23175
1.51641	-1.04042
1.95483	-1.58676
2.11192	-1.86693
2.43652	-2.24505
2.35992	-2.14697
2.41046	-2.20822
2.57985	-2.6099
2.31096	-2.23961
2.25872	-2.14074
2.12862	-1.89571
2.18389	-1.88446
2.6166	-2.44578
3.20385	-3.298
3.1662	-3.7629
2.73098	-3.27795
2.22638	-2.21033
2.33323	-2.37656
2.04642	-1.94476
1.87047	-1.72448
2.14212	-2.22231
0.46232	-0.380876
0.355748	-0.114646
0.0579993	0.253002
0.315102	0.163151
0.638595	0.294222
0.334698	0.24791
0.402317	0.158371
0.352294	0.184481
1.10756	-0.669295
1.23673	-1.00398
1.5679	-1.37764
2.24659	-1.9225
2.28847	-1.68866
1.88498	-1.41003
2.00301	-1.53644
1.85516	-1.32663
1.71338	-1.1315
1.75509	-1.21355
1.76573	-1.29021
1.74466	-1.21513
2.1678	-1.79722
1.89801	-1.19034
1.60037	-1.06937
1.5762	-1.22002
1.20859	-0.435126
1.20599	-0.612874
0.777476	-0.0679694
0.594698	-0.333147
1.51889	-1.02651
1.65496	-0.904123
1.74076	-1.22987
2.10025	-1.55602
1.67517	-1.10957
2.09175	-1.72542
2.3846	-2.0556
2.19936	-2.00215
1.90843	-1.51349
1.55436	-1.01948
1.47265	-0.951149
1.63157	-1.26258
0.0210496	0.016428
0.00464931	0.103314
-0.367286	0.0819701
-0.198087	-0.363939
-0.358762	-0.160524
-0.260624	-0.144983
0.32319	-0.104588
1.37863	-1.08399
1.61893	-1.28376
1.51839	-1.13542
1.36573	-0.97147
1.93932	-1.96589
2.51983	-2.90437
2.00311	-2.22665
2.13609	-2.59594
2.42497	-3.04588
2.58962	-3.20756
2.21277	-2.23708
1.82802	-1.22525
2.7284	-2.32455
2.43825	-1.91345
2.58189	-2.3318
2.34158	-2.05221
2.01861	-2.56357
2.02762	-2.5335
2.27145	-2.93625
2.11698	-2.53899
1.51582	-1.76008
1.46431	-1.3827
1.39033	-1.02263
1.25176	-0.971855
0.414964	0.0679701
0.707201	-0.0527231
0.902604	-0.33473
1.01996	-0.478352
1.39797	-0.755432
1.45522	-0.903346
1.72676	-1.02995
1.60386	-1.00034
1.63428	-0.927344
1.45508	-0.670086
1.23901	-0.364708
1.00007	-0.854994
1.31181	-1.16859
1.24877	-0.942315
1.16681	-0.730377
0.749333	-0.0543082
1.01854	-0.235101
0.923014	-0.454807
0.770487	-0.225668
1.46239	-1.09531
2.11758	-1.48598
2.42704	-1.78948
2.20504	-1.38468
2.27649	-1.75258
2.86623	-2.97936
2.69603	-2.83585
2.64857	-2.81549
2.58596	-2.67182
2.61442	-2.6625
2.15078	-2.18674
2.01106	-2.06469
1.89195	-1.83427
1.58044	-1.43348
1.59117	-1.37952
0.728069	-0.652585
0.679321	-0.37135
0.371664	-0.537602
0.204535	-0.711768
0.476008	-0.973732
0.677192	-1.18032
0.680933	-1.06391
0.224933	-1.11421
0.239974	-1.20357
0.215336	-1.19316
0.394797	-1.4038
0.142612	-1.13983
0.20043	-1.08213
0.212092	-1.17912
0.409002	-1.27233
0.531741	-1.41361
0.507163	-1.24932
0.532151	-1.11718
0.867766	-1.1971
0.986389	-1.33831
1.19558	-1.22273
1.62983	-1.38695
1.98794	-1.61771
1.91236	-1.57234
2.0342	-1.60166
2.22536	-1.73383
2.46034	-1.86478
2.09053	-1.32797
1.94355	-1.29213
1.74938	-1.1719
1.76294	-1.15166
1.32837	-0.751905
1.40733	-0.556239
1.29273	-0.516774
1.10843	-0.383141
1.13385	-0.44475
1.23151	-0.76136
1.02775	-0.277669
1.17506	-0.427487
1.03656	-0.192216
0.907469	-0.153088
0.918312	-0.327574
1.16745	-0.284775
1.02844	-0.131982
1.0217	-0.268926
0.945163	-0.322312
1.13571	-0.193112
1.08186	-0.248073
1.00269	-0.213377
1.05531	-0.254232
0.835777	-0.000803191
0.688084	0.107248
0.794487	-0.0870527
0.824702	-0.0886059
1.00573	-0.318006
0.857383	-0.31393
1.29625	-0.802272
0.975243	-0.543248
0.574416	-0.404623
0.790711	-0.61344
1.80858	-1.59185
1.83801	-1.86577
2.41799	-2.73218
1.19014	-1.27107
1.85944	-1.71811
2.73248	-2.78468
2.34157	-2.16166
2.01742	-1.56068
2.24757	-1.7278
2.45294	-2.02576
2.02713	-1.47183
1.67462	-1.23352
0.0654986	-0.084573
0.0111109	0.0804093
-0.168764	0.361784
0.117556	0.538891
0.473024	0.727862
0.455982	0.786105
0.482462	0.507744
0.324517	0.43405
1.01245	-0.544701
1.86602	-1.3523
2.11844	-1.4991
2.01597	-1.48515
2.72242	-2.61168
3.54445	-3.78509
3.61116	-3.90679
2.26982	-1.80884
1.82826	-1.52831
1.70559	-1.28645
1.77742	-1.2793
1.7963	-1.00268
1.54558	-0.637049
1.4152	-1.07995
1.16513	-0.761266
1.22734	-0.911849
1.26044	-1.11635
0.74127	-0.321896
0.78563	-0.743482
1.83059	-1.51039
1.8347	-0.967668
2.19039	-1.4121
2.51725	-1.80124
2.17817	-1.38239
2.35973	-1.79534
2.19147	-1.53886
2.95186	-2.58305
3.02183	-2.63118
2.72064	-2.0447
1.7439	-0.964022
2.36266	-1.67439
2.61184	-1.81848
2.69498	-2.15368
2.64295	-2.13655
3.9202	-4.69272
2.83281	-2.96698
2.58692	-2.6444
2.42221	-2.41856
2.30057	-2.32156
0.637584	-0.25316
-0.102697	0.0125668
0.128943	-0.113334
0.0312617	0.135881
0.205519	0.384484
0.546505	0.621775
0.622945	0.486661
0.537392	0.193856
0.482687	-0.000452981
1.17609	-0.916307
1.78966	-1.06793
1.38426	-0.875719
1.60094	-1.0681
2.32602	-1.94842
2.30481	-1.84345
0.828426	-0.317877
0.427878	-0.276947
0.431493	-0.148677
0.0766575	0.291427
0.723643	-0.320811
1.17846	-0.938629
0.94798	-0.745846
0.751434	-0.499095
0.908679	-0.296225
1.15393	-0.493518
0.959221	-0.278721
0.838003	-0.213868
1.14887	-0.606033
1.0776	-0.911882
2.04537	-1.84595
1.79415	-1.44495
1.92776	-1.70723
1.86006	-1.64631
1.86174	-1.7781
1.62954	-1.70795
1.26453	-1.29855
1.06675	-1.2189
0.680985	-0.847663
0.625704	-0.568082
0.661931	-0.773875
0.942166	-0.82718
0.816223	-0.43635
0.686884	-0.0657436
0.328336	0.222923
0.387045	0.161452
0.415797	0.257674
0.135204	0.0729752
1.45954	-1.27683
1.27527	-0.762113
1.41044	-1.01051
1.43971	-0.902742
1.93467	-1.37121
2.10558	-1.66965
1.96094	-1.34448
2.12565	-1.43399
1.819	-1.02514
1.77071	-1.10337
1.51353	-1.09671
1.25056	-0.876737
1.27593	-0.966018
1.07997	-0.570063
0.974558	-0.438634
0.788359	-0.406024
1.28568	-0.750977
1.47941	-1.11028
0.91112	-0.9207
1.1357	-0.832764
2.67724	-3.11895
2.80116	-3.38369
1.76484	-1.90187
2.78869	-3.46228
2.28946	-2.55262
2.17638	-2.36904
1.82231	-1.93235
2.12447	-2.38064
2.11012	-2.39216
1.98069	-2.20085
2.36501	-2.71685
2.30461	-2.7519
2.47357	-2.98804
2.37771	-2.74799
2.77327	-3.23818
2.64259	-3.03263
2.68396	-3.2012
2.3532	-2.64852
2.21833	-2.3988
2.43468	-2.57601
2.55888	-2.58771
1.99294	-2.18026
1.18665	-1.69782
0.655488	-1.53045
0.477507	-1.46204
0.356465	-1.20754
0.167617	-1.00179
0.451002	-1.11908
0.299186	-1.12103
0.296351	-1.03101
0.377149	-0.927233
0.779042	-0.91554
0.563986	-0.622418
0.114183	-0.1065
0.134136	0.0959933
0.29334	0.364017
0.338163	0.363188
0.434451	0.687768
0.349659	0.546689
0.214808	0.158277
0.555503	0.46342
0.389027	0.552666
0.540647	0.648216
0.477649	0.556818
0.39031	0.557124
0.433123	0.185854
0.299656	-0.0332583
0.441964	0.438507
0.198601	0.438523
0.378286	0.420166
0.576838	0.682883
0.380077	0.281125
0.448306	0.474225
0.703503	0.285708
0.692787	-0.0535748
0.882517	-0.0875281
0.838863	-0.0993279
1.00987	-0.222374
1.01426	-0.265204
1.1542	-0.350974
1.46066	-1.03206
2.95801	-3.13196
3.45877	-3.90593
3.54053	-4.00771
2.8565	-3.08412
3.04137	-3.46225
2.77868	-3.02512
2.53024	-2.643
2.22563	-2.20235
1.80373	-1.20406
1.2301	-1.13036
1.23103	-0.450058
1.0892	-0.924103
3.01194	-2.78282
1.84223	-1.22145
1.27586	-0.504097
2.50117	-1.71189
3.06452	-2.69182
3.31099	-3.28883
2.67167	-2.18129
3.53571	-3.58934
3.17809	-3.1689
2.9364	-2.66845
3.25394	-3.23837
2.91828	-3.17444
2.80367	-3.56057
2.44489	-2.96272
2.04786	-2.37608
2.2214	-2.63545
2.51959	-2.72956
2.85741	-2.8889
2.19956	-1.46859
2.4434	-1.71053
2.04	-1.22472
1.93631	-1.06948
1.73123	-0.859639
1.60225	-0.804514
1.49859	-0.581679
1.2738	-0.406361
1.26243	-0.519952
1.2354	-0.453256
1.1782	-0.532792
1.05993	-0.401476
1.05114	-0.341358
1.18369	-0.447749
1.08229	-0.318699
1.2743	-0.518269
1.11665	-0.360742
1.40677	-0.745146
1.58194	-0.788806
1.59332	-0.668623
1.90904	-0.863214
2.01638	-1.0008
2.31099	-1.41712
2.25449	-1.34924
2.35055	-1.56137
2.14845	-1.1994
3.3946	-3.32462
2.25777	-2.39994
2.66363	-3.32381
2.29488	-2.71573
2.5595	-3.2454
2.32517	-2.90824
2.3577	-2.93627
2.06453	-2.30287
1.98907	-2.11563
1.78467	-1.78731
1.56964	-1.32592
0.975726	-0.951314
1.04679	-0.743213
1.21732	-0.999971
2.43196	-2.35827
1.7599	-1.24251
0.23255	-0.341999
0.293835	-0.714079
-0.149135	-0.95013
1.04134	-0.798275
2.43759	-2.45004
2.74091	-2.81098
2.44435	-2.22246
3.01028	-2.88009
3.38254	-3.45167
3.29923	-3.29236
3.28096	-3.13647
3.09029	-3.83962
2.41326	-2.61372
2.92179	-3.62944
2.65508	-3.14154
3.34085	-3.98292
2.7163	-2.17595
3.4825	-3.37453
3.37157	-3.42582
2.66541	-2.51366
2.32962	-1.94763
2.23565	-1.6648
2.01833	-1.57847
2.09083	-1.88204
1.42374	-1.13337
1.08225	-0.760517
1.00206	-0.691252
1.16884	-0.468069
1.25473	-0.511731
0.758695	-0.563435
1.40498	-1.51575
1.44481	-1.32719
1.65033	-1.27219
2.3799	-2.52166
2.74812	-3.09905
1.46399	-1.26214
1.33665	-1.08606
1.44196	-1.15284
1.51733	-1.38599
1.1271	-0.78988
0.938123	-0.417907
1.23315	-0.906993
0.941712	-0.692528
0.967552	-0.765664
0.127638	-0.179743
0.237305	-0.068665
0.125338	-0.173108
0.0540671	-0.083511
-0.105573	-0.744352
-0.0736506	-0.910262
0.41936	-1.01039
1.79573	-2.25205
2.10382	-2.5089
2.37818	-2.68101
2.56151	-2.77819
2.22328	-1.78903
2.24711	-1.91779
2.03303	-1.63159
2.1204	-1.57753
2.31046	-1.73515
2.31853	-1.25472
1.98082	-1.18632
2.33226	-1.20951
2.06726	-1.36519
1.85403	-1.38811
1.42318	-0.809054
1.11065	-0.701763
0.695659	-0.350694
0.685725	-0.224682
0.948613	-0.29431
1.01232	-0.442425
0.94236	-0.362757
0.987678	-0.316784
1.11025	-0.489623
0.85889	-0.164449
0.841692	0.0156147
1.04465	-0.0473365
1.13574	-0.230166
0.762493	0.0590696
0.768741	-0.014184
0.740291	-0.0278894
1.07204	-0.560146
1.27035	-0.78202
1.03618	-0.367915
1.09249	-0.440017
1.0647	-0.403043
0.982499	-0.264998
0.853177	-0.132148
0.997744	-0.340904
0.864772	-0.201981
1.08677	-0.406871
1.01771	-0.396748
1.07461	-0.151068
0.986585	-0.178463
0.808018	0.044927
0.93875	-0.232227
1.04449	-0.188718
0.931048	-0.21505
0.977357	-0.318004
0.824214	-0.421796
0.844313	-0.534307
1.62546	-1.3315
1.55838	-1.08107
2.75322	-2.73348
3.01596	-3.05421
2.93308	-2.82073
2.85245	-2.75838
2.18785	-1.68169
2.01527	-1.42506
1.9057	-1.30983
1.67843	-1.05798
1.70052	-1.02552
1.39111	-0.669894
1.37587	-0.720241
1.01047	-0.339756
1.05767	-0.400762
0.953467	-0.248726
0.892447	-0.257406
0.627661	-0.109817
0.395209	0.0410958
0.343132	0.0643987
0.430175	-0.059311
0.526893	-0.220774
0.662195	-0.372862
0.755962	-0.614141
0.665773	-0.712716
0.550522	-0.799294
0.461139	-0.804995
0.407615	-0.818708
0.411035	-0.890602
0.476974	-0.880733
0.617421	-0.923788
0.865156	-1.05904
1.27593	-1.42785
1.90686	-2.22375
2.38438	-2.77957
2.12941	-2.40497
2.17563	-2.45615
1.53712	-1.32484
2.37014	-2.41409
2.14222	-2.26015
2.38398	-2.73143
2.01839	-2.36861
2.07267	-2.37105
2.59896	-3.04999
2.54242	-3.05467
1.91484	-1.55404
2.87373	-2.38099
2.54045	-1.88541
2.37953	-1.67978
2.39154	-1.6988
2.03715	-1.17164
2.03048	-1.22434
1.69439	-0.858302
1.67762	-0.992699
1.67208	-0.996464
1.54783	-0.784128
1.35729	-0.488183
0.983295	-0.257879
0.525065	-0.288734
0.443882	-0.334612
-0.483807	0.120157
-0.245042	0.181056
-0.0628401	0.143864
0.357474	0.103571
0.535455	0.340274
0.57145	0.21666
0.730074	0.487525
0.520398	-0.111028
0.654642	-0.189755
0.782618	-0.44487
1.5371	-1.30968
2.44551	-2.48411
2.26995	-2.41273
2.71917	-3.30537
2.60746	-3.17075
2.2525	-2.70525
2.41946	-2.86606
2.40293	-2.63208
2.13923	-2.12257
1.61844	-1.50468
0.98278	-0.644813
0.937874	-0.777733
0.89036	-0.580272
0.755636	-0.305181
0.768376	-0.571199
2.94157	-2.69269
1.44955	-0.382138
1.45339	-0.385462
1.48239	-0.506361
1.64536	-0.789401
1.33679	-0.784873
0.0918555	0.310031
-0.150507	0.123233
-0.0825403	0.151647
0.0569087	0.294174
0.305738	0.341133
0.476914	0.304149
0.815147	-0.126764
0.947365	-0.331706
1.19753	-1.04931
2.10895	-2.03675
3.31752	-3.53129
2.61787	-2.16576
2.90609	-2.83072
2.31594	-2.09377
2.03262	-1.92597
1.4834	-1.31188
1.14616	-0.805615
0.932735	-0.537518
0.813697	-0.473362
1.14147	-0.621342
1.11391	-0.564993
1.0021	-0.525881
1.47589	-1.35823
1.39202	-1.11952
1.24554	-1.21217
1.42512	-1.41195
2.06689	-2.25645
1.73114	-1.68024
2.18345	-2.36675
2.69795	-2.951
2.91071	-3.32685
2.44307	-2.55682
2.65188	-3.09151
2.72352	-3.39127
2.54777	-2.9374
2.43102	-2.62288
2.29675	-2.24477
1.21301	-1.11468
0.446983	-0.501869
-0.158399	0.127602
-0.0346713	-0.0808194
-0.248207	0.23771
0.136942	-0.0877758
0.0909442	0.341011
0.462018	0.404938
0.477733	0.0502705
0.617405	-0.283259
0.448355	-0.467419
2.08316	-1.74604
2.45327	-2.0422
2.86696	-2.41664
2.78127	-1.98716
2.6234	-1.71186
2.36504	-1.5016
2.28254	-1.3877
2.20284	-1.28743
2.52517	-1.95564
1.3062	-0.750311
0.360987	-0.216897
0.0354444	0.271273
0.391777	0.571977
0.591954	0.796133
0.587665	0.778118
1.12251	1.12285
1.03201	0.726232
1.03282	0.675039
1.35124	0.946252
0.938865	0.423575
1.1919	0.403781
0.937203	-0.326127
1.18654	-0.665303
1.35372	-1.10279
1.14723	-1.07403
1.20356	-0.914804
1.06136	-0.565815
1.22945	-0.405034
1.72882	-1.02446
2.57562	-2.19029
2.35953	-1.93933
3.00315	-2.7243
3.13937	-3.08121
2.91083	-2.71954
2.39659	-1.99976
2.27711	-1.84578
2.17806	-1.55629
2.11422	-1.39944
2.43194	-1.94493
2.62123	-2.01622
2.42665	-1.6324
2.16722	-1.22998
2.60274	-2.00439
2.10626	-1.57272
2.02448	-1.7046
2.02683	-1.74788
1.7253	-1.8732
1.81601	-2.02323
1.6593	-1.96507
1.75006	-1.65571
1.54091	-1.07548
1.7901	-1.64279
1.59803	-1.63665
1.51502	-1.77277
1.26168	-1.29582
1.51132	-1.58744
1.34975	-1.25954
0.958519	0.262334
0.8582	0.0362231
1.19325	-0.214002
1.14887	-0.153897
1.35703	-1.20869
1.88071	-1.68041
2.65137	-2.77792
2.3056	-2.14421
2.47797	-2.42804
2.35712	-2.04151
1.81311	-1.52227
2.22124	-2.58866
2.24028	-2.60365
2.00454	-2.16973
0.947848	-0.828924
1.45829	-1.34607
2.20876	-1.84526
2.637	-2.13061
2.70825	-2.46998
2.87048	-2.68712
2.13878	-1.61666
1.47364	-1.15925
2.55655	-2.65255
2.92633	-3.12764
2.05095	-1.84454
1.43294	-0.982612
1.37348	-0.905161
1.1965	-0.856359
0.890594	-0.415105
0.685232	-0.00208453
0.965514	-0.183269
0.935573	-0.284822
0.732923	-0.334219
0.470861	0.201829
1.15518	-0.455955
1.56826	-0.774265
1.50475	-0.762364
1.36475	-0.616281
1.40118	-0.868277
1.38809	-0.986328
-0.373607	0.127477
-0.392617	-0.0437474
-0.147202	0.164683
0.00503173	0.457413
0.0709067	0.383352
-0.0857648	0.287962
0.752644	-0.397359
1.11002	-0.516796
1.40599	-0.700812
1.2624	-0.72367
1.30298	-0.651295
1.07651	-0.484689
1.2244	-0.928448
1.18891	-0.846891
1.09151	-0.661119
1.45452	-0.877653
2.18445	-1.62646
2.13209	-1.43833
2.19626	-1.71949
2.32712	-2.16425
2.62226	-2.7277
2.20098	-1.99944
2.12589	-2.01929
3.23582	-3.7332
3.57702	-4.24758
2.38055	-2.02611
1.55874	-1.1406
1.30443	-0.974257
1.4374	-1.24937
0.994074	-0.720503
0.998912	-0.543855
0.902852	-0.494402
1.02976	-0.781471
1.04534	-0.666139
1.48135	-0.981134
1.88781	-1.16815
1.54256	-0.787414
2.06968	-1.67097
2.04406	-1.73861
0.946718	-0.445301
1.00585	-0.648065
1.30372	-1.17183
0.800767	-0.604037
0.830861	-0.364715
0.869889	-0.0307351
0.803517	-0.043377
0.704372	-0.287705
1.15069	-0.903195
2.40305	-2.51112
2.81175	-3.28317
2.22474	-2.42735
2.59759	-3.08612
2.33613	-2.66507
2.51904	-2.91985
2.59062	-2.96523
2.82513	-3.37562
2.57024	-3.24619
2.12028	-2.55699
2.27974	-2.62383
1.78021	-1.72799
1.49612	-1.29412
0.449626	-0.516493
0.550994	-0.183419
0.476074	-0.131087
0.370045	0.0587087
0.545985	0.58289
0.441611	0.365598
0.395588	-0.231669
1.18494	-0.720457
1.33254	-1.08965
1.41578	-1.18038
1.44171	-0.931465
2.21423	-1.65526
2.43721	-1.96868
2.93354	-2.92911
2.48855	-2.3123
2.19576	-1.87254
2.38066	-2.23355
2.02779	-1.70683
1.90178	-1.62191
1.49558	-1.16218
1.34589	-1.16001
0.97434	-1.01078
0.560769	-0.924439
0.293735	-0.935052
0.387922	-0.815818
2.64679	-3.30581
2.61049	-3.22597
2.27996	-2.63635
2.25809	-2.59119
2.08585	-2.30379
1.26551	-1.14114
1.07896	-0.977531
1.07855	-0.83504
0.945055	-0.815804
0.69995	0.0385727
0.998928	-0.266282
1.57098	-1.35361
1.94986	-1.64463
1.82341	-1.15885
1.85665	-1.13733
2.35513	-1.84579
2.90733	-2.89554
2.98285	-3.4133
1.69126	-1.73657
2.3151	-2.70181
2.97452	-3.60311
3.12326	-3.53101
2.90864	-2.87567
2.60597	-2.30629
2.40315	-2.09606
2.22003	-1.98018
2.17372	-1.86466
1.91977	-1.56849
1.94872	-1.55668
2.30941	-1.92497
2.50243	-2.14993
2.28491	-1.81368
2.05848	-1.48475
2.31008	-1.96152
2.37394	-2.0986
3.15371	-3.30484
2.91125	-3.36588
2.51898	-3.1666
2.71255	-3.53945
2.4766	-3.13032
2.23258	-2.55161
0.789416	-0.870885
0.301729	-0.742853
-0.0510505	-0.793875
-0.166625	-0.85617
-0.222849	-0.980675
-0.152546	-1.02355
0.00439184	-1.06939
0.300486	-1.08835
0.839643	-1.33347
1.2186	-1.42477
1.76426	-1.81169
2.02798	-1.85687
2.03987	-1.66493
2.39944	-1.99067
2.92877	-2.81272
2.44482	-2.44272
2.38755	-2.53763
1.35764	-1.2803
2.27385	-2.45103
1.80953	-1.6817
1.54262	-1.08783
1.41534	-0.781545
1.53374	-0.845438
1.41951	-0.62858
1.41657	-0.512526
1.40945	-0.581192
1.64221	-1.01833
2.00463	-1.65768
2.03511	-1.87214
2.42417	-2.39495
2.74805	-2.90659
2.20134	-2.55659
2.34911	-2.8801
2.192	-2.77771
2.07928	-2.54195
2.24086	-2.77771
1.71992	-1.96794
0.579236	-0.706587
-0.126872	-0.582195
-0.113858	-0.86384
0.0548288	-1.08021
0.25716	-1.05685
0.4305	-1.04617
0.637802	-0.978702
0.834398	-0.984487
1.10559	-1.09184
1.48436	-1.35655
1.68597	-1.334
1.05507	-0.356744
0.40226	-0.350319
0.0207105	-0.21666
0.243502	0.119285
0.210636	0.097566
0.247592	0.338066
0.605298	0.565469
0.559394	0.625216
0.68147	0.587606
0.549559	0.342183
0.65801	0.0299803
0.719027	-0.173154
0.895847	-0.431461
1.30722	-0.989866
1.71596	-1.44445
1.55293	-1.60601
0.801664	-0.617874
0.884832	-0.635581
1.1555	-0.834727
1.65673	-1.42985
1.51251	-1.51088
1.38194	-1.4809
1.07266	-1.25936
1.23524	-1.60736
1.17208	-1.81648
0.754202	-1.39326
0.668218	-1.27371
0.725462	-1.35213
0.707585	-1.26197
0.938907	-1.39346
1.38616	-1.85363
1.42968	-1.59917
1.67032	-1.85184
1.50771	-1.4216
1.06889	-0.918066
1.18049	-0.717466
1.22662	-0.875486
1.01372	-1.07791
0.763626	-0.754011
1.06812	-0.795889
0.645044	-0.228802
0.980309	0.337592
0.839091	-0.539288
0.63189	-0.503413
0.71828	-0.552072
0.51776	-1.03136
0.637273	-1.04373
0.195783	-0.9524
0.574422	-1.23951
0.605711	-1.20721
0.874994	-1.07293
1.42141	-1.10462
0.759675	-0.501257
1.17571	-0.619773
0.883095	-0.21268
0.835777	-0.199829
0.927563	-0.32812
1.44529	-1.31474
1.35401	-0.906265
0.884435	-0.0216185
1.30111	-0.557594
1.96638	-1.67481
2.02589	-1.61505
1.9842	-1.65039
2.12182	-1.58493
1.87262	-1.34199
2.21658	-1.63461
1.79507	-1.14434
2.0525	-1.42124
1.68498	-0.998664
1.55804	-0.779599
1.23372	-0.611012
1.18732	-0.61704
1.26227	-0.763231
1.23541	-0.508971
0.741689	-0.0794635
0.918213	-0.311444
1.10529	-0.429425
1.0264	-0.268084
0.871443	-0.282471
