2.69408	0.441032
0.0471774	3.10931
-0.0526058	0.0932845
-0.0961253	0.00676075
0.051329	-0.014295
-0.111601	0.000247059
0.0442167	-0.0379789
-0.149375	0.0857462
0.0859715	-0.0590817
-0.100718	0.147074
-0.270754	-0.0130412
-0.899398	-0.247898
0.57168	-0.795122
2.88694	0.620278
0.0514	2.79835
-0.0678003	0.139759
-0.0570434	-0.0671723
0.016928	0.041082
-0.252059	-0.0574473
-0.0913314	-0.21934
0.0739822	-0.151624
-0.639231	0.0472878
-0.0588389	-0.653336
0.768592	-0.0428225
-0.12777	0.796638
2.10908	-0.413756
5.18975	2.01475
-0.113748	5.20726
0.0104825	-0.084192
0.00915006	0.0327339
-0.0329792	-0.0129901
-0.141239	-0.0147997
0.159639	-0.13151
0.365835	0.190266
-0.363333	0.364527
0.0489007	-0.385516
0.612501	0.101136
-0.788749	0.611337
1.90659	-0.758852
6.22125	1.49933
-0.0997914	6.78156
0.0529392	-0.111956
0.130722	-0.102718
0.137085	0.036473
-0.207764	0.155092
-0.411386	-0.10213
-0.282544	-0.419229
-0.161942	-0.309059
0.307157	-0.154161
0.372731	0.325212
-0.365735	0.33335
0.856258	-0.198398
5.97018	0.548132
0.0945864	6.32667
-0.118319	0.0486967
-0.341918	-0.0565297
-0.0978009	-0.367361
-0.153582	-0.0902873
-0.15694	-0.13824
-0.0461793	-0.144393
-0.0806874	0.0113316
0.375579	-0.105613
0.883793	0.451035
-0.312712	0.645905
1.36086	0.0174761
4.74062	1.49138
-0.161925	4.85549
-0.173313	-0.149497
0.125258	-0.144895
0.0564525	0.110657
-0.288093	0.0534038
0.0737419	-0.222449
0.366156	0.0749426
-0.0950203	0.37339
0.0711696	0.108156
-0.012537	0.107645
-0.366503	-0.121104
1.34673	-0.322128
6.40855	1.31799
-0.0409644	6.35837
-0.0830904	-0.0910352
-0.186493	-0.169618
0.281021	-0.313285
-0.164154	0.185762
-0.149674	-0.189345
0.162084	-0.172109
0.377144	-0.0918694
0.360342	0.229355
0.548993	0.369444
0.127014	0.489783
0.967887	0.0895688
5.84442	0.94586
0.0097946	6.08404
-0.0578571	0.0568845
-0.310895	-0.139918
0.0989178	-0.247323
-0.12766	0.110236
-0.331403	-0.0907426
0.164177	0.00107031
-0.159138	0.216716
0.0830569	-0.0510501
0.548949	-0.0523606
0.40123	0.484605
0.972189	0.263481
4.32526	0.703013
-0.0607655	4.79257
-0.0561721	-0.123809
-0.0633474	0.112861
0.292847	-0.23891
-0.101426	0.169398
0.153479	-0.0587894
-0.133367	-0.0690783
-0.0717985	-0.0465367
0.339565	0.0700422
0.472261	0.186638
-0.366651	0.352501
1.92393	-0.327934
6.45841	0.497524
-0.120193	6.50723
0.0639032	-0.180146
0.0984069	0.0169903
-0.0451324	0.107679
-0.184976	-0.0525346
-0.0640316	-0.171067
0.104506	-0.087584
0.152047	0.0582162
0.140899	0.177239
-0.0306394	0.0861129
-0.287238	-0.143581
-0.199276	-0.11169
3.91357	-0.435644
-0.144246	4.21354
-0.235582	-0.100418
-0.153022	-0.0534246
0.240959	-0.0668094
-0.080427	0.0298693
-0.187244	-0.281296
0.138049	-0.0988484
0.0501975	-0.0767967
0.200922	0.0337554
0.0053148	0.036706
-0.78464	-0.0977947
0.362848	-0.80991
3.01578	0.60752
0.0388835	2.90941
-0.0281987	0.0547417
0.110629	-0.0444011
0.267994	-0.044217
-0.0896683	0.103596
0.00424411	-0.457482
0.0852621	-0.122624
0.260145	0.145541
0.120617	0.358724
0.242014	0.247082
-0.431202	0.235254
0.716019	-0.365099
6.55721	1.18718
-0.0399337	6.60288
-0.18935	0.0265629
-0.0944871	-0.200606
0.167913	-0.0678654
-0.333705	0.168006
-0.31834	-0.312056
-0.471665	-0.214724
-0.0411853	-0.340518
-0.186093	-0.182966
-0.445835	-0.226489
-0.352793	-0.470263
1.93497	-0.210848
5.76142	2.05005
0.092946	5.96944
0.000885128	0.127528
-0.0127063	-0.0184881
0.0639359	-0.0685579
-0.171943	0.0656305
0.0951733	-0.0431024
0.0144306	-0.0367996
0.0170329	-0.0360618
0.104777	0.149342
0.0356163	0.265969
-0.0570647	0.0349655
0.912951	-0.329839
4.45399	0.256126
0.0595066	3.55101
0.0260865	0.0612412
-0.0783725	-0.0495423
0.0981718	0.0556167
0.0148015	0.133168
0.12816	-0.072951
0.243927	0.0597906
0.141689	0.166808
-0.119309	-0.0522455
0.136511	-0.167368
-0.0728446	-0.16729
1.56043	-0.174711
4.72031	1.97753
0.191326	5.84342
-0.0719929	0.134407
-0.150313	-0.0120834
0.147934	-0.260265
0.0257597	0.153002
0.0581193	0.0813632
0.0568762	0.152493
0.0301838	-0.00574583
-0.345091	0.000649748
-0.216335	-0.0443894
-0.321107	-0.128811
1.33247	-0.266054
3.3648	1.3498
-0.0916888	3.1473
-0.0758478	0.114874
-0.141065	-0.0474007
0.215508	-0.105156
-0.0485652	-0.0470794
0.0542285	0.14987
-0.0865598	-0.0265745
0.219863	-0.0776736
-0.228024	-0.163129
-0.31849	-0.1083
-0.774737	-0.294673
0.612242	-0.785493
2.96838	0.456029
2.65353	0.671756
-0.0967767	3.00593
0.131974	0.054294
-0.0190944	0.0476283
0.0216028	-0.0100759
-0.0422638	-0.141745
0.0830162	-0.0210928
0.0351876	-0.0214523
0.0905232	-0.0426303
-0.00723064	0.182917
-0.153937	0.0477848
-0.824097	-0.242217
0.542477	-0.710041
5.84263	0.224397
-0.0280773	5.79348
-0.137181	-0.141846
-0.0605705	-0.108116
0.0368834	-0.0139312
-0.458481	-0.189275
0.0961717	-0.35727
-0.0309653	0.0532466
-0.113273	-0.0712845
0.164585	-0.145076
-0.209046	0.153837
-0.467131	-0.105312
1.43642	-0.560252
6.69673	1.302
-0.0383484	6.65242
-0.157109	-0.0192221
-0.144114	-0.229206
0.109008	-0.24944
-0.0830006	0.00247602
-0.404551	-0.00174345
-0.171091	-0.333497
0.140475	-0.137934
0.273747	0.179387
1.06268	0.288615
-0.536709	1.02835
0.498728	-0.37724
6.24078	0.422785
-0.070275	6.56667
-0.0170032	0.01304
-0.296944	-0.104377
-0.0365741	-0.180056
-0.536264	-0.142203
0.187477	-0.557181
-0.103835	0.314698
-0.284834	-0.213175
-0.445023	-0.266646
0.387028	-0.537717
-0.130869	0.433264
2.05683	-0.457475
4.92735	2.23583
-0.259958	4.37733
-0.272668	-0.0696246
-0.215991	-0.159564
-0.297911	-0.254427
-0.115404	-0.357996
0.199463	-0.146213
-0.0712593	0.138966
0.0590887	-0.0607184
0.0790644	0.0981702
-0.15649	0.0992785
-0.75834	-0.13581
1.00562	-0.770904
7.33979	1.01876
0.0662363	7.39737
0.000828853	0.0731009
0.0610665	0.0346313
0.116474	0.0517221
-0.375233	0.0814872
-0.140743	-0.346223
0.0279374	-0.0794007
-0.192808	0.0148985
-0.3025	-0.240518
-0.0304255	-0.349529
-0.573194	0.106479
1.33746	-0.625549
5.96807	1.5617
0.00192948	5.37184
-0.134869	-0.0384385
-0.177642	-0.0875358
-0.226811	-0.140942
-0.163982	-0.21759
0.284167	-0.184315
0.180693	0.265455
0.0398369	-0.269972
0.243238	0.0122875
-0.157475	0.302963
-0.691968	0.00032994
1.57622	-0.856731
5.30906	1.55784
-0.0217433	4.94018
-0.0129039	-0.0138933
0.0163148	-0.0544342
-0.0851501	0.00109458
-0.33807	-0.204589
0.171939	-0.181457
0.0518146	-0.0897593
0.433711	-0.11012
0.333026	0.0753361
0.204817	0.122355
-0.474456	-0.0134415
0.940602	-0.56568
5.1279	0.513037
-0.0783748	6.36894
0.138592	-0.125714
-0.0839627	0.0961758
-0.178109	0.0530284
-0.404717	-0.191873
-0.102305	-0.432052
-0.0053628	-0.0527227
-0.221117	0.225427
0.314508	0.0433511
0.015145	0.19229
-0.0688716	0.120262
1.1176	-0.380068
5.27831	0.694164
0.0340561	4.84718
-0.0436515	0.0298644
-0.0203192	-0.048679
-0.108827	-0.197071
-0.416404	-0.11863
-0.106876	-0.432699
0.333477	-0.140367
-0.162975	0.389158
-0.0390396	-0.132031
0.083062	0.191227
-0.0848872	0.2937
1.19436	-0.151906
4.98444	0.602908
-0.0651409	5.01379
0.0789595	0.0161699
-0.095721	-0.0194853
0.0180869	0.128009
-0.529078	0.00480359
-0.288473	-0.585334
0.086755	-0.320026
0.151061	0.0857151
0.134725	0.233653
0.264485	0.302403
0.30986	0.136507
-0.659063	0.0427101
4.76412	-0.862314
-0.0749898	4.82436
-0.11875	0.236309
-0.270251	-0.219234
0.123313	-0.132996
-0.282671	0.184743
-0.280281	-0.145863
-0.0492229	-0.107956
0.448327	0.0417185
-0.230722	0.389248
0.489239	-0.101319
-0.195216	0.216535
1.07371	-0.296999
4.65774	1.25105
0.0080682	4.37739
-0.0537612	-0.153704
-0.124359	0.075916
0.356392	-0.097133
-0.164178	0.120301
-0.144482	-0.067432
0.16023	-0.0458552
0.0440058	0.090848
-0.0913958	-0.024764
-0.000681472	-0.226937
-0.531776	0.169713
0.609587	-0.676244
3.80684	0.80005
0.0292133	5.07372
0.065337	0.0730491
-0.00389604	0.0973373
-0.33088	0.0283669
-0.29949	-0.271688
0.143616	-0.344335
0.186352	0.119472
-0.240889	0.0345878
0.59051	-0.201891
0.618409	0.229357
0.21921	0.849957
0.887065	0.235835
5.08038	0.815826
-0.0299246	4.79873
-0.0519929	-0.000117782
0.0268717	-0.0556305
-0.0933336	0.110091
-0.267984	-0.186796
0.374861	-0.263297
0.0374033	0.254905
-0.238873	0.167778
0.264929	0.139436
0.372843	0.278343
-0.115843	0.141582
1.14611	-0.259386
5.10805	0.94884
0.0318289	4.68281
-0.0900548	-0.00642978
-0.0853161	-0.0285754
0.0556719	0.00554272
0.0163176	-0.0484151
-0.0198085	0.0627605
0.0326061	-0.00664785
-0.150699	0.194708
-0.308194	0.141125
-0.185535	-0.18669
-0.177762	0.295984
1.49637	-0.0801762
4.69888	1.35805
0.00361926	3.74697
0.0622727	0.00516858
-0.130401	-0.0122602
-0.0735967	-0.0718046
-0.0911256	-0.058816
-0.0190222	-0.0664276
-0.175991	-0.159356
0.0638127	-0.130086
0.141889	0.18638
-0.258188	0.134634
-0.535201	-0.331985
1.99622	-0.750052
6.18228	1.76377
0.138263	6.26092
0.097907	0.162784
0.0230494	0.106337
-0.00821183	0.00354879
-0.166406	-0.0223837
-0.112349	-0.124963
0.108399	-0.0251597
-0.159298	0.392652
0.122071	-0.0445198
0.493691	0.161004
-0.263929	0.362411
1.86338	-0.00122217
3.62521	2.04784
0.0164331	3.74269
0.0401003	-0.0453602
-0.151078	-0.00417669
-0.160336	-0.106967
-0.121725	-0.0348553
0.0688304	0.0989953
0.158505	0.154737
0.379337	0.0406294
2.45521	0.398011
-0.0819686	2.90811
-0.0965799	-0.0616697
-0.0802081	-0.127317
0.00529845	-0.055398
0.0811482	0.00105044
0.185927	-0.0082054
-0.0655816	0.0745896
-0.0759341	-0.124843
-0.0823281	0.0262122
-0.207491	-0.119729
-0.657247	-0.220124
0.472486	-0.260735
6.73934	0.812332
-0.194491	6.70657
-0.252405	-0.091518
-0.0572179	-0.197001
0.0880517	-0.0552092
-0.463526	0.141935
-0.236039	-0.50114
0.0229473	-0.273224
0.218621	-0.0774423
0.265513	0.205444
-0.487827	0.162779
-0.384279	-0.379179
-0.364251	-0.692497
5.41536	-0.331402
0.0165102	5.54024
0.0716624	0.0134976
-0.0325554	-0.0712575
-0.0676605	0.176201
-0.231082	0.0520753
0.149222	-0.0523919
-0.0895522	0.187272
0.028621	-0.211363
-0.390606	-0.132748
-0.208159	-0.434413
-0.294129	-0.302113
1.89495	-0.212597
6.08264	1.95532
0.125526	5.45857
-0.0845215	0.118391
-0.155669	0.139008
0.0299339	0.0171147
-0.068421	0.252848
0.126908	-0.0402352
-0.181762	-0.102683
0.147585	-0.0991371
0.316966	0.110277
0.415155	0.337402
-0.119043	0.219239
1.27762	-0.453145
6.21501	1.03045
-0.0885155	5.5162
-0.102215	-0.102525
-0.0807369	-0.00891577
-0.214727	-0.170854
-0.262257	-0.245123
0.059708	-0.291092
0.383288	0.156249
-0.0886854	0.395269
0.00796844	0.0962159
-0.145242	-0.0127225
-0.510055	-0.321871
1.87669	-0.424995
6.54443	1.79541
0.0475508	6.21831
0.0362593	0.00777327
-0.253178	-0.0783447
-0.193914	-0.206998
-0.0613169	-0.049897
0.0656576	-0.033195
0.184787	0.102978
-0.112467	-0.0762096
-0.298923	-0.337446
0.0689169	0.326153
-0.0815995	0.561536
2.25002	-0.114318
5.3318	2.18418
-0.125996	5.35973
-0.131768	-0.120856
0.0120754	-0.122068
-0.0466333	0.0245112
-0.0892789	-0.060643
0.140193	0.0252272
0.0222731	0.0956119
0.276071	0.15763
-0.0275529	0.217095
-0.15986	-0.150141
-1.07167	-0.10248
-0.13437	-1.07112
4.91867	-0.108869
-0.0026495	5.33403
-0.129936	0.110875
-0.0699691	-0.201423
0.263987	0.100681
-0.0635107	-0.0353199
-0.0411982	-0.16661
-0.412692	-0.0248876
0.22337	-0.421443
0.487363	0.215112
0.378799	0.469475
-0.335417	0.219404
1.69253	-0.12185
4.58425	1.79888
-0.0491759	4.37891
-0.29175	-0.185226
-0.00704658	-0.224856
0.0750329	0.088778
-0.0626802	0.082407
0.10885	-0.0962388
-0.148381	0.165501
-0.133072	-0.0111842
-0.400455	-0.0946169
0.445501	-0.131371
-0.144588	-0.0749116
0.952018	-0.366054
4.96891	0.323617
0.200534	4.4353
0.147033	-0.00635942
0.014617	-0.00125662
-0.221011	0.0309325
-0.400555	-0.218633
-0.050614	-0.411771
-0.103387	-0.138901
-0.0694978	-0.165869
0.180895	-0.049548
0.152152	0.297108
-0.811493	0.349288
0.801106	-0.619913
6.11865	0.436716
0.0463176	5.95438
0.00687617	0.0130096
-0.286781	0.0279761
-0.0775367	-0.17578
-0.0655402	-0.123526
0.24787	-0.0886608
-0.218669	0.189633
0.364625	-0.207913
0.272146	0.492886
0.797834	0.166986
-0.1987	0.593661
1.2839	-0.12621
4.40111	1.27705
-0.205274	4.38807
-0.140819	-0.0923904
0.0205313	-0.264311
0.0458505	0.0928611
-0.0534427	-0.0119678
-0.0213562	-0.117814
-0.399613	-0.0545739
0.392761	-0.170107
-0.486106	0.193407
-0.349699	-0.469428
-0.220117	-0.364004
-0.766921	-0.131404
4.52217	-0.330418
0.106265	4.0524
0.0110029	0.0929691
-0.0582901	0.178527
0.0372845	0.0468152
-0.301024	0.00595772
0.0360745	-0.33924
0.0269431	0.031162
-0.16659	0.0581711
-0.398408	-0.185659
-0.232026	-0.30944
-0.871139	-0.229455
2.19311	-0.668825
5.51338	2.24951
0.111472	5.07555
-0.0172899	0.0744287
-0.109831	-0.0469762
0.0683304	-0.145549
0.13487	0.156877
0.122679	0.154731
0.332878	0.266727
0.403629	0.252177
0.212284	0.201908
0.181966	0.0266476
-0.639726	0.0199105
0.967779	-0.62601
2.89145	0.764412
0.0178835	2.8259
-0.142829	0.104272
-0.182879	0.0755135
-0.0677941	-0.08309
-0.000317139	-0.0532123
-0.0256389	-0.00409509
3.07932	0.709333
0.0342103	2.89244
-0.00670695	0.0256569
0.0375153	0.0345014
0.165963	-0.061342
0.041466	0.00709032
0.0974466	-0.0369273
-0.000305002	0.120181
0.0629039	-0.158357
-0.107118	0.0929642
0.0664852	0.309174
0.0719674	0.306148
1.57539	0.109587
3.64829	1.58279
-0.14375	3.75308
-0.122198	-0.10089
-0.0330942	-0.117745
0.0963967	-0.124127
0.081877	0.0624129
-0.0850933	-0.0542268
-0.0270685	-0.104613
0.0535018	0.0947073
0.613356	0.0663412
0.717094	0.507952
0.240642	0.632806
0.523684	0.0874947
4.85813	0.391113
0.12671	4.74272
0.071243	0.0830316
-0.32926	0.100064
0.177355	-0.405931
-0.0729404	0.173934
-0.00532408	-0.310678
-0.103148	-0.234403
-0.298363	-0.139802
0.0710734	-0.291313
-0.100875	0.124053
-0.301878	0.203381
1.2594	-0.573447
6.12378	1.58659
-0.058996	6.32227
-0.239366	-0.0550333
-0.0287224	-0.233254
0.0575473	-0.00987854
-0.209951	0.0933114
-0.32872	-0.165551
-0.270144	-0.304065
-0.156658	-0.242096
0.319222	-0.191726
0.523118	0.1921
-0.452933	0.385545
2.05042	-0.519565
4.99551	2.05117
-0.162868	4.97551
0.0111858	-0.163641
0.118831	0.0529173
-0.156742	0.115275
-0.19409	-0.185195
0.28642	-0.221137
-0.0703835	0.26473
0.0906369	0.00377585
0.274616	0.0691974
0.395338	-0.118302
-0.181734	0.577482
0.268241	-0.188862
5.51874	0.519069
-0.12447	4.68233
-0.00978717	-0.202314
0.0297019	-0.0866147
0.150914	0.0112177
-0.341704	0.0708856
0.0187425	-0.474661
-0.162672	-0.124397
-0.0688725	-0.164241
-0.220926	-0.149608
-0.239499	-0.188166
-0.856892	-0.376959
1.98562	-0.603789
6.30406	2.11808
0.0349989	5.78264
0.115017	0.0550116
0.00594868	0.186422
0.187698	-0.128538
-0.151711	0.23057
-0.246733	-0.25184
-0.00129096	-0.146166
-0.227337	-0.12873
0.166334	-0.111928
0.0280452	0.120453
-0.339885	0.375381
0.575813	-0.486587
6.95021	0.158488
-0.0372003	6.82892
-0.0777282	-0.128376
-0.179944	-0.0759774
-0.0168456	-0.155033
-0.227002	-0.0367229
0.298722	-0.219591
0.108253	0.0831129
-0.0917814	-0.11159
0.261885	-0.00653749
-0.177248	0.32131
-0.635419	-0.0416432
1.41648	-0.632443
6.66094	1.71003
0.0529166	6.50618
0.172919	0.0717905
-0.0996654	0.0745603
-0.186786	-0.10668
-0.10523	-0.0759809
0.351093	-0.0737189
0.225429	0.269374
-0.442336	0.299143
0.0543015	-0.501054
0.645297	0.220931
-0.585046	0.663878
1.8627	-0.590776
5.04055	1.89637
-0.0265014	5.12658
-0.0608317	-0.0626215
0.0557952	-0.0936927
-0.0602555	0.0276292
-0.177464	-0.0511288
0.252497	-0.165137
-0.056053	0.323599
-0.332824	-0.0652884
0.469318	-0.17531
0.6266	0.507273
-0.148348	0.711518
1.59671	0.0906791
3.68329	1.66709
0.0101629	3.4714
-0.0825613	0.00907898
-0.225404	-0.0676394
0.162858	-0.294626
0.0044239	0.0343956
0.105828	0.0811025
0.288774	0.128602
0.0681791	-0.0678031
-0.0316353	0.0871664
-0.195484	-0.276181
-0.0649911	-0.106939
0.312503	-0.114057
4.72677	0.761612
0.0272919	6.29506
-0.262466	0.0239746
-0.312698	-0.278624
-0.0273418	-0.235373
-0.172665	-0.0588985
-0.129737	-0.213547
-0.427904	0.0267095
0.0204417	-0.321605
0.425784	0.0957852
0.141129	0.269984
-0.501707	0.0047832
0.78978	-0.653267
3.22108	0.911197
-0.0302981	3.14192
-0.197779	-0.0471061
-0.154101	-0.190617
0.164206	-0.0636937
-0.116008	0.0038488
-0.101515	-0.166716
-0.252461	-0.133143
-0.0337473	0.0729226
0.0947614	-0.0990302
-0.230574	0.071021
-0.765434	-0.136321
2.09196	-0.695577
5.68248	2.16939
0.0307517	5.24898
-0.109388	0.0559162
-0.106814	0.0213388
-0.273438	-0.0164024
-0.467893	-0.0568741
0.0128526	-0.228263
-0.0357034	-0.0950927
-0.0732799	-0.309043
-0.170719	-0.0809406
-0.137637	-0.203005
-0.531241	-0.144082
-0.0825641	-0.32748
4.08328	-0.289789
-0.1374	4.54967
0.1758	0.104604
-0.0749965	0.182868
0.0225621	-0.134126
-0.181645	-0.0474329
0.162517	-0.1212
0.161271	0.0149792
0.237583	0.0164937
0.171564	0.179951
0.236996	0.0447402
-0.407992	0.458097
2.3721	-0.0652387
4.80723	2.21218
-0.344093	4.81902
-0.14278	-0.320775
0.0549431	-0.191626
-0.237173	0.144717
0.052979	-0.0866463
0.060139	0.0148208
-0.303811	0.0807076
-0.235082	-0.268438
-0.529838	-0.279392
-0.0239675	-0.545923
-0.301119	-0.170831
1.93075	-0.410606
5.91605	1.97958
0.0902225	5.33647
0.046998	0.102502
0.127402	0.0794921
-0.126365	0.175881
-0.137282	-0.165203
0.151654	-0.328398
0.00612916	0.0754309
-0.168796	-0.00668556
-0.141555	-0.171249
0.0879148	0.0454834
-0.30781	0.0497424
1.46363	-0.337513
3.00701	1.12273
0.0689211	3.09094
-0.00544983	0.132196
0.0302998	0.0909556
-0.0323646	0.0137366
-0.00297753	0.129413
-0.0636472	-0.110872
-0.0800696	-0.0158016
-0.0125537	-0.101872
-0.342726	-0.0693351
-0.380948	-0.0610951
-0.389988	-0.268559
-0.468493	-0.293015
4.54935	-0.104676
-0.0781835	4.49571
-0.0353335	0.0212623
-0.25231	0.167012
0.0869054	-0.214506
-0.133526	0.16009
-0.132284	-0.215586
-0.280031	-0.0102199
-0.174703	-0.128947
0.0699513	-0.106766
-0.606317	0.0914987
-0.266074	-0.521098
0.129466	-0.225087
3.16568	0.528962
-0.00883428	3.00985
0.0169845	0.137538
0.113336	-0.00251976
0.157563	0.00570287
-0.133162	-0.0284531
0.0963382	-0.00491449
-0.147361	0.017461
0.0774117	-0.0652841
-0.114365	0.155373
-0.339425	-0.118261
-0.708522	-0.284098
0.634793	-0.756562
3.04241	0.661808
0.00175472	3.1469
0.0302847	0.0796768
-0.0168205	-0.0912558
0.0434781	0.119754
-0.167639	0.0515897
0.173886	0.0154254
0.118647	0.143705
0.0155371	0.0395511
-0.213219	0.137651
-0.159278	-0.279235
-0.728449	-0.268974
1.02235	-0.376765
3.67048	1.56811
0.00580949	3.82861
-0.163593	-0.158843
0.0468668	-0.167651
0.0708426	-0.119657
-0.216682	-0.0914032
0.101628	-0.452182
0.208772	0.0973498
-0.15125	0.182729
-0.0541157	-0.0922782
-0.103039	-0.0631924
0.450529	0.00654965
1.37826	0.438449
5.64188	1.23876
0.0529719	5.53929
0.0385966	0.0755371
-0.184409	-0.0169313
0.133762	-0.145416
-0.183083	0.200636
-0.128419	-0.169551
0.116622	-0.112193
0.0356995	-0.0625005
0.260344	0.0489568
-0.16865	0.330449
0.101365	-0.0415895
1.61561	0.14344
5.76885	1.83127
0.170728	6.03222
0.0430415	0.134097
-0.0919496	0.0327437
-0.0898034	-0.0777225
-0.17625	-0.172294
-0.106306	-0.164945
-0.0605066	-0.0297481
-0.0551828	-0.0424908
0.329816	-0.0522291
0.272929	0.162085
-0.182476	0.61821
1.74354	-0.236452
4.65457	2.04063
0.0374622	4.52621
-0.0661465	0.0421849
-0.0240087	-0.0701879
0.0759633	-0.109666
-0.0287028	-0.0926597
0.0687603	-0.229949
-0.05265	0.182872
0.10353	0.0235597
0.0253812	0.119972
0.099832	-0.133244
0.224304	0.0215603
1.39138	0.369945
5.82158	1.58391
0.111433	5.79845
-0.0545304	0.1175
-0.159447	-0.0610584
-0.0169121	-0.164911
-0.360561	0.0226355
-0.0853793	-0.403446
0.257619	0.0152346
-0.0558835	0.0373402
0.125915	-0.232629
-0.479158	-0.343653
-0.0201308	-0.364264
-0.929281	-0.421905
5.15378	-0.783109
-0.131755	5.01639
0.0896503	-0.0577331
0.0164434	-0.0142478
-0.116318	0.166601
-0.0402852	0.0160917
0.0045325	-0.0162584
0.0129838	0.116689
0.0711091	-0.0973419
0.0166262	0.234861
0.286773	-0.158231
-0.772538	0.326462
1.1711	-0.76234
6.07849	0.922582
-0.101564	6.51396
-0.123655	-0.154764
0.0841536	-0.18263
-0.0181798	0.0375686
-0.530176	0.0442029
-0.283712	-0.522757
-0.0419849	-0.344324
0.0937827	0.0816333
-0.0172007	0.0920876
0.517958	0.0877225
0.135785	0.398876
0.995068	0.147719
5.00498	0.77768
-0.0989458	5.11092
-0.0836826	-0.14634
-0.143281	-0.0712943
-0.0145347	-0.00562855
-0.347065	-0.185131
0.0671218	-0.241144
0.2006	0.129163
0.0906836	0.080593
-0.172739	0.136366
0.056357	-0.296991
-0.100576	-0.018439
2.10298	-0.040976
5.84575	2.20519
-0.0370652	5.85147
-0.0640243	-0.0334303
-0.107672	-0.0298714
-0.10252	-0.0772313
0.16709	-0.0954245
0.0614612	0.0421071
-0.512316	-0.185792
-0.212171	-0.413146
-0.115629	-0.204176
0.159466	0.0135937
0.358396	0.34155
1.88539	0.296496
4.18896	2.08683
0.0242653	4.84785
-0.0876752	-0.0225407
-0.060287	-0.1333
-0.245872	-0.109381
-0.203505	-0.289825
0.0814314	-0.236248
-0.134863	-0.0812668
0.0272835	-0.263256
0.368523	-0.0259226
0.363766	0.242732
-0.130327	0.334029
2.11911	0.0234375
4.51308	1.72117
0.00710758	4.53884
-0.0534447	0.0468026
-0.231588	-0.119832
0.0662519	-0.196959
-0.0374038	0.134199
-0.302508	-0.14283
-0.188817	-0.322898
0.0290135	-0.149017
-0.0256472	0.175429
0.067179	0.0531565
-0.427199	-0.0284872
2.0733	-0.295671
4.63101	2.17524
0.181477	4.44579
-0.120333	0.106974
-0.151484	-0.0969907
0.194354	-0.0115726
0.238069	-0.0299595
0.0441454	0.222424
-0.282081	0.210616
0.0139414	-0.194544
-0.275359	0.146026
-0.0821852	-0.111335
-0.811969	-0.294785
0.757408	-0.994205
3.23812	0.799258
0.0526141	3.09815
-0.0583545	0.111159
-0.00930221	0.0698894
0.0995224	0.105683
0.0903275	0.10074
0.022594	-0.00102851
-0.113356	-0.068391
0.202284	-0.0296708
2.5224	0.609991
0.0070084	2.90627
0.0397042	0.0827454
0.024018	0.0163684
0.153141	0.0384818
-0.00232897	0.21992
0.0542797	-0.0195714
-0.0190369	0.0939541
0.397386	-0.0361735
0.00631303	0.205218
-0.379969	0.0771359
-0.818785	-0.260426
0.545615	-0.946429
2.80798	0.762227
0.0958879	4.94909
-0.0314147	0.0168917
-0.163621	-0.0981132
-0.156552	-0.270236
-0.242771	-0.0206483
0.118667	-0.149369
-0.161308	0.236644
-0.185586	-0.240663
-0.0707368	-0.313526
0.154846	-0.0694159
0.108103	0.121006
1.79607	0.147071
5.54002	1.8829
-0.181686	5.62324
-0.145127	-0.205153
-0.0695898	-0.131174
-0.0284187	-0.074061
-0.0747349	-0.0416311
0.228394	-0.118101
0.485553	0.227267
-0.295455	0.498471
0.097274	-0.302513
0.74617	0.211691
-0.397376	0.736448
1.33091	-0.280233
6.24793	1.45279
0.0708741	6.62813
-0.0267746	0.0957121
0.0100546	-0.0639473
-0.307136	0.023672
-0.417444	-0.230834
-0.237934	-0.369759
0.0319748	-0.190942
0.0055216	-0.0451143
-0.41786	-0.0764436
-0.310482	-0.379717
-0.76468	-0.347178
1.39946	-0.658096
7.12164	1.41574
0.183123	7.02877
0.0196734	0.125344
-0.163995	-0.066661
-0.102083	-0.199829
-0.100006	-0.106958
0.186738	-0.143899
-0.0322743	0.0902166
-0.0657518	-0.032042
-0.112797	-0.0289772
-0.206871	-0.249094
-0.720656	-0.422671
0.92451	-0.735513
3.4691	0.712963
0.22253	4.3282
-0.0408314	0.0953123
-0.148815	0.0905317
-0.26451	0.0562514
-0.346238	-0.278099
-0.123024	-0.415534
0.344304	-0.173319
0.0143761	0.269934
-0.555438	0.0575474
-0.121422	-0.448167
-0.643333	-0.173487
1.77656	-0.588523
6.51528	1.73919
0.152989	6.45101
0.101662	0.205584
0.117594	0.0225871
0.118658	0.126271
-0.424774	0.0641231
-0.403508	-0.370326
0.121059	-0.424131
0.0433913	0.193343
-0.102357	0.185699
0.0469789	0.0694643
-0.42637	-0.122441
1.29472	-0.455597
3.31684	1.22668
0.166718	3.11262
0.0776569	0.30926
-0.0763582	0.0958146
-0.0513527	-0.179431
0.145177	0.0178184
-0.300362	0.162261
0.00878413	-0.00796356
-0.386797	0.0947403
0.503693	-0.169494
0.835614	0.655073
-0.118862	0.743337
0.820754	0.0149643
5.50894	0.873141
-0.0428224	5.56346
-0.229743	0.00618567
-0.155015	-0.322681
0.182341	-0.130248
-0.378033	0.20329
-0.227366	-0.430402
0.182886	-0.234286
0.0802581	0.163776
0.256852	0.0395744
-0.0834358	0.211163
-0.340104	-0.255512
1.91007	-0.289163
5.68477	1.75345
0.0335617	5.27551
-0.0636804	0.0242685
-0.0238212	-0.115825
0.00361035	-0.0618682
-0.227993	0.187698
-0.220349	0.0280055
-0.0160641	-0.063322
-0.0741529	-0.116371
-0.144508	-0.142141
-0.435571	-0.00231091
-0.436075	-0.263851
-0.46268	-0.484398
4.43432	-0.308762
0.0337133	4.24224
-0.120652	0.0441862
-0.0997711	-0.0627593
0.215199	0.00804847
-0.406511	0.101559
-0.253282	-0.552515
-0.236109	-0.190682
0.0789391	-0.235518
-0.0529859	0.124276
0.0249525	-0.193607
-0.433327	0.184324
0.784139	0.00721792
5.12121	0.5498
-0.0543662	5.03812
-0.117567	0.00930697
-0.00991964	-0.0359151
-0.233128	-0.124642
-0.176392	-0.096504
-0.0890645	0.0183725
-0.0691849	0.032139
0.119178	-0.0810021
0.0272942	0.0868762
-0.142947	0.0824795
-0.782817	-0.213027
0.698835	-0.927165
4.42426	0.773355
0.0417956	5.23107
-0.00486547	-0.0341165
0.0418639	-0.0449924
-0.0833619	0.172406
-0.488492	-0.0566143
-0.150618	-0.438993
0.0863622	-0.124262
-0.285707	0.0665054
-0.0832916	-0.224248
-0.564442	-0.0151144
-0.398041	-0.666653
1.98939	-0.515315
5.8769	1.99326
0.00948215	5.75995
0.0763783	-0.0165378
0.172443	0.0368327
-0.20265	0.110451
-0.225647	-0.0298537
0.0543765	-0.257479
-0.0325211	-0.0978962
0.199314	-0.148248
0.403773	0.174086
0.654075	0.416724
-0.338146	0.769051
0.758927	-0.052747
4.94467	0.545481
-0.140288	4.54208
0.0870265	-0.180495
-0.215001	0.0576616
-0.10575	-0.176281
-0.177222	-0.151865
0.0178593	-0.250749
0.0287205	0.0705651
0.235075	0.0110698
-0.113671	0.283694
-0.246412	-0.146581
-0.865823	-0.0569795
0.656983	-0.859988
2.97059	0.579377
0.00611734	2.8563
-0.0970931	-0.0419737
-0.131892	-0.00217014
-0.0660595	-0.186886
-0.0717853	0.00246152
0.0262177	0.12377
-0.130293	-0.0747439
-0.150592	-0.159114
-0.0433236	-0.145745
-0.19707	-0.0712942
-0.280525	-0.084544
0.342296	-0.61404
3.35129	0.738038
0.014052	3.2216
-0.109752	0.00640417
-0.0150841	-0.108914
0.227294	-0.159384
-0.140213	-0.0797661
-0.097626	-0.110891
0.0565408	0.0557751
0.107679	-0.0250377
-0.0954034	0.16847
-0.331645	0.00319424
-0.927006	-0.485884
0.588529	-0.876782
2.71534	0.52249
2.7083	0.733997
0.0275827	2.92696
-0.0598656	0.0478529
-0.101138	-0.00560452
0.333003	-0.088382
0.0101603	-0.00987674
-0.0312567	-0.0366086
0.1832	0.0871533
0.248697	-0.0516927
0.0241792	0.351568
0.249256	0.192505
-0.155904	0.244011
1.54809	-0.634178
3.99788	1.09282
-0.111203	4.62526
0.00677924	-0.0235343
0.167634	0.149407
-0.119832	0.190906
-0.158267	-0.142843
-0.151269	-0.172209
-0.566325	-0.159683
0.430141	-0.464181
0.310085	0.408713
0.194158	0.436243
-0.479963	-0.00895124
1.17783	-0.847454
3.22325	1.02619
-0.059254	5.23081
0.00401365	0.0383004
-0.114117	-0.00868914
-0.117377	-0.0585487
-0.256781	-0.148844
-0.0302735	-0.276535
-0.234419	-0.182618
-0.151127	-0.182682
0.472974	-0.0367824
0.0264421	0.588304
0.18893	0.00867229
1.46801	0.0991155
3.43705	1.29766
0.0793638	3.64818
-0.129645	-0.0268844
-0.0916066	-0.0379226
-0.0595514	-0.122429
0.0415444	-0.00587048
-0.214246	-0.328427
-0.0106188	-0.355321
0.0868889	0.0218708
0.2412	0.111182
0.121263	0.172033
-0.133229	0.120567
1.34617	-0.0567881
5.28821	1.39018
-0.0162968	4.97952
-0.109315	-0.0224931
-0.182095	0.00491509
0.132436	-0.158256
-0.240469	0.213749
-0.120859	-0.166169
-0.115232	0.213646
0.0615181	-0.169557
0.227765	0.355042
0.413357	0.592981
0.0426409	0.454966
1.51493	0.158303
4.51972	1.53415
-0.297111	4.61426
-0.020883	-0.208504
-0.122548	-0.12212
-0.111509	-0.189455
-0.0752826	-0.107033
0.241658	-0.110034
0.281621	0.101391
-0.17516	0.159959
0.16753	-0.205491
0.443539	0.181866
0.0157126	0.493996
2.01597	-0.00833745
3.92323	1.92527
-0.00745704	4.1606
-0.127655	-0.0649429
0.0164988	-0.0596629
0.053058	0.0279472
-0.014359	0.0286704
0.236346	-0.00936911
-0.043236	-0.0190715
-0.0364724	-0.147568
0.387135	-0.000916613
-0.120461	0.0279943
-0.409006	-0.0384292
-0.245977	-0.684555
4.19898	0.171907
0.0869114	4.9142
-0.0617325	0.0867016
-0.231478	-0.095447
-0.0284744	-0.268376
-0.187468	-0.0352603
-0.0831057	-0.112225
-0.0417584	-0.0620793
-0.206537	-0.0754263
0.569715	-0.196467
0.968937	0.612578
-0.449912	0.915555
0.85483	-0.534487
6.09224	0.933138
0.0887382	6.26654
-0.259796	0.0390727
-0.188418	-0.304436
0.144205	-0.180405
-0.281172	0.173702
-0.353532	-0.296964
-0.169039	-0.369415
-0.078442	-0.118252
0.22909	-0.0152309
-0.0137251	0.241307
-0.65539	0.455153
1.98905	-0.845401
4.97271	1.9182
0.023135	5.06625
0.0209129	0.0504671
-0.120011	-0.0156262
-0.227136	-0.130877
-0.168316	-0.232197
0.152573	-0.197576
0.369167	0.183525
-0.0512162	0.18942
0.398409	-0.0911097
0.518511	0.190687
-0.649597	0.35779
1.4806	-0.534401
5.93493	1.64053
-0.0283078	5.81915
-0.0232159	-0.0104725
-0.00713719	-0.0160185
0.0967058	0.00371725
-0.337556	0.0530695
-0.348456	-0.367366
0.0652633	-0.239076
0.198674	-0.0882207
0.149642	0.289257
-0.116619	0.579963
-0.0506543	0.131908
0.465295	0.180426
4.78819	1.09999
-0.0391107	5.29495
-0.201244	-0.131665
-0.0769369	-0.30101
0.147794	-0.0629879
-0.409572	0.112209
-0.16845	-0.442967
-0.0284774	-0.0130365
0.307802	0.100628
-0.0628958	0.296266
0.283249	-0.128751
-0.333358	0.09583
1.50752	-0.324991
6.13484	1.49986
-0.0266825	6.02059
-0.19428	-0.0784394
-0.124356	-0.266341
-0.109655	-0.208017
-0.288153	-0.100707
0.0666593	-0.241651
0.0971995	0.0498142
-0.267919	0.154956
-0.355022	-0.268551
0.0784691	-0.361249
-0.0161308	-0.0516004
1.75149	-0.119988
5.97001	1.70318
0.0795796	6.2401
-0.137047	0.0994744
-0.201938	-0.106556
-0.163502	-0.166422
-0.261962	-0.153962
0.0385567	-0.255067
0.0802102	0.071019
-0.264954	0.170401
-0.345688	-0.14849
0.104412	-0.393418
-0.104147	0.362024
0.960562	0.156383
5.14033	0.347393
0.0461844	4.82432
0.0145067	-0.0124178
-0.162735	0.0513955
0.0962489	-0.144037
-0.127179	-0.0704774
-0.0876249	-0.270094
-0.0496153	-0.247316
0.194754	-0.0822017
0.189003	0.268059
0.135053	0.169228
0.127898	0.119157
1.85141	-0.0946516
4.78121	1.92998
-0.100859	4.78319
-0.232611	-0.163707
-0.24117	-0.284729
0.102859	-0.273031
0.0457831	0.0669005
0.343576	-0.0135033
0.0697531	0.229726
0.173652	0.221607
0.216531	0.508994
0.0879223	0.215415
-0.287026	0.034021
0.810267	-0.432358
2.94563	0.810999
-0.0579995	3.9659
-0.000365158	-0.0245043
-0.213651	-0.0816633
0.106984	-0.0693146
-0.202432	0.200618
-0.217675	-0.302416
-0.326198	-0.164397
0.188091	-0.325784
0.303376	-0.0366768
0.589566	0.334771
-0.283576	0.516059
2.05157	-0.318238
4.29995	1.93752
0.0203632	4.17614
-0.116629	-0.021202
-0.0356048	-0.0929111
0.0899306	-0.13866
-0.0508481	-0.0520449
-0.0220259	-0.0280868
0.113756	-0.0301036
0.234261	-0.22427
-0.151838	-0.170241
-0.0174298	-0.236517
-0.519917	-0.179264
-0.157348	-0.631398
3.41014	0.114639
-0.0470476	3.27717
-0.0740621	0.00442425
0.0311354	0.0637241
0.130137	-0.0194803
-0.193217	0.0364869
-0.255539	-0.257719
0.0108884	-0.18256
0.139464	-0.0283455
-0.245938	0.407478
0.61121	-0.21488
0.336135	0.415768
1.20016	-0.503907
5.87105	1.23758
-0.015436	5.74338
-0.20041	-0.0529573
-0.0225984	-0.19403
0.15003	0.0037615
-0.3092	0.244845
-0.206061	-0.239477
-0.0409665	-0.227255
-0.00753591	-0.17359
0.143906	-0.0432776
-0.241579	-0.0562282
-0.153151	-0.383238
0.0610947	-0.214491
4.0965	0.621935
-0.0460342	3.94485
0.0465499	-0.0540847
0.176519	0.0732039
0.150866	0.125509
-0.291661	0.190265
-0.127762	-0.257739
0.00755972	-0.0341177
0.0574416	0.12978
-0.0877765	-0.11869
-0.320973	-0.0508754
-0.647641	-0.511733
1.54568	-0.665365
3.72584	1.22511
-0.0209245	4.35026
0.0640276	0.059095
0.0515924	0.0513457
-0.0148769	0.0200088
-0.23546	0.0313429
0.0202134	-0.167242
0.153243	0.0642841
-0.036296	0.203407
0.183934	0.025297
0.418569	0.168215
-0.0267734	0.352507
1.56096	0.204192
3.42644	1.58596
0.0412543	3.27859
-0.0365421	-0.0886764
-0.0297887	-0.0483903
0.00633355	0.0549181
-0.00620944	0.130287
0.160159	0.133057
-0.186836	0.0355585
0.020841	-0.169553
-0.042362	0.117854
-0.301672	-0.102096
-0.0871031	0.021255
-0.707588	-0.167037
4.31826	-0.660487
0.122344	4.13504
-0.12656	0.10053
-0.158007	-0.203971
0.288377	-0.136154
-0.253433	0.0765283
-0.00891708	-0.189676
-0.0360908	-0.0463659
0.184791	-0.0429879
-0.228641	-0.0168528
-0.298685	-0.165721
-0.693321	-0.446085
0.58745	-0.884926
2.87068	0.648066
0.0275308	2.89348
0.0683798	0.112707
-0.103749	0.0509697
0.302945	-0.0304202
0.0386225	0.202544
0.0808448	0.0136455
2.70884	0.518832
0.176029	2.91513
0.0398199	-0.020088
0.0135158	-0.123086
0.0491558	-0.0525751
-0.035564	0.128629
-0.0109632	0.0255676
-0.051702	0.0237716
0.0817323	0.0437073
-0.0490632	0.0749343
-0.277831	0.0432592
-0.578041	-0.113905
0.849568	-0.192848
3.40219	1.27524
0.0453951	3.61769
-0.0476826	-0.0255118
-0.144692	0.060506
-0.176547	-0.204914
0.14475	-0.206499
0.130898	0.133115
-0.355501	0.0686946
0.298389	-0.323488
0.402931	0.145404
0.828304	0.337586
-0.396013	0.640842
1.06813	-0.739482
7.0058	1.3606
0.0678092	6.88534
-0.0343643	-0.00223439
0.0818755	0.033297
-0.125817	0.0275151
-0.275926	-0.170687
0.109339	-0.0260173
0.284483	0.14087
0.0167377	0.229214
-0.000598829	0.049167
0.106567	-0.0575948
0.234407	-0.11613
2.34275	-0.236461
6.13704	1.92182
-0.0291075	6.22112
-0.101603	0.0145276
-0.284605	-0.0877877
-0.126321	-0.346452
0.00987193	-0.11693
-0.0773937	0.0381253
0.270732	0.0870211
0.169995	-0.0341405
0.157016	0.0623005
0.0435037	0.0998883
-0.220214	0.0988336
1.20422	-0.15919
5.0985	-0.303485
-0.0211028	5.43536
0.057816	0.0318644
-0.0882178	-0.0291407
-0.072991	-0.10934
0.00103662	-0.141175
-0.114806	-0.0937621
0.259949	-0.125994
-0.0451189	0.285416
-0.411445	-0.035487
0.0489689	-0.384152
0.162048	0.313145
1.61945	0.164111
3.84746	1.29792
-0.0638227	3.95428
-0.00430619	-0.0583836
-0.150205	-0.0647735
-0.0188766	-0.172616
-0.117746	-0.0965832
-0.280065	0.00819858
0.0403555	-0.0417499
-0.152739	0.146704
-0.404744	-0.188376
-0.14396	-0.494261
-0.31918	-0.162538
1.39682	-0.303368
6.54969	1.40932
0.155399	6.46282
-0.0352011	0.0561037
-0.225084	-0.0445027
-0.132658	-0.255692
0.0496383	-0.114985
-0.0382425	0.0655663
0.145073	-0.0125795
-0.0419455	0.217664
-0.019002	-0.0481524
0.481177	-0.0524083
-0.59742	0.547214
1.84734	-0.592416
5.07322	1.91598
-0.08871	5.05728
0.0138421	-0.0850265
-0.0491555	0.0418766
0.0630186	-0.056977
0.044553	0.0449943
0.130679	0.0431692
0.181972	0.135193
-0.265428	0.180873
-0.098402	-0.302417
0.258133	-0.0220338
0.317912	0.0431069
1.56624	0.305556
5.99886	1.43139
-0.0955386	6.09381
0.019402	-0.0659589
-0.167223	0.0231407
0.124896	-0.165729
-0.116941	0.139775
0.112193	-0.138371
-0.450451	0.146064
-0.232567	-0.370173
-0.122197	-0.0797116
0.249226	0.108145
0.0649391	0.286306
1.63193	-0.0859025
3.38188	1.41938
-0.0417705	3.49717
0.0920453	0.0343002
-0.100412	-0.0809291
-0.0498069	-0.242462
0.106856	-0.0840943
0.0980071	0.0546165
0.182123	0.142229
-0.379285	0.315276
-0.345131	-0.341154
0.656586	-0.476516
-0.484359	0.571214
1.2332	-0.274752
6.77229	1.22437
0.195522	6.59432
-0.108636	0.167155
-0.14132	-0.133482
-0.0311281	-0.142059
-0.219991	-0.106746
0.173009	-0.280441
-0.139461	0.228947
-0.364234	-0.113498
-0.366288	-0.485676
-0.215554	-0.392448
-0.0458555	-0.283204
1.5223	-0.247185
5.93488	1.66909
0.168169	6.56289
-0.0932245	0.198592
-0.21121	-0.136193
-0.0889695	-0.268678
-0.164794	-0.124097
0.0156712	-0.16836
0.106718	-0.10302
-0.0590068	0.121276
-0.300563	-0.102495
-0.171068	-0.28531
-0.678777	-0.174667
2.19871	-0.771608
5.59701	2.40995
0.137915	5.25377
0.137832	0.0336689
0.0140666	0.0902029
-0.121854	0.0363132
-0.20685	0.0139401
-0.00299237	-0.184072
0.234029	0.0594577
0.122114	0.0515424
0.155429	0.152772
0.579101	0.244289
-0.180467	0.357885
0.674129	-0.0525068
4.07674	-0.235648
-0.0150005	4.11158
-0.091059	0.117589
-0.045433	0.183727
0.208015	-0.164667
-0.126161	0.0492476
-0.268593	-0.0677665
-0.0100737	-0.422995
-0.0734752	0.107456
0.196065	-0.10538
-0.0544413	0.244016
-0.273372	0.317875
1.05504	0.217782
5.6935	1.11856
0.0751583	6.00421
-0.20361	0.0774398
-0.269852	-0.219445
0.15534	-0.24941
-0.384633	0.0704759
-0.304346	-0.489116
0.0745671	-0.299669
-0.115918	0.0709102
0.330488	-0.0282754
0.00814605	0.369081
-0.332628	-0.153104
-0.0753532	-0.280145
4.72091	-0.321799
-0.0772348	4.86154
0.0913726	-0.0382388
-0.0252517	0.203152
0.127901	0.0924852
-0.366331	0.127719
-0.180861	-0.226044
-0.202231	0.00554209
0.124274	-0.17584
0.0725543	-0.0313688
-0.215764	0.0240263
-0.408902	-0.323258
0.16678	-0.732758
5.09936	0.875446
-0.00806318	5.75305
-0.090575	0.0680522
-0.224437	-0.077842
-0.276324	-0.167691
-0.313448	-0.190961
0.039062	-0.381262
0.0558768	0.00683168
-0.377721	0.079351
-0.042246	-0.320559
-0.563979	-0.191995
-0.186831	-0.0811315
1.79333	-0.432837
4.76762	1.82595
-0.0743313	4.35257
-0.0889409	0.063463
0.139918	0.0462903
0.0971929	-0.0677777
-0.158077	-0.0302343
-0.158676	-0.205171
-0.207614	-0.0583279
-0.134963	-0.0818009
0.256626	-0.432301
-0.266509	0.189074
-0.497928	0.0398767
0.1106	-0.319762
3.96941	0.48842
0.141451	4.11165
-0.0484529	0.1754
-0.256583	-0.126255
0.0028042	-0.264403
-0.381313	-0.158964
0.210731	-0.404025
-0.139856	0.219675
0.0812119	0.0789783
0.0925986	0.142792
0.00693561	-0.0186022
-0.64061	-0.284494
0.649693	-0.574551
2.97962	0.689353
0.00101226	2.89601
-0.00642132	0.0479446
-0.0336141	0.139116
0.112987	0.0260355
0.0548208	0.430598
0.00234198	0.0889649
-0.343928	-0.00674841
-0.139332	-0.137807
-0.0442426	0.0352982
0.263705	0.322158
0.352562	0.348629
2.33524	0.174264
4.21477	2.21317
0.0300563	4.10241
-0.0725703	0.0439376
0.0309574	-0.0543056
0.0197303	-0.00674227
-0.227856	0.0392518
0.0249032	-0.142049
-0.187853	0.0256728
0.0439504	-0.193223
0.289138	0.259804
-0.0723243	0.0993972
-0.731984	-0.304185
0.641877	-0.339706
5.31932	0.636321
-0.144499	4.62104
-0.0773325	-0.0192482
-0.225718	0.00510924
-0.176929	-0.0678019
0.312025	-0.125296
0.158148	0.456581
0.0464856	0.217511
-0.492426	-0.077218
0.0139891	-0.509809
0.186951	-0.0519297
-0.648534	0.396598
1.69914	-0.478708
5.98162	1.77671
-0.0356459	5.33098
-0.22574	-0.0209517
-0.0237037	-0.147553
0.06331	0.00598346
-0.188564	0.0363958
0.155929	-0.175532
-0.534852	-0.0500436
-0.0801855	-0.422263
0.187029	0.124838
-0.0261384	0.172551
0.224582	0.371722
1.75334	0.0562671
3.33221	1.40736
-0.0217285	3.28369
-0.0409075	-0.011695
-0.0783526	0.00377478
0.0579706	-0.109219
0.091654	0.0379011
0.182265	-0.0304997
-0.110526	-0.0053086
0.15015	-0.0260871
-0.0583016	-0.149471
-0.249339	-0.0556542
-0.654335	-0.219904
0.701197	-0.717274
2.97915	0.554826
-0.0652462	2.84588
-0.0209966	0.00374146
-0.25573	-0.0615164
0.0571215	-0.104479
-0.17008	0.192922
0.0489825	-0.034048
2.33652	0.508132
0.011615	2.62798
-0.143147	-0.0342851
-0.115938	-0.0767693
0.0889629	-0.0151965
-0.0412393	0.119785
0.0722926	-0.12867
0.0769484	0.0244438
-0.188683	0.0147098
-0.0905981	-0.157934
-0.147747	0.00862362
-0.325548	-0.337459
1.35957	-0.414174
6.22414	1.32027
0.123318	6.78302
0.128805	0.154648
0.0613003	0.111959
-0.022382	-0.00984413
-0.278659	-0.0352068
0.261918	-0.271043
-0.237242	0.26329
-0.482171	-0.275563
-0.384479	-0.433123
-0.337695	-0.400983
-0.232457	-0.398671
1.85818	-0.347346
6.87664	1.64952
0.133903	7.09618
0.0665694	0.182905
-0.11007	0.117255
-0.0183161	-0.0681291
-0.28865	-0.0527005
-0.212074	-0.23543
0.146551	-0.294297
-0.061138	0.180199
0.178726	-0.128325
0.601441	-0.0252925
-0.144269	0.508636
1.8567	-0.0448762
4.08267	1.82323
-0.0509185	3.87801
-0.0883067	-0.0265929
-0.219323	0.0607705
-0.0747576	-0.275382
-0.132204	-0.0609756
-0.0199407	-0.285392
-0.285316	0.018744
0.292293	-0.206143
-0.145549	0.353924
0.324634	-0.191291
0.260259	0.535647
1.28697	0.154225
5.3261	1.11435
0.0350779	5.30011
-0.0764403	0.0303365
-0.242053	-0.124448
-0.193861	-0.222475
-0.252638	-0.177796
-0.00481886	-0.210024
0.165084	0.0530049
0.511221	0.189431
0.260098	0.15859
-0.211114	0.321513
0.550907	0.00681417
1.04077	0.351488
4.09332	1.15761
-0.0529245	3.97146
0.123239	-0.000368415
-0.189756	0.00353115
-0.0357938	-0.126777
-0.437567	-0.037467
-0.245926	-0.481087
0.167552	-0.356504
-0.0157713	0.0797477
0.242374	0.000713206
0.469364	0.248853
-0.784679	0.403442
1.25978	-0.876387
6.39553	1.10964
0.0497877	6.35526
-0.202458	0.0668423
-0.355022	-0.152238
-0.0755848	-0.358345
0.0469217	-0.0679086
-0.232957	0.0599186
-0.194522	-0.200262
-0.0115975	-0.263171
0.346733	-0.0622434
0.689291	0.386309
-0.647453	0.563882
1.08574	-0.716148
6.53441	1.1408
-0.0933717	6.21109
-0.0418009	-0.0387899
-0.087565	-0.0420417
-0.25039	-0.178244
-0.133997	-0.204678
0.330084	-0.111608
-0.427947	0.266578
-0.532271	-0.314294
-0.580038	-0.481417
0.262312	-0.385132
0.509516	0.400787
1.96953	0.64207
4.42809	1.88673
0.0695884	4.2832
-0.0767743	0.0300626
-0.158655	-0.159895
0.0383499	-0.183104
0.0379851	0.23955
0.252911	-0.0474844
0.248163	0.235392
0.434687	0.106952
-0.127586	0.0403753
-0.190899	-0.0877302
-0.313332	-0.363397
-0.470137	-0.323397
4.88962	-0.63299
0.0148616	4.66097
0.0237593	0.0489079
-0.0460892	0.0808463
0.0893474	-0.130754
-0.172065	0.0373942
-0.122278	-0.198247
0.113916	-0.131094
-0.176172	-0.00371005
-0.104634	-0.176173
-0.251848	-0.0701438
-0.610575	-0.217123
2.07407	-0.596952
5.16614	2.09869
-0.0598152	4.71691
-0.117007	-0.120844
0.00440531	-0.0467107
-0.108965	-0.0470017
-0.0862567	0.020214
0.0685928	-0.168072
0.00626335	0.0736994
0.177639	-0.0796711
0.0646514	0.245969
-0.0485102	0.0449933
-0.677118	-0.107039
1.0131	-0.174632
3.74074	1.38482
0.116198	3.34161
0.177892	0.147735
0.0297082	0.0985061
0.196672	0.144393
-0.0707292	0.217537
0.0827796	-0.0878149
-0.023361	0.135888
-0.127092	0.245326
-0.0854386	-0.242419
0.39314	0.0666147
-0.617844	0.506693
1.63854	-0.588652
5.43159	2.02041
0.0430359	5.51862
-0.139913	0.0256479
-0.182655	-0.100148
-0.215736	-0.0661952
-0.655139	-0.134638
-0.226908	-0.525002
-0.138208	-0.264989
-0.136694	-0.220584
0.387452	-0.103262
-0.000389087	0.361867
-0.434774	0.140046
1.56872	-0.397456
5.311	1.52261
0.0498079	5.05348
-0.11049	0.10616
-0.0193597	-0.13513
0.141082	0.0544296
-0.170986	0.219188
-0.00742805	0.080956
-0.201515	-0.00910451
0.0668358	0.0625254
0.112322	0.155021
0.0859702	0.13937
-0.841547	-0.101263
0.914837	-0.731465
3.01784	0.828551
0.0298823	2.86509
0.0970139	0.0522816
-0.0791696	-0.00559394
-0.0517245	-0.233759
0.0885388	0.10393
-0.102288	-0.0692885
2.35998	0.557316
0.0405068	2.76751
0.0432048	0.0375659
-0.0873367	0.0341163
0.0524708	-0.058014
-0.09299	0.038622
-0.10821	0.064309
-0.00511652	-0.0274499
-0.0489857	-0.170616
0.09805	-0.0917834
-0.289297	-0.0998069
-0.817443	-0.263314
0.714673	-0.757734
2.86755	1.13782
-0.100891	3.48212
-0.0330125	-0.025574
-0.158745	-0.0122428
-0.111916	-0.190598
-0.440702	-0.135217
0.156395	-0.428388
0.341564	0.182446
-0.0884357	0.227033
-0.0616501	-0.243626
-0.189734	-0.254442
-0.143124	-0.288498
1.80357	-0.207248
6.13171	1.86936
0.101527	5.87015
0.0216672	0.0571618
-0.0868856	-0.0780092
0.0660299	-0.0438271
-0.250997	0.151511
-0.291768	-0.214177
-0.0533762	-0.372415
-0.0186532	-0.0533094
0.613881	-0.137995
0.596874	0.651676
-0.156289	0.432492
1.32363	-0.250195
5.20775	1.43965
-0.154156	4.94684
-0.175112	-0.0630456
-0.214142	-0.020121
-0.0837208	-0.164175
-0.128434	-0.0150842
0.251065	0.0386258
0.240482	0.0318736
0.0550695	0.0975677
-0.0966779	0.25602
0.0841932	-0.0198849
0.0234199	0.0745866
1.98603	0.0984379
4.98114	1.91137
-0.108358	5.07343
-0.255477	0.0145889
-0.271718	-0.270082
-0.095863	-0.205884
-0.300594	0.0931725
-0.1144	-0.228073
-0.00792654	0.0295171
0.153565	-0.246252
-0.0302602	0.0258145
-0.164657	-0.0311091
-0.460674	-0.233017
-1.0362	-0.30088
4.92384	-0.974977
0.0250392	4.98227
-0.095714	-0.00466118
-0.170915	-0.27784
0.144803	-0.346847
-0.236156	0.166931
-0.00347175	-0.275386
-0.0710017	0.0234933
0.115361	-0.191993
0.482338	0.0918361
0.0714661	0.3737
-0.242153	-0.011726
1.1985	-0.188862
6.52064	1.27444
-0.0654363	6.53802
0.0102093	-0.018875
-0.149723	0.00693638
-0.108981	-0.183925
-0.56829	-0.125005
-0.0905141	-0.51368
0.254509	-0.0969994
-0.321544	0.310627
-0.0937523	-0.342311
-0.278224	-0.158024
-0.135328	-0.254885
1.97261	0.0144924
5.95148	1.9707
0.0392565	5.95984
0.00907348	0.0526402
-0.175817	0.0412794
-0.14197	-0.179821
-0.347273	-0.117617
-0.143463	-0.33207
0.0193434	-0.15854
-0.238896	-0.0122287
-0.474892	-0.0657781
-0.115321	-0.402269
-0.108283	0.188631
1.62174	-0.164593
4.62609	1.94421
-0.0265663	4.39544
-0.0774628	-0.0409642
-0.240948	-0.0200028
0.136365	-0.267867
-0.0243531	0.0967087
0.153985	-0.0323879
-0.10195	0.0418505
0.261446	-0.300352
-0.303593	0.265493
-0.235307	-0.221166
-0.372649	-0.383124
-0.253389	-0.520532
4.73334	-0.334542
-0.0930957	4.7909
-0.187824	0.0106765
-0.158023	-0.0745389
-0.182078	0.00523728
-0.0348266	0.0135805
0.104401	-0.124723
0.012256	0.146959
-0.180686	-0.00282996
0.157577	-0.229769
0.204075	0.153846
-0.507907	0.643197
1.8638	-0.595418
4.76666	1.84027
-0.0199705	4.66032
-0.00966498	-0.0186092
-0.126541	0.00366801
-0.20655	-0.110515
-0.280308	-0.18964
0.16418	-0.335924
0.33589	0.229076
-0.347606	0.278114
0.392984	-0.232419
1.00307	0.439213
-0.358612	0.825743
1.66575	-0.363292
4.83423	1.10788
-0.196911	6.0853
-0.15694	-0.0874118
0.0246741	-0.224347
0.0433116	-0.0244876
-0.416804	0.0844584
-0.41509	-0.321857
-0.189903	-0.439206
-0.0865319	-0.165675
0.464055	-0.0286394
0.710004	0.393591
-0.21683	0.472929
1.3468	0.00319805
3.57953	1.32388
-0.0857469	3.40071
-0.143418	-0.130577
-0.172517	-0.138699
-0.152916	-0.206011
-0.184425	0.0987568
0.0145387	-0.125996
-0.0786112	-0.126185
0.0516178	-0.142466
-0.118072	0.187089
0.252766	-0.210874
-0.429122	0.128448
1.43637	-0.138137
5.52813	1.76927
0.00922694	5.78461
-0.140085	0.00188198
-0.193227	-0.0823338
-0.0384622	-0.12483
-0.426262	-0.132097
-0.153192	-0.456267
0.369879	-0.13567
0.0137081	0.390102
0.0881011	0.185258
0.0640232	0.129848
-0.206702	-0.134424
0.552132	-0.735694
5.01402	0.424286
0.0594813	4.73012
-0.0872809	-0.0449841
-0.0370548	0.00824223
0.0323868	0.0149894
-0.493574	0.0281089
-0.456841	-0.377206
0.153546	-0.489303
0.0900073	0.042031
0.455223	0.0680122
0.651908	0.474096
-0.459339	0.715922
2.07456	-0.551203
4.7131	2.00066
-0.0627471	4.64614
-0.0683756	-0.0514044
-0.0427182	-0.0940075
-0.146956	-0.0575818
-0.0168598	-0.0791083
0.117152	-0.123248
0.234416	0.135705
-0.297349	0.196432
-0.0351824	-0.324663
0.797611	0.14969
-0.067893	0.566014
1.31654	-0.127491
5.32313	1.56324
-0.0699397	5.29813
-0.0228954	-0.0610993
-0.11828	-0.100452
-0.235382	-0.129218
-0.113773	-0.228863
0.190373	-0.108227
0.366199	0.226179
-0.289146	0.403459
0.263472	-0.227505
0.64259	0.327689
-0.79518	0.591442
1.85363	-0.779587
5.6215	2.01265
0.00226066	6.04149
0.0629956	0.0816148
-0.16317	0.103933
-0.220407	-0.171415
-0.0833389	-0.195906
-0.0318703	0.00274994
-0.0541242	0.0376438
-0.158504	-0.212993
0.104762	-0.299688
0.202989	0.245508
-0.367553	0.218216
2.11809	-0.0450607
3.99947	2.07363
-0.20683	3.77323
-0.0786353	-0.130402
-0.103184	-0.14121
0.119176	-0.195844
0.103302	0.0868397
0.0461117	-0.16909
0.0614025	0.163155
0.228452	0.0543942
0.218304	0.462187
-0.13157	-0.0235371
-0.700481	0.245911
0.323701	-1.14657
5.80405	0.59544
-0.00810113	5.86954
-0.219518	-0.0856763
-0.251146	-0.194489
0.156396	-0.320746
-0.336683	0.148631
-0.12803	-0.283047
-0.116112	-0.175435
0.206148	0.00558353
0.400578	0.116643
0.128661	0.157108
-0.280596	0.227649
0.564429	-0.422322
5.19381	-0.180944
-0.0471405	4.97963
-0.0672163	-0.0167663
-0.14228	-0.0247811
0.115665	-0.177957
-0.00554933	0.28908
0.153229	0.0100952
-0.0145312	0.124799
0.257034	-0.210317
0.0488305	-0.115537
-0.578048	-0.0717283
0.0176506	-0.562765
1.95725	-0.126566
5.93448	2.08486
0.0601216	5.90827
-0.0758028	0.081618
-0.0451679	-0.0562858
-0.027516	-0.126193
-0.445985	-0.00846041
-0.107258	-0.306664
0.153075	0.000955941
0.0976307	-0.0655001
0.0752777	0.0473785
-0.287467	-0.160622
-0.0369416	-0.529167
-1.12025	-0.053648
4.97551	-1.19569
0.213773	4.9581
0.0753452	0.19858
-0.0239657	0.0832144
-0.061877	0.0392142
-0.201766	-0.00489644
0.0271778	-0.20816
-0.01697	0.0561262
-0.091873	0.0063064
-0.223155	-0.253024
-0.383166	-0.134877
-0.406826	-0.170656
2.09121	-0.414094
5.88141	1.75421
-0.0781675	5.77228
-0.234451	-0.0366877
-0.28962	-0.240036
0.125597	-0.240771
-0.228971	0.212021
-0.0318253	0.00271597
-0.0587803	-0.0508715
0.055248	-0.11077
-0.0287616	-0.207329
0.0764123	-0.019156
-0.587432	-0.0669253
1.29071	-0.220853
4.2045	1.90562
-0.0276938	4.305
-0.0533091	-0.0566928
-0.05072	-0.0714509
-0.200658	-0.041346
-0.169701	-0.163254
0.0481202	-0.141338
-0.043184	0.0974507
-0.239797	0.0110014
0.171876	-0.169719
0.450535	0.22411
-0.091089	0.424231
1.99722	-0.0966272
3.85235	1.90179
-0.0693554	3.7614
-0.0613565	-0.152723
-0.021563	-0.0194817
0.0420435	-0.0949718
-0.455769	0.127128
-0.243284	-0.50591
-0.187513	-0.244374
0.229555	-0.213927
0.0732416	0.225142
0.39262	0.0745407
-0.850741	0.405176
1.507	-0.839872
6.06257	1.40485
-0.0943431	6.11724
-0.152545	-0.0734691
0.156418	-0.156984
0.044098	0.14947
-0.474973	0.0798481
0.022699	-0.449912
-0.257063	-0.162495
-0.213246	-0.276839
0.416186	-0.22806
0.247761	0.360514
-0.359904	0.324783
1.77358	-0.416897
4.38897	1.69396
-0.0412787	4.18257
-0.0851946	-0.0126418
-0.0556604	-0.190776
0.0758745	-0.0125703
-0.151421	0.0476592
0.0455195	-0.086162
-0.0102931	0.0498714
0.0358909	0.0603441
-0.0459437	-0.126671
-0.391971	-0.116212
-0.381576	-0.13136
-0.596164	-0.0482684
4.03532	-0.418604
0.0304502	4.04024
0.042697	0.0159026
-0.183423	0.0165811
3.23989	0.933233
-0.00187539	2.85156
-0.0409493	0.242137
-0.0900473	-0.00170812
0.161618	-0.0389055
-0.0918867	0.0246276
-0.0304228	0.0435357
-0.19414	-0.0196127
-0.033366	-0.242814
-0.0474115	0.122413
-0.155689	-0.21658
-0.310967	-0.176953
1.47072	-0.221695
4.24914	1.99263
-0.0697085	5.16951
-0.123872	-0.0757201
-0.158112	-0.14022
-0.130836	-0.185818
-0.140797	-0.231447
0.242152	-0.133661
0.363732	0.277782
-0.167838	0.247773
0.333096	-0.0561996
0.396238	0.240731
-0.451998	0.253253
2.1677	-0.424297
5.70875	2.64456
0.0533801	5.91176
0.0724164	0.103102
-0.119563	0.0776502
-0.219063	-0.101838
-0.0471958	-0.22705
-0.0144429	-0.0267346
-0.0104816	0.0378311
-0.0786281	-0.119079
0.126292	-0.202028
-0.386946	0.0955808
-0.120368	-0.338893
2.22759	-0.0949761
4.91437	2.1594
0.0219817	4.56513
-0.0159844	0.0715698
-0.202745	-0.0548526
0.0137178	0.0299458
-0.158366	-0.0156471
0.0270723	0.155889
0.095071	0.0795992
0.205177	0.0193805
-0.297556	0.145487
0.0110723	-0.274065
-0.21763	-0.0227001
2.07651	-0.195976
5.94949	1.88247
0.170148	6.0499
-0.0501714	0.0981581
-0.180059	-0.0903874
-0.0227674	-0.0641345
-0.237041	-0.0864818
0.142318	-0.21718
-0.0821576	0.172473
-0.241126	-0.0163573
-0.275811	-0.123532
-0.107556	-0.102618
-0.510164	0.15107
0.925913	-0.5516
5.72205	1.41194
-0.0167642	4.79111
-0.0431629	-5.45513e-05
-0.0907543	-0.014759
-0.171696	-0.0112374
-0.108254	-0.205039
0.301665	-0.204807
-0.0375478	0.228292
0.136741	-0.0456225
0.360387	0.0341163
0.131605	0.17391
-0.025212	0.0482877
-0.188901	-0.237482
5.0188	-0.447911
0.0282448	5.10132
-0.00578181	0.0694869
-0.36884	-0.0437048
0.281284	-0.317735
-0.298595	0.234999
0.00214396	0.00348929
-0.113771	0.112637
0.169162	0.0342196
0.199449	0.0574943
-0.209135	0.110798
-0.984054	-0.202185
0.447251	-0.854568
5.47844	1.02963
-0.0729185	6.15985
-0.123985	-0.0919453
-0.312844	-0.167588
0.0384214	-0.3824
-0.0695743	0.0444806
-0.281941	-0.224275
0.00790446	-0.204452
-0.0972563	0.0466507
0.222259	-0.0359394
0.0597367	0.0210446
-0.828037	-0.133
1.08533	-0.695785
7.42065	1.18698
0.149626	7.32642
0.0788914	0.161102
0.0766146	0.0560483
-0.0765212	0.00738079
-0.424081	-0.057654
-0.200636	-0.449725
0.0252563	-0.106913
0.183884	0.133421
-0.669544	0.218575
0.527105	-0.446068
-0.205039	0.151942
1.27871	-0.4115
3.55142	1.26275
0.0986502	3.48131
-0.00668234	0.0272046
0.0463664	0.0646197
0.029365	-0.206056
-0.311914	0.101406
0.283068	-0.356214
-0.194132	0.260943
-0.288422	-0.214331
-0.461738	-0.265659
-0.0439014	-0.379337
-0.373996	0.0658743
2.01147	-0.119457
4.68976	1.95505
0.0549144	4.42954
-0.126336	0.104121
-0.133365	-0.191183
-0.0361626	-0.112997
0.185451	-0.113489
0.151244	-0.187436
-0.204852	0.0603541
0.00304086	-0.174145
-0.203155	-0.0605198
-0.0444027	-0.164717
-0.66832	-0.0258697
1.96543	-0.664674
6.57496	1.78646
0.221927	6.40083
-0.0630412	0.160124
-0.168544	-0.0694881
-0.108534	-0.211031
-0.00252244	-0.0810227
0.252012	0.0147022
0.268306	0.275557
-0.213885	0.013947
0.0381455	-0.327033
-0.3518	-0.340108
-0.502976	-0.366077
1.499	-0.627746
7.12442	1.46809
0.220741	7.1235
0.0421656	0.214137
-0.0149449	0.0902923
0.0252637	-0.0401578
-0.346674	0.00277142
0.0106568	-0.169284
0.206267	0.0963613
-0.0317691	0.164762
0.0530674	0.068674
-0.402944	-0.307275
-0.882138	-0.220779
0.46789	-0.904958
5.3707	0.472029
0.0133882	5.46753
-0.155632	0.0567657
-0.371884	-0.0826046
-0.0833922	-0.360028
-0.0911813	-0.104569
0.0463239	-0.129858
0.125776	0.0571092
-0.251963	0.235183
0.379247	0.112598
0.604817	0.23327
0.110666	0.341252
1.65085	-0.142993
3.56774	1.42247
-0.0945694	3.58463
0.00792754	-0.094686
0.0912569	0.0381253
-0.160084	0.0638159
-0.213996	-0.128785
0.121956	0.0060924
-0.0689038	-0.00529057
0.0720517	0.0184232
0.195212	-0.106553
-0.0358194	0.128861
-0.551202	-0.222543
1.94449	-0.431837
6.32786	2.00481
0.0602899	5.76673
0.0144395	-0.0609982
-0.203138	-0.0988761
0.0102897	-0.0920824
-0.0943588	-0.0864773
0.100228	-0.198682
-0.271758	0.130975
-0.00950754	-0.148576
-0.0446579	-0.0416808
-0.197792	0.0128213
-0.63763	-0.140192
0.441169	-0.632147
3.67645	0.939132
-0.0386816	3.55937
-0.0986802	-0.116872
-0.0470198	-0.16521
0.0813883	-0.106835
-0.0957593	-0.0656197
0.171743	-0.0453921
0.124366	0.148991
-0.151304	0.276944
0.248145	-0.148715
0.6147	0.189183
-0.525933	0.583894
1.96338	-0.586498
4.92696	1.71833
-0.0506045	4.8225
-0.119914	-0.00650552
-0.157257	-0.130036
-0.180088	-0.14748
-0.107058	-0.208146
0.365423	-0.0457733
0.32376	0.423423
-0.207508	0.200632
-0.00592744	-0.137985
-0.252342	0.0442955
-0.450041	-0.271679
1.98811	-0.689852
6.1378	2.15608
0.157349	6.16058
0.0107969	0.136505
0.0267972	0.0337698
-0.0673452	0.0603542
-0.485232	-0.198299
0.0349088	-0.306249
0.387234	-0.0726657
-0.254842	0.405175
-0.457791	-0.143666
0.412779	-0.503425
-0.42652	0.221487
1.58571	-0.384102
6.04103	1.77412
0.133272	5.76799
-0.13971	0.0810592
-0.295058	-0.0652777
-0.0347033	-0.302385
-0.433654	0.119774
0.0242419	-0.225265
-0.244012	0.255673
0.0691842	-0.268143
0.129295	0.0861171
-0.400604	0.0544028
-0.0561566	-0.711239
-0.658783	0.171712
4.65362	-0.302605
0.054179	4.4584
0.0770969	0.23185
-0.0416003	-0.0587149
0.0632464	0.0292051
-0.342513	0.01212
-0.0228514	-0.322424
0.0515743	0.0290896
-0.0489083	0.0317545
-0.480461	-0.128218
0.313057	-0.227512
-0.398927	0.459325
0.359639	-0.796885
5.60484	0.482963
0.0127732	4.11357
0.00241821	0.0412675
0.0276576	0.0657462
-0.182158	0.000420541
-0.235953	-0.127951
0.0495954	-0.242276
0.0233283	0.0958731
-0.194666	0.0176911
-0.503343	-0.165092
-0.276762	-0.455323
-0.965995	-0.328192
1.93987	-0.96328
6.08153	1.92403
0.0727087	5.96375
0.0183759	0.0608819
0.0606406	0.0888412
0.066684	0.096902
-0.0948557	0.0348872
-0.176199	-0.0830203
-0.13004	0.00296682
-0.191182	0.0987514
0.135592	0.0867917
0.395853	0.173528
-0.229833	0.316759
1.8762	-0.490735
3.85357	1.71184
0.0530804	3.72315
-0.00606032	-0.00438388
-0.11154	-0.0891449
-0.0998835	0.0264963
-0.000365911	-0.139986
0.173201	0.00988634
0.0433116	0.169185
0.159579	-0.0335857
-0.0827481	0.217136
-0.666949	-0.474092
-0.916578	-0.368542
0.842431	-0.739731
3.00751	0.711898
0.0582595	2.91398
-0.0608481	-0.00680042
-0.115432	-0.197972
0.221453	0.083752
-0.121092	-0.0218499
-0.000698982	-0.0563675
2.42723	0.605541
-0.0573114	2.72921
-0.0443692	0.0724641
-0.114634	-0.145898
0.00222481	0.0298165
0.152695	0.241071
0.123871	0.152205
-0.0825963	-0.0387029
0.28406	0.136426
-0.177117	0.114403
-0.344049	-0.11648
-0.371485	0.0234119
1.83537	0.340931
4.62668	1.90617
-0.0222169	4.87724
-0.0813491	0.00205731
-0.0356588	-0.0483816
-0.0895032	-0.0451955
-0.168073	-0.0248471
0.199264	-0.142692
0.217727	0.171412
-0.279593	0.208873
-0.0893735	-0.351456
0.784964	-0.123211
-0.296739	0.73777
1.56445	-0.235431
4.93533	1.63293
-0.112079	4.86936
0.097201	-0.147664
0.0661202	0.0536978
-0.0504428	0.0249592
-0.122967	-0.00945003
0.152311	0.0405513
0.0675052	0.163125
0.068381	0.0257525
-0.0271871	0.247678
-0.0290909	0.310449
-0.0561467	-0.0382421
-0.523891	-0.291197
5.16709	-0.777883
-0.0829489	5.03562
0.091047	-0.0387363
0.00211048	0.187944
0.17739	-0.233112
-0.0389579	0.0711888
-0.145313	-0.313911
-0.05238	-0.248644
-0.102017	-0.0811561
-0.179398	-0.219334
-0.432617	-0.146348
-0.852679	-0.316949
1.25816	-0.968575
7.46469	0.834965
0.0383452	7.43002
-0.0566966	0.0521744
-0.226718	-0.027513
-0.122192	-0.220291
-0.242823	-0.0950344
-0.0120145	-0.306723
0.0520734	0.0820286
-0.196479	0.0233257
0.436545	-0.232046
0.279466	0.426513
0.0586591	0.463082
1.30519	0.00863353
3.73846	1.29133
-0.0912651	3.58078
-0.0959457	-0.130894
0.109643	-0.059041
0.12953	-0.125661
-0.335625	-0.288425
-0.321947	-0.452129
0.0644271	-0.367673
-0.134875	0.0290343
-0.127837	-0.229693
0.0387678	-0.325556
-0.719432	0.100741
1.63442	-0.655914
6.67167	1.487
0.279179	6.80646
0.00627342	0.192205
0.0732652	0.041103
-0.119924	0.0660176
-0.481224	-0.234318
0.178319	-0.500898
0.0371352	0.367146
0.0694726	0.149308
0.0900397	0.0907668
-0.0317347	0.000876602
-0.22438	-0.344937
1.56051	-0.00295244
3.29056	1.36182
0.0857042	3.41251
0.0740467	0.0267113
-0.0618875	0.0421564
0.0127265	-0.0247307
-0.0973858	-0.121309
0.0106083	-0.10998
0.406954	-0.0500442
-0.0508141	0.253975
-0.102188	-0.269286
0.240536	-0.116085
-0.445759	0.474867
1.85553	-0.25336
5.28655	1.76052
-0.0841339	5.36001
-0.151147	-0.0819072
-0.199339	-0.171224
-0.178702	-0.180506
-0.164883	-0.0734072
0.208384	-0.157114
0.485803	0.205987
-0.227668	0.44525
0.153496	-0.268656
0.410442	0.154205
-0.309461	0.0747886
2.0959	-0.623073
5.58448	1.99496
0.0714844	5.57888
0.117056	0.0940268
-0.00420659	0.108067
-0.195707	0.0357282
-0.33244	-0.181813
-0.0595929	-0.364299
0.0189219	-0.0339787
0.036527	-0.116171
0.0302824	-0.110421
-0.504071	0.0341853
-0.199532	-0.406401
-1.09472	-0.375001
4.66109	-0.967704
0.112639	4.60505
-0.073574	0.126892
-0.385428	-0.0795055
0.135637	-0.32145
-0.166206	0.446156
-0.110862	-0.460152
-0.0897514	-0.161083
-0.025082	0.0576385
0.18022	-0.122625
-0.0386273	0.0496546
-0.398758	-0.205606
1.69992	-0.449749
6.12649	1.63241
0.125759	6.2974
-0.0364619	0.124454
-0.0103363	-0.0421408
-0.0868452	0.0322522
-0.332704	-0.0757452
-0.128262	-0.328352
0.083548	-0.0570141
-0.212576	0.0597908
-0.590709	-0.119201
0.159507	-0.492903
-0.902875	0.657753
0.574875	-1.10348
5.4118	1.23622
-0.0667401	5.1671
-0.134923	-0.0673527
-0.0630626	-0.257253
-0.0218877	-0.234422
0.00358803	-0.155535
0.0927583	-0.0926087
-0.00706372	0.0902929
-0.101659	-0.0125515
-0.2282	-0.259986
0.332612	-0.203248
-0.23288	0.437902
1.33426	-0.0973351
4.8217	0.989489
-0.0437357	4.80702
-0.132546	0.0160262
-0.0485553	-0.134723
0.058221	-0.0849881
-0.173642	0.0540222
-0.0607699	-0.267315
0.0593932	-0.00524865
0.146528	-0.236022
0.252793	0.316163
0.98324	0.0497011
-0.132374	1.03352
0.753585	-0.0873551
5.47	0.718244
0.0749003	5.62261
-0.190356	0.117044
-0.247053	-0.158887
0.136311	-0.225337
-0.195716	0.135186
-0.258011	-0.196811
-0.41238	-0.21919
0.0314546	-0.359214
0.258915	-0.00175501
0.498154	0.329642
-0.608043	0.232778
1.30414	-0.470708
4.07792	1.35922
0.133106	3.71353
-0.105087	0.0838871
0.00960987	-0.143018
0.306144	-0.0176753
-0.0534619	0.396326
-0.063247	-0.0176305
0.0750528	-0.0967912
-0.0139472	0.0406431
0.0970502	0.0362434
-0.304498	-0.0254014
-0.855903	-0.125245
0.51383	-0.550199
2.63786	0.586127
0.0917593	2.81423
-0.0135399	0.142273
2.60426	0.704436
0.0922544	3.00671
-0.162372	0.0503578
0.00431403	-0.0508213
0.0103082	0.0436431
-0.109547	0.00766945
-0.00758509	-0.0384171
-0.14037	-0.0138675
0.0952392	0.0579573
0.0342864	0.143457
-0.262507	-0.266549
-0.843077	-0.353814
0.681337	-0.70096
3.97977	1.28661
-0.044385	5.15042
-0.211227	-0.0410112
-0.151112	-0.184556
0.0566828	-0.192597
-0.212844	0.05998
-0.204482	-0.349817
-0.185061	-0.265386
-0.116658	-0.0895024
0.495295	0.0779533
0.133447	0.405206
0.0411758	0.152335
-0.196961	-0.0849959
4.98942	-0.525662
-0.0986968	5.04175
-0.0906226	-0.123324
0.00181739	-0.199265
0.0390861	0.0645606
-0.0811622	-0.0493741
-0.0486202	-0.178487
0.172247	0.0589598
0.238501	0.244327
-0.166467	0.206033
0.367783	-0.166672
-0.261765	0.343454
1.57573	-0.535825
5.67197	1.6692
-0.0678609	5.4839
-0.00212175	-0.0587988
-0.0170794	-0.0624119
-0.0330504	-0.0438719
-0.0330441	-0.0781425
0.0174006	-0.0445759
0.163455	-0.115638
0.0585707	0.164132
0.0550403	0.160719
0.265453	0.154447
0.174598	0.375533
1.84482	0.215347
5.33816	0.865379
-0.0936081	5.26844
-0.151643	-0.0481081
-0.0927588	-0.253293
-0.055711	-0.0238737
-0.133695	-0.143167
-0.208725	-0.218822
-0.258621	-0.128362
0.250229	-0.292666
-0.0322994	0.158564
-0.147474	-0.155716
-0.216647	-0.249884
1.7228	-0.168039
6.30502	1.67978
0.0581672	5.86457
-0.125444	0.0369941
-0.248247	-0.17938
-0.333108	-0.219337
-0.224139	-0.159438
0.0427853	-0.118335
0.00217614	0.13362
0.0899791	-0.012952
0.242288	0.0638754
-0.281255	0.425855
0.0921761	-0.269599
1.43593	0.024843
5.91471	1.48217
-0.16333	5.81224
0.0783472	-0.144203
-0.129003	0.0333805
-0.153776	-0.0421967
-0.109644	-0.225877
0.214218	-0.169123
0.00129155	0.262744
-0.40052	0.0542688
0.262491	-0.306341
0.678359	0.406908
-0.0237084	0.691506
1.65806	0.0820908
3.54616	1.25935
-0.0980465	3.21483
-0.15539	-0.0901442
-0.123546	-0.0609437
-0.0418856	-0.0659293
-0.0780471	-0.0328998
0.376767	-0.0844455
-0.270972	-0.0561254
-0.102618	-0.352084
0.541759	-0.18505
-0.0903208	0.561467
-0.359765	-0.137577
1.9821	-0.323066
4.68775	1.89977
-0.120392	4.71474
0.0386859	-0.0853652
0.0301212	0.0299686
-0.323626	-0.0330977
-0.240372	-0.338192
0.268373	-0.224852
0.340983	0.241701
-0.349947	0.326776
0.395619	-0.212915
-0.461795	0.376777
-0.46078	-0.38776
1.77606	-0.602038
6.15963	1.60721
-0.106161	6.20117
-0.123583	-0.12186
-0.160961	-0.16068
0.219225	-0.3129
-0.266365	0.149278
-0.130384	-0.193771
-0.181069	-0.110943
0.0118156	-0.145589
0.392291	0.0220297
0.876293	0.345128
-0.129395	0.868223
-0.135848	-0.118598
6.53738	-0.0655471
-0.0932556	6.45185
0.033619	-0.0437348
-0.402223	0.012883
-0.055343	-0.397082
-0.104954	0.0314051
-0.418173	-0.223871
-0.23197	-0.34705
-0.105989	-0.198045
0.105224	-0.00601001
-0.201295	0.015746
-0.641524	-0.0295503
2.03375	-0.531745
4.50178	1.97233
-0.0627514	4.31528
-0.116473	-0.0747779
-0.0915041	-0.199672
-0.173006	-0.0155647
-0.104328	-0.0482549
0.174751	-0.0811925
0.153695	0.0562597
0.240862	0.0644355
0.241987	0.265291
0.183246	0.326614
-0.679716	0.0292794
0.855836	-0.690396
3.15318	0.776884
-0.0376791	2.98854
0.0675182	0.0137229
-0.146221	-0.0185349
-0.00607624	-0.0162622
-0.209934	-0.10221
0.170589	-0.269627
0.00434621	0.0323054
-0.373158	0.0840763
-0.292772	-0.312996
-0.1693	-0.328507
-0.84933	-0.0418345
2.18727	-0.538954
4.15068	1.58254
0.0874378	3.62743
-0.111482	0.0387845
-0.0837632	0.0418288
-0.0163556	-0.101052
-0.24849	0.13005
0.0865971	-0.223333
-0.0563787	-0.0924777
-0.0670502	-0.3076
0.0198797	0.221752
-0.43207	-0.151031
-0.436298	0.0128469
-0.303927	-0.568999
4.43251	-0.257019
-0.0695341	4.03189
0.0547143	0.0784918
0.0647598	-0.0221887
-0.0402451	-0.0507052
-0.171572	0.0791295
0.102597	-0.131818
-0.0106995	0.245584
0.2354	0.134869
0.0380225	0.152147
0.469053	-0.421535
0.20285	0.543359
1.52467	0.125351
5.57387	1.34909
0.0168801	5.51648
-0.176618	0.104834
-0.122183	-0.117984
-0.164323	-0.138935
-0.108091	0.0627597
0.19159	-0.214293
-0.368946	0.052066
0.208457	-0.33868
-0.00674228	0.187685
-0.28157	0.111977
-0.113462	-0.295034
-0.728397	-0.137352
4.65634	-0.294098
0.129219	4.67471
-0.133253	0.148803
-0.232034	-0.210773
0.0064725	-0.244843
-0.208644	-0.0316543
-0.0279383	-0.19101
-0.298253	-0.0352078
0.10101	-0.424283
0.418953	0.112798
0.573039	0.471309
-0.687705	0.430042
1.72684	-0.0271365
3.90588	1.67066
0.0711767	3.73809
-0.240273	-0.0569462
-0.155494	-0.102374
-0.0379672	-0.180995
-0.173846	-0.0371929
0.168172	-0.180855
0.162319	-0.0334477
0.25024	-0.0414291
0.419787	0.17346
0.421899	0.377698
-0.783715	0.399398
1.93456	-0.704387
5.35007	1.77752
-0.0459223	5.18176
-0.0853826	-0.0196265
-0.0379743	-0.0950462
-0.185145	0.00843243
-0.40557	-0.124879
0.0211072	-0.405001
0.0169909	0.0690022
-0.338785	-0.00314726
-0.208386	-0.262067
-0.402102	-0.0418443
-0.19791	-0.191792
1.70367	-0.220063
4.53026	1.74887
0.144512	4.55253
0.0883895	0.141532
0.0515641	0.0424098
0.26237	0.0147677
-0.257376	0.086441
-0.0216656	-0.248509
0.023466	0.0199099
-0.235407	-0.125509
0.145895	-0.158641
-0.466828	-0.0431192
-0.399823	-0.247947
-1.22368	0.069166
4.4925	-1.09737
0.0335262	4.5396
0.0871807	-0.0585026
-0.101532	-0.0474891
0.13235	-0.241105
-0.21405	0.242516
-0.0438464	-0.281466
-0.275098	0.01121
-0.031829	-0.0989251
-0.0701913	0.226787
-0.574088	-0.169682
-0.0096437	-0.401876
0.180032	-0.220902
3.5012	0.387183
0.0272373	3.36173
0.00784787	0.0298989
-0.0214367	-0.079567
0.0219082	-0.17511
0.143465	0.0879443
0.138209	-0.00384875
-0.135277	0.189504
2.56894	0.704061
-0.147989	2.86872
-0.112233	-0.0569749
-0.139547	-0.0459343
0.0786104	-0.0614048
-0.00312217	0.202552
0.0705302	0.136012
-0.197277	0.106847
-0.0685309	-0.19842
-0.119514	0.0146057
-0.383436	-0.170019
-0.897231	-0.226089
0.476557	-1.0382
2.88045	0.574128
0.0365516	2.95331
0.0939332	0.0792379
0.0212636	-0.0755112
0.147191	-0.0905874
-0.00571067	0.00844359
0.129473	0.12546
-0.229598	-0.0438878
0.0623139	0.00853357
-0.254157	-0.0163464
-0.150079	-0.243551
-0.621478	-0.0179236
0.438963	-0.158972
3.59218	0.485668
-0.304453	3.43593
-0.19835	-0.285989
-0.255388	-0.231965
-0.0648726	-0.138503
-0.0663717	-0.176313
0.0742409	-0.0663093
-0.24648	-0.00424731
0.139582	-0.199379
0.309693	0.124302
0.899456	0.251586
0.394573	0.923039
0.18652	0.36567
5.44244	0.232582
-0.231015	4.80192
-0.0107245	-0.132135
-0.113966	-0.177642
-0.116472	-0.114877
0.0288267	-0.195558
-0.0988827	0.0681957
0.000460345	0.11201
0.0954705	-0.0374488
-0.340589	-0.0661373
0.205516	-0.274249
0.229262	0.656415
0.27974	-0.255719
6.77035	0.56462
0.014051	6.7557
-0.0902001	0.0956182
-0.236276	-0.169632
0.0564115	-0.155647
-0.170008	0.0684632
-0.253011	-0.135043
-0.250921	-0.229507
-0.406466	-0.259758
0.324711	-0.457053
0.901607	0.191246
0.13654	0.983369
0.934615	0.361727
5.29224	1.45038
-0.090628	4.92659
-0.0702252	-0.097882
0.0395214	-0.0860459
-0.123251	0.0385442
-0.225827	-0.110554
0.227489	-0.26059
0.0575769	0.0171547
-0.319377	-0.103459
0.509154	-0.203684
0.319974	0.465803
-0.554713	0.218669
1.08872	-0.4437
6.27524	1.25746
-0.100535	6.59867
-0.102576	-0.0940193
-0.0548208	-0.0786871
0.132179	-0.0337105
-0.491676	0.138029
-0.403629	-0.424727
-0.0265974	-0.413349
0.0873736	0.144946
0.0722521	0.223966
0.12132	0.183696
-0.560612	-0.174632
0.0140612	-0.53017
4.70494	-0.227581
0.15672	4.57074
0.0377885	-0.0331525
-0.244444	-0.0016689
0.0151924	-0.114241
-0.111676	0.109579
-0.242795	-0.292235
0.127516	-0.300232
-0.129025	0.0893323
-0.100338	-0.242821
-0.26304	-0.116661
-0.733383	-0.144309
2.02627	-0.531262
4.60969	2.01886
-0.00243043	4.56554
-0.0087279	-0.0672505
-0.0501652	-0.116676
-0.230177	-0.0219828
-0.370797	-0.250544
0.268054	-0.34106
0.270208	0.257383
-0.2801	0.22382
0.401267	-0.323755
0.528224	0.418698
-0.864491	0.495156
2.00673	-0.82068
5.84823	1.58212
-0.06558	6.58137
-0.0941493	-0.0782362
-0.151134	-0.184
0.0501246	-0.242206
0.0567142	-0.0262253
-0.189725	0.152333
0.00684126	-0.113558
0.00597509	0.0767246
0.261425	0.0357936
0.405634	0.221723
0.138115	0.319867
1.82457	0.234224
4.0492	1.16076
-0.0731122	4.90201
0.0162089	-0.0851627
-0.134985	0.0634223
0.216769	-0.12291
-0.0732734	0.163745
-0.0190894	-0.104388
0.199141	0.00930826
0.321019	0.394057
0.535939	0.187841
-0.194579	0.101916
-0.0738155	-0.308973
1.66929	-0.132642
6.38031	1.81741
0.0151669	6.4042
-0.160161	-0.00607123
-0.157313	-0.162265
-0.274829	-0.194302
-0.181474	-0.258221
-0.00777238	-0.185922
0.240306	0.0129955
-0.385134	0.185896
-0.563648	-0.380748
0.232038	-0.431972
-0.96859	0.173299
2.26176	-1.03488
6.00609	2.1883
0.0388444	5.87672
-0.0960652	-0.0136177
-0.168938	-0.167758
-0.133082	-0.144019
0.311662	0.15123
-0.0267104	-0.0739457
-0.119548	-0.0491332
-0.147778	0.0330889
0.0524589	0.0283736
-0.463303	0.128419
-0.57101	-0.187675
-0.296722	-0.572405
4.10637	0.37769
-0.0986648	4.0441
0.0384087	0.131887
-0.0735702	0.047646
0.0312163	-0.100205
-0.149958	-0.153262
0.156732	-0.0157153
-0.0419867	0.197471
-0.252628	0.260817
0.196274	-0.277486
0.348161	0.215997
-0.71287	0.27774
2.12169	-0.651863
4.54505	1.99811
-0.101939	4.38594
-0.162252	-0.136855
-0.138199	-0.217383
-0.133524	-0.0995909
-0.109667	-0.267029
0.257587	0.0304281
-0.119651	0.137497
0.0162705	-0.0971418
-0.158389	0.00942055
-0.129311	-0.0205394
-0.445461	-0.0824417
1.09442	-0.831559
5.58383	1.27826
-0.0175394	4.7518
-0.0391686	-0.0536073
0.20599	-0.134954
0.0797276	0.18591
-0.374906	0.167515
-0.256929	-0.285183
-0.333463	-0.221993
-0.0565479	-0.311519
0.216578	-0.0863635
0.315017	0.206613
-0.675697	0.247729
1.53341	-0.720089
5.55889	1.61505
0.104778	5.20802
-0.223488	0.0167596
0.0307407	0.0719615
-0.33577	-0.0577992
-0.138933	-0.287657
0.238914	-0.14682
0.0265228	0.219819
0.0890886	-0.0026116
0.380741	0.0380288
0.461988	0.133843
-0.294898	0.956641
0.79133	0.305639
4.59122	0.637909
-0.0786319	4.55722
-0.0614932	-0.0470945
0.0177727	-0.121335
-0.0598631	-0.0803294
-0.257136	-0.0526063
-0.184684	-0.0848197
-0.0351989	-0.224436
-0.010684	-0.117631
0.263843	0.171107
0.0542446	0.148085
0.192261	-0.158815
-0.371853	0.315002
4.54238	-0.420856
-0.0626998	4.45592
-0.116281	-0.1291
-0.322903	-0.139431
0.0792202	-0.262388
-0.231877	0.0966482
-0.0475812	-0.343962
-0.205206	-0.0996293
-0.120136	-0.254561
0.247056	0.0983189
-0.317672	0.378586
-0.105692	-0.0211867
0.413966	-0.219727
3.32255	0.733853
-0.100423	3.32102
-0.19235	-0.0893842
-0.222638	-0.149974
0.0645911	-0.246509
-0.126353	0.0378484
-0.0149373	0.077612
-0.134061	0.0936621
0.0423265	-0.041222
0.0900993	0.0669484
0.0363024	0.198765
-0.66726	-0.276693
0.749074	-0.797319
2.7706	0.718195
-0.143386	2.80299
-0.0554088	-0.0318639
-0.00990756	-0.108226
0.0911401	-0.0926109
-0.0303089	0.16976
-0.0530472	-0.0134494
0.0834656	0.048543
0.151552	-0.0297272
-0.0172868	0.149651
-0.339428	0.148228
-0.345912	-0.416547
-0.19669	-0.351969
4.06645	-0.235196
0.0683453	4.38426
0.00926213	0.0632411
-0.170055	0.0141658
0.274984	-0.121975
-0.26455	0.15311
-0.110334	-0.0122793
-0.113875	0.0246542
0.0463545	-0.182303
0.582496	0.000763791
0.887193	0.571166
-0.349482	0.908947
0.662308	-0.401681
5.02069	0.53868
0.0371893	5.0362
0.00774453	-0.0685782
-0.312055	-0.0743541
0.251459	-0.174749
-0.00204955	0.238067
-0.0804167	-0.124444
-0.0702748	-0.140328
-0.192526	-0.099623
-0.12801	-0.326505
-0.346495	0.120087
-0.95537	-0.329649
0.316156	-0.461708
4.52017	0.98574
0.0496139	6.31229
-0.0573803	0.0674051
0.118889	-0.0426443
0.0611136	0.0665946
-0.209294	0.013365
-0.17494	-0.227003
0.00418625	-0.157191
-0.133675	0.0307447
-0.263515	-0.110203
-0.36713	-0.249469
-1.07902	-0.301043
1.3403	-1.1289
7.32548	1.28407
0.0570931	7.34275
0.00338032	0.0390962
0.0512452	-0.0524785
0.163799	0.0394034
-0.153233	0.0861661
-0.321424	0.0226912
-0.232163	-0.137863
0.0564785	-0.0181316
0.0552615	0.101454
0.329805	0.151937
-0.211311	0.233176
2.02947	-0.215198
4.35906	2.03699
-0.110494	4.34149
-0.042324	-0.0270053
-0.163292	-0.10704
-0.118404	0.0114643
-0.0475436	0.00884207
0.0482922	0.00474259
-0.149283	0.00643605
0.335221	-0.0363255
-0.0166415	0.022169
-0.309899	-0.16376
0.0115311	-0.251239
-0.869256	-0.338446
4.56181	-0.804688
0.0533731	4.20422
-0.224046	0.100242
-0.0812816	-0.372185
-0.171957	-0.193981
-0.156327	-0.254209
0.0821197	0.00427867
-0.143964	-0.0130015
0.0822606	0.00218772
0.0430561	0.136229
-0.132858	0.134822
-0.853202	-0.316839
0.516039	-0.713739
3.00057	0.683149
0.00152974	3.18715
-0.115471	-0.00450293
-0.083128	-0.191023
0.0513152	-0.0419325
-0.238978	-0.130478
0.0932152	-0.155184
-0.218757	0.105983
-0.518794	0.0246754
0.0480577	-0.491084
0.688358	0.0507599
-0.559263	0.657743
1.9255	-0.617001
4.79406	1.96358
-0.0772919	4.74141
0.0207019	-0.0789831
0.00141714	-0.00263469
-0.123054	-0.0169937
-0.0615117	-0.166966
0.250896	-0.06179
0.264307	0.307604
-0.214623	0.200611
0.395055	-0.259595
0.447683	0.41145
-0.803334	0.423562
1.64379	-0.709734
6.32008	1.32716
0.0328397	6.44967
-0.141085	0.0232336
-0.0552532	-0.174822
0.188477	-0.107598
-0.181927	0.184807
-0.267563	-0.143763
-0.281146	-0.299288
-0.15172	-0.261867
0.230605	-0.132217
0.316499	0.215384
-0.730217	0.346646
1.54245	-0.722334
5.39699	1.94347
0.069569	5.13517
-0.072557	0.0165059
-0.149214	-0.0837674
0.104487	-0.167719
-0.128939	0.168359
-0.0657903	0.181736
-0.0449799	-0.213057
-0.14959	-0.215244
0.179295	0.046673
-0.297463	-0.0856856
-0.351603	-0.296819
-0.129178	-0.324046
4.15845	-0.176432
-0.065195	3.96974
0.186171	-0.0120196
-0.0499926	-0.011211
0.379552	-0.151169
-0.280473	0.10134
-0.113587	-0.113562
-0.0785394	-0.124005
0.0871755	-0.176995
-0.0239839	-0.0757131
-0.28227	-0.0563354
-0.702534	-0.260006
0.510845	-0.631949
2.79566	0.750908
-0.070749	2.8958
-0.0406234	-0.0862037
-0.152116	-0.118536
-0.196751	-0.153318
-0.232276	0.118042
0.236508	-0.241134
-0.0940376	-0.0411262
0.187327	-0.0807906
0.106932	0.134206
0.195182	-0.145804
0.325668	0.295366
2.24882	0.258946
4.00904	2.36038
-0.0659029	3.90021
-0.0399406	-0.0630272
-0.0532918	-0.137208
0.0511456	0.0545618
-0.201428	0.130142
0.293752	-0.21239
-0.00429628	0.34448
0.0603576	0.00844182
0.225428	0.149084
0.636009	0.420085
-0.354489	0.706042
0.30048	-0.274637
6.05917	0.393339
-0.00756738	4.66898
-0.0874962	-0.100435
-0.0855607	-0.0960577
0.093183	-0.0680404
-0.0323528	-0.0362894
0.0302093	-0.109819
0.17494	0.0854943
0.214368	0.112455
0.288929	0.275702
0.329373	0.314195
-0.0947508	0.402991
0.941977	-0.358142
5.2898	0.629461
0.031766	5.5991
-0.0558097	0.0650093
-0.350015	-0.0470675
0.0495912	-0.407949
-0.0435521	-0.0392198
-0.0417812	-0.0244447
-0.157468	-0.0354692
-0.000209563	-0.138491
0.34542	0.0839473
0.97789	0.330685
0.00125884	0.98047
-0.085349	0.000654453
6.07528	-0.0041903
-0.23326	6.03757
0.0796297	-0.204442
-0.25451	0.085034
-0.186233	-0.324778
-0.0381347	-0.0710473
-0.350787	-0.0723546
-0.260151	-0.408382
-0.0481645	-0.187825
-0.0274636	0.0214074
0.0884945	-0.0922776
-0.694524	0.0785583
1.54835	-0.358031
5.5274	1.46647
0.0888425	5.05703
0.0254548	0.0914926
0.138119	0.0138614
0.219815	0.132226
-0.16316	0.169614
-0.194788	0.0353654
-0.330675	-0.0522614
-0.0375786	-0.277825
0.0653873	-0.18167
-0.243593	0.0421
-0.58334	-0.349841
-0.240373	-0.550784
3.99728	-0.337035
-0.135398	3.96193
0.0852128	-0.0104668
-0.0114208	0.0460303
0.044727	-0.125181
-0.24049	0.223842
-0.141724	-0.195522
0.0917256	-0.128022
0.153441	-0.152706
0.205327	-0.146947
-0.712814	-0.0639247
-0.514097	-0.582694
0.34257	-0.635102
3.02561	0.452931
0.0301096	2.99657
0.0594939	0.0689213
-0.0334242	0.0695636
0.126559	-0.094095
-0.0414625	0.133925
0.0282441	-0.123302
2.94502	0.546853
-0.106925	3.3825
-0.069453	-0.0753795
0.00472713	0.0168713
0.00238594	0.0626378
-0.288445	-0.0779379
0.0828204	-0.33429
-0.396979	-0.0973189
-0.10465	-0.270643
0.133395	-0.0336127
0.509244	0.50754
-0.679571	0.302767
0.895122	-0.679685
6.96929	0.780352
-0.0647743	6.99086
-0.252594	0.0108381
-0.32422	-0.208259
0.0359176	-0.330162
-0.0347582	-0.0365112
-0.317163	-0.0176016
-0.316946	-0.318306
-0.278393	-0.292636
0.189528	-0.298977
0.494381	0.253577
-0.730467	0.384218
1.01545	-0.772601
6.7126	1.31863
0.0420384	6.3007
-0.0783335	-0.0238321
-0.112626	-0.0595171
-0.0765003	-0.062004
-0.0826855	-0.140931
0.214598	-0.146638
-0.0412916	0.221438
-0.593835	-0.0496103
0.362333	-0.59185
0.00939222	0.61801
-0.485888	-0.183202
1.49252	-0.727987
6.81859	1.5684
-0.0767117	6.48619
0.08504	-0.0118848
-0.074616	-0.0161268
-0.357394	-0.0805218
-0.200421	-0.349261
0.0262117	-0.270228
-0.216438	7.42254e-05
-0.0353429	-0.165493
-0.0838513	-0.0703405
-0.255018	-0.0304098
-0.810112	-0.216994
1.99605	-0.766502
5.09771	2.00687
0.0035382	4.8963
0.0881218	-0.0694783
0.00186189	-0.0650502
-0.10885	0.0196295
-0.144631	-0.0156041
-0.0897847	-0.0130386
0.0373608	0.0787305
-0.0102376	-0.17534
-0.0577063	0.329308
-0.0569548	-0.233059
-0.528766	0.0540365
-0.362791	-0.265445
4.65613	-0.101045
0.0137832	4.21432
-0.0750428	0.224665
-0.0896868	-0.0652229
0.121631	-0.0317908
-0.159273	0.0738165
-0.193001	-0.391881
0.100564	-0.185868
-0.20012	0.0885514
-0.335736	-0.247301
-0.35194	-0.323735
-0.626041	-0.371597
1.43388	-0.592631
6.92507	1.45886
0.191646	6.73866
-0.0409831	0.120522
-0.0928272	-0.133842
-0.102382	-0.0632783
-0.215853	0.0578304
0.0164579	-0.108455
-0.0321813	-0.136162
0.071974	-0.2424
-0.0284561	-0.202849
-0.00314412	-0.0419581
-0.186902	-0.0749967
1.66483	-0.174239
6.76767	1.51091
0.123989	6.71183
0.0558031	0.142801
-0.0596578	0.0570631
-0.151423	-0.111657
-0.302224	-0.207002
-0.21416	-0.260538
0.235397	-0.0733925
0.143866	0.145964
0.116953	0.132084
0.152382	0.215506
0.103745	-0.00688265
0.0976063	0.0187085
4.54732	-0.333593
0.0700789	4.81417
-0.102779	0.0331335
0.00577693	-0.100695
-0.0153745	-0.0669604
-0.304001	-0.203439
0.127723	-0.444611
0.19407	0.146469
0.142559	0.0506224
-0.070755	0.0298622
0.315085	-0.117572
-0.777202	0.358272
1.58056	-0.70796
5.64706	1.56147
0.0946012	6.06421
-0.0528352	0.122856
-0.146706	0.0337372
-0.180632	-0.0372468
-0.318353	-0.0129363
-0.135867	-0.199761
0.204141	-0.206498
-0.13413	0.0901739
-0.214812	-0.200789
0.724444	0.0897864
-0.606955	0.716397
1.87827	-0.535893
4.64124	1.78814
-0.0364293	4.31039
0.00857207	0.0211479
-0.176915	0.00262056
-0.116784	-0.110119
-0.132185	-0.0882412
-0.00648567	-0.110564
-0.185021	-0.0835934
-0.1958	-0.00332034
-0.00823658	-0.0269523
0.029438	-0.00166892
-0.0655793	-0.0496657
1.70181	0.0508854
6.14861	1.69366
0.030625	5.87845
-0.305414	0.0214779
-0.290123	-0.312037
0.0835902	-0.317356
-0.100403	-0.0260231
0.0874229	0.0609056
-0.0433148	0.0699058
0.0672475	-0.198238
-0.110076	0.00347407
-0.271778	-0.121137
-0.678592	-0.0595774
1.2331	0.0387474
6.44846	1.50723
0.119205	6.41838
-0.102448	0.121785
-0.113919	-0.0712883
-0.131309	-0.112096
-0.258509	-0.139382
0.0639533	-0.279399
0.173632	0.072727
-0.24161	0.124044
-0.338205	-0.158363
0.169859	-0.159535
-0.517417	0.271222
1.70465	-0.551229
5.211	1.65745
-0.0455113	4.48502
-0.0788442	0.035029
-0.0322603	-0.0138334
-0.0255665	-0.142506
0.012908	0.129115
-0.0662963	0.0714694
-0.344745	-0.265212
-0.173766	-0.113998
0.371341	-0.146397
0.676806	0.256296
-0.0532807	0.988787
0.275171	-0.0772392
5.78183	0.203987
-0.158823	5.62558
-0.0432669	-0.157214
-0.177036	0.00847805
-0.0638123	-0.14013
-0.224819	-0.0526701
-0.0461078	-0.177561
-0.0270164	-0.0489077
-0.114539	-0.123423
0.227619	-0.179451
0.61572	0.261491
-0.254899	0.640346
1.18744	-0.376824
5.37108	1.51398
0.0316561	5.3531
0.0267468	-0.0196444
0.168375	0.00328043
0.205624	0.105056
-0.328777	0.181209
-0.00056655	-0.109525
0.18751	0.188483
-0.00150839	0.265073
-0.158049	-0.149844
-0.27454	-0.388708
-0.559018	-0.253313
1.10642	-0.805863
3.354	1.00415
-0.0780374	3.16679
-0.0405946	0.036391
-0.063744	-0.0396533
-0.0328265	-0.107498
0.119276	0.138052
0.154258	0.0249692
-0.00681629	-0.102392
2.89323	0.552236
-0.0305771	2.88328
-0.0629928	0.00750067
-0.0746588	0.03245
-0.0387998	-0.0406822
-0.0918141	0.0138608
0.081461	0.0591137
-0.193093	0.0513769
-0.0676038	-0.162353
-0.0848286	-0.0620883
-0.32579	0.123506
-0.663591	-0.187445
0.303426	-0.75548
2.75722	0.392786
-0.0217824	2.9559
0.0396258	0.0970846
-0.103812	-0.0884312
0.0655319	-0.138423
-0.0162223	-0.130594
0.0199525	0.00563532
-0.143871	-0.02848
0.0568361	0.175786
-0.1834	-0.0488728
0.321613	-0.236262
-0.441495	0.351305
1.57188	-0.564993
6.69123	1.9491
0.12311	6.84355
0.0385431	0.167631
0.103637	0.0476231
-0.0510365	0.063253
-0.421451	-0.0465907
-0.124351	-0.293412
0.190411	-0.163992
-0.0310805	0.22178
0.12587	0.0133011
-0.390682	-0.045232
-0.018117	-0.534929
-0.414043	-0.334278
5.05865	-0.361477
-0.00432939	4.99629
0.0475181	0.0423706
-0.218563	0.102419
0.048666	-0.207006
-0.43202	-0.116952
0.118263	-0.36805
-0.190993	0.11341
-0.115261	-0.141706
-0.187454	-0.212719
-0.182557	-0.20133
-0.389585	-0.223721
1.70508	-0.389401
5.55523	1.70625
-0.12849	5.67156
-0.182404	-0.114096
-0.190267	-0.172246
-0.175106	-0.234892
-0.0116222	-0.0286995
-0.0995416	-0.0648943
-0.117235	0.20469
-0.193429	-0.0941194
-0.0393779	0.07282
0.271961	0.187849
-0.330386	0.0294051
1.8322	-0.123447
5.49452	1.99092
-0.0705648	5.54853
-0.0141376	-0.0374873
-0.186526	-0.0100824
-0.256692	-0.177963
-0.136152	-0.227918
0.170148	-0.0751667
-0.044047	0.207328
-0.137118	-0.0761549
-0.147642	0.0338121
-0.436265	-0.130667
-0.41618	-0.582034
2.0406	-0.515509
6.4396	2.04671
0.153436	6.19537
0.111865	0.176446
-0.19982	0.0441446
-0.215651	-0.177171
-0.213737	-0.189372
-0.0916668	-0.240608
0.238065	-0.0192983
0.239914	-0.10641
0.267923	0.18702
-0.166398	0.0587222
-0.136211	-0.349829
-0.335452	-0.464568
4.8406	-0.0630323
-0.0307632	4.94212
-0.021229	0.046174
-0.119583	0.157429
-0.0816582	-0.23444
-0.251544	-0.199539
0.0431376	-0.273294
0.0953991	-0.00560355
-0.0515665	0.13963
-0.14722	0.154217
-0.000378859	-0.287764
0.171553	0.205643
1.15649	0.225776
4.68368	1.03224
-0.00617711	3.46309
-0.0345131	0.027414
-0.0349396	-0.143155
-0.0874494	-0.297073
-0.113946	-0.053031
-0.0214273	-0.167553
-0.133705	-0.0676527
0.0921322	-0.141344
-0.0984023	-0.00536083
-0.110616	0.189827
-0.427999	0.187944
1.60244	-0.621338
6.35933	1.51195
-0.179902	6.36673
-0.235805	-0.148761
-0.0462261	-0.271883
0.0928051	-0.105204
-0.292481	0.0973241
-0.36099	-0.267532
0.0115618	-0.3685
0.105585	0.0518291
0.177485	0.50292
0.388728	0.372642
-0.358222	0.244542
0.508979	-0.585596
4.2754	0.184044
-0.0163309	3.92943
-0.0532244	-0.132533
-0.238076	-0.0336672
0.140954	-0.324127
-0.388222	0.159361
-0.296166	-0.467057
0.179327	-0.263959
0.0173152	0.244362
-0.0978177	-0.06055
-0.167831	-0.0717748
-0.345905	-0.138261
1.80151	-0.281368
6.1851	1.87925
0.0826891	6.09284
-0.0282818	0.0436193
-0.206555	-0.117462
-0.129143	-0.0768166
-0.0680715	0.0810389
-0.0123594	-0.0591859
-0.00757569	-0.0833963
-0.00981631	-0.0752919
-0.111236	-0.0559375
-0.171263	-0.117172
-0.744536	-0.0783241
0.961885	-0.457777
4.14417	1.36075
-0.0118389	5.31255
0.0186183	-0.0931153
0.137225	0.0240456
-0.137627	0.0969525
-0.272913	0.00989384
-0.267958	-0.305533
-0.251222	-0.264811
0.0451937	-0.323386
0.167427	-0.0735698
0.338503	0.260284
-0.935755	0.345906
1.59058	-1.00476
6.14869	1.52777
-0.0297327	6.01627
-0.20464	-0.0499939
0.057835	-0.128205
-0.164739	-0.0327545
0.024481	-0.278782
0.273843	0.00826749
0.114231	0.239125
0.0423211	0.0916861
0.134765	0.0841403
0.248413	0.0796298
-0.627035	0.409331
1.11847	-0.586366
5.15044	0.772826
0.0416773	5.07204
-0.0266267	-0.00645388
-0.0752686	0.0852779
-0.143585	-0.143618
-0.202948	-0.0686892
-0.0525298	-0.134258
0.0117149	-0.110759
0.00176124	-0.0696243
0.310511	0.0940062
0.305934	0.371326
0.0429492	0.0640923
-0.235698	-0.0737435
4.18467	-0.72542
-0.00588249	4.22154
0.0463621	-0.0870775
-0.189901	0.0914723
-0.0681961	-0.192323
-0.0513546	0.0306014
0.0114566	-0.0934349
-0.130709	0.0179746
-0.0425313	-0.145921
-0.227246	-0.132668
-0.347526	4.181e-05
-0.235908	0.0130776
-0.32544	-0.240424
3.9719	-0.572108
0.00630617	3.81772
0.0235576	-0.310801
-0.204555	-0.0533291
-0.0740445	-0.167239
-0.0417912	0.00147481
0.013807	-0.125622
-0.141931	-0.0416201
-0.0730366	-0.0202305
0.0591754	0.111316
-0.329088	-0.135099
-0.737609	-0.378764
0.577821	-0.801847
2.88411	0.57935
6.26124	1.42938
0.0118497	6.3303
-0.0173483	0.138507
-0.161493	-0.0453748
-0.17434	-0.159567
-0.119786	-0.244238
0.265165	-0.115061
0.299964	0.259294
-0.265799	0.179885
0.293821	-0.0998698
0.261819	0.295094
-0.135099	0.354192
0.352414	-1.15464
5.85938	0.777199
-0.00472055	5.96887
0.00381807	-0.0374072
-0.102204	-0.0952801
-0.145245	-0.16686
-0.248186	-0.215135
0.142415	-0.215589
-0.0345104	0.100251
-0.359367	0.0144123
-0.0804179	-0.447455
-0.121903	-0.149526
-0.424122	-0.127393
2.3491	-0.453314
5.20294	2.16203
-0.00880364	4.90572
-0.104151	0.0276599
-0.20872	-0.145067
-0.159323	-0.234736
-0.0290764	-0.0997092
0.182085	-0.0415292
0.076541	0.127121
-0.351124	-0.162781
0.0800537	-0.38735
-0.343817	0.0430508
-0.00161725	-0.31561
1.84156	0.0854872
6.14439	1.78677
-0.13854	6.0628
-0.042538	-0.138172
-0.222149	-0.0873654
0.126352	-0.310567
-0.15459	0.164284
-0.0380349	-0.137808
0.0110362	-0.0361974
-0.366503	0.0688415
-0.366623	-0.292296
-0.0498428	-0.381674
0.258734	-0.0551054
1.58257	0.237711
6.10976	1.65916
0.0704506	6.22954
-0.121902	0.094801
-0.274525	-0.0813913
-0.155189	-0.208746
-0.113714	-0.161513
-0.158133	-0.121008
0.0843029	-0.126716
-0.0482593	0.0383212
-0.280495	-0.0102147
-0.168187	-0.116528
-0.549006	0.333942
1.9838	-0.754263
5.25189	1.76692
-0.00996073	5.14833
0.00624147	0.0131325
-0.248099	0.0659184
-0.233704	-0.230172
-0.147402	-0.115846
0.00998503	-0.190503
0.344496	0.0909657
0.128702	0.162823
0.124153	0.307598
0.097509	-0.0562083
-0.325408	0.0778251
1.92441	-0.504347
6.18062	1.72496
0.071983	5.38773
-0.0629506	0.107351
-0.149278	0.0368839
-0.138227	0.0409452
-0.237805	-0.334504
-0.0539282	-0.34736
0.109505	-0.0350316
-0.187078	0.0431224
-0.210614	-0.292336
-0.266909	-0.15511
-0.62375	-0.186447
2.3443	-0.505498
5.03377	2.14488
0.0544613	5.20071
-0.131699	0.0566086
-0.272615	-0.20097
-0.0829744	-0.27106
-0.0465702	-0.0879848
0.230579	-0.00933437
-0.00808933	-0.0521108
-0.119587	0.0624331
0.149675	-0.0720682
-0.240663	0.43769
-0.283043	-0.216658
1.96165	-0.0666269
3.91875	2.0076
0.104861	3.60752
-0.136625	0.00124422
-0.092344	-0.0643832
0.129273	-0.180932
0.0155407	-0.0444179
-0.112556	-0.0247695
0.0858609	0.0761747
-0.233113	-0.241845
0.704197	-0.267618
-0.133824	0.679801
-0.87433	0.11993
1.85947	-0.903653
4.39928	1.41139
-0.131089	3.6318
-0.0756009	-0.03575
-0.0437454	-0.0307882
-0.0714596	-0.0666192
0.00647352	0.0196151
-0.0168677	0.0432594
0.111828	0.125063
0.196345	0.0223943
0.399667	0.278993
0.20065	0.302578
-0.219772	0.105433
0.226159	-0.0625389
5.26795	0.0802263
-0.111106	4.75186
-0.247379	0.0700009
0.0641979	-0.202506
0.184354	-0.0171675
-0.120582	-0.206191
-0.184059	-0.21655
-0.356656	-0.18174
0.183187	-0.312167
-0.00927227	-0.00233115
0.225716	-0.181538
-0.0668752	0.208616
2.03595	-0.0230474
4.63716	2.14942
0.0944042	4.47478
0.0284131	-0.0434899
-0.143763	-0.070058
0.0022015	-0.208571
-0.00458259	-0.119782
0.302725	-0.00696005
-0.125262	0.203269
0.0858126	-0.0145937
0.0734102	0.229103
-0.13187	0.00120827
-0.764103	-0.171936
0.6566	-0.715557
3.00128	0.628931
0.00836136	3.11972
0.0434054	0.0665543
0.0563161	0.0622687
0.0087913	-0.202691
0.0323804	0.0127342
0.0357293	-0.242369
-0.0781758	0.11045
0.0702102	-0.150252
-0.312695	0.146968
-0.264459	-0.204775
-0.673241	-0.167945
1.03768	-0.726808
3.24151	0.830183
0.0356019	3.15732
-0.0972966	0.0114
-0.00266729	0.044413
-0.0832418	-0.0901722
-0.206268	-0.180108
0.000292411	-0.0654711
-0.0481134	-0.00360787
0.158069	-0.123097
2.63869	0.313471
-0.0231914	2.95738
-0.0306442	0.0605608
-0.111226	0.016068
0.0594327	0.131075
-0.17141	-0.0343099
-0.0232568	-0.210169
-0.153863	0.290012
0.0592908	-0.205779
0.25988	0.171737
-0.0341608	0.516885
-0.651592	-0.271395
1.86807	-0.887917
6.57501	2.00996
0.0014047	6.73415
0.154292	0.0486257
0.02831	0.147573
-0.187538	-0.0246418
-0.363074	-0.189243
0.199529	-0.336043
-0.140999	0.209144
-0.456404	-0.110277
-0.284427	-0.437271
0.0124928	-0.163042
0.391947	0.0349839
1.60659	0.357811
5.29988	1.53467
-0.154965	5.27632
-0.204778	-0.10076
-0.400207	-0.245198
-0.00779292	-0.358617
-0.272626	-0.0431526
0.137061	-0.352881
0.414858	0.0675598
0.0386193	0.278298
0.580976	0.0968022
0.334229	0.741469
-0.438401	0.576336
0.135369	-0.394545
6.8144	0.0706507
-0.0305013	6.79787
-0.110717	-0.0196536
-0.273841	-0.14
0.0600436	-0.216052
-0.260564	0.0217935
-0.21218	-0.232768
-0.181604	-0.332476
0.15976	0.0316007
0.0969949	0.197351
0.358399	0.0515738
-0.302192	0.159564
1.91899	-0.505072
4.57685	1.89322
-0.0610078	4.6216
-0.0433689	-0.119366
0.0858589	-0.0553587
-0.191891	0.0715361
-0.272156	-0.190624
0.235465	-0.266921
0.0584055	0.102712
-0.0398162	0.108531
-0.0210022	-0.0285777
-0.352139	-0.0359557
-0.481947	-0.376674
1.71454	-0.375814
6.51246	1.68609
-0.0346217	6.56659
-0.0231031	-0.0406932
0.0113591	-0.0449383
0.193538	-0.0270828
-0.330141	0.190718
-0.469506	-0.329438
-0.0997054	-0.476582
0.169791	0.181226
0.202819	0.192283
-0.106902	0.405959
0.346393	-0.3317
-0.679118	0.274583
4.77501	-1.01088
-0.0925695	4.96977
-0.244766	0.0078272
-0.00213531	-0.174069
0.111322	0.0984483
-0.222446	0.0160735
-0.219005	-0.160698
-0.162078	-0.119691
0.103777	-0.029077
-0.16425	0.0511958
0.470691	0.0679239
-0.549054	0.621202
2.00705	-0.587365
4.90014	1.85472
-0.0691415	4.75416
-0.0475053	-0.0881231
0.073404	-0.0502435
-0.114964	0.0545472
-0.0653299	-0.148615
0.228575	-0.176381
0.0520711	0.116993
0.254813	0.0151596
-0.0940229	0.12841
0.113471	0.157611
-0.281884	-0.197404
1.7671	0.161058
6.10777	1.7583
0.0710846	6.00354
0.00772419	0.10736
-0.0808361	-0.0334541
-0.114794	-0.160181
-0.316057	-0.0374364
0.0975602	-0.197761
-0.274684	0.0868057
-0.0826142	-0.130849
-0.295198	-0.0690586
-0.258161	-0.186325
-0.776122	-0.0525004
0.407747	-0.86709
4.04129	1.05992
0.157359	5.43143
0.0066744	0.130362
0.0183203	-0.0549805
-0.0742353	0.013083
-0.446635	-0.124041
-0.0506498	-0.420096
0.45881	0.0180253
0.284088	0.306508
0.166602	0.388245
-0.0411967	0.211294
-0.399837	-0.0977206
0.985624	-0.66348
3.05595	0.848369
0.0769817	3.55761
-0.0285175	0.000943086
-0.0222005	-0.238091
0.0507485	-0.0382566
-0.270383	0.0929412
-0.405504	-0.397261
-0.0855449	-0.44534
0.0420852	-0.139509
0.226765	0.248333
0.289591	0.362111
-0.67255	0.425061
1.96546	-0.48854
4.77157	2.07911
-0.0907056	4.7695
-0.0546248	-0.0209623
0.0222696	-0.0166921
-0.191146	-0.0307993
-0.248889	-0.22697
-0.108859	-0.265412
0.128653	-0.109403
0.396684	-0.0357234
0.375048	0.145926
-0.128904	0.0515305
-0.131566	0.0829401
-0.0455069	-0.128953
3.76675	-0.184971
-0.0474648	3.53625
-0.0256476	-0.0283314
-0.0700492	0.0415168
-0.00455168	0.106928
-0.306949	-0.221486
0.0838867	-0.211899
0.0531045	0.0760744
-0.167426	-0.0785729
0.0690977	-0.107071
-0.185378	-0.237565
-0.0442795	-0.16657
2.10638	0.105996
4.91879	2.21078
0.206594	4.50569
0.0950264	0.205466
-0.202625	0.178147
0.0149364	-0.0620386
-0.102677	0.0875374
0.00305699	-0.0856995
-0.00584139	-0.00133961
0.200207	-0.182251
-0.0322626	0.108611
0.0156223	-0.161557
-0.830997	0.055009
-0.72087	-0.719476
4.26876	-0.300974
0.0598986	3.85947
-0.0644793	-0.0088266
0.0700274	0.0336181
-0.165874	0.117191
-0.2605	-0.238456
0.0196442	-0.318464
-0.159543	0.0584385
0.189008	-0.157967
0.409754	-0.0209405
-0.176616	0.530508
-0.391737	-0.139444
2.12945	-0.442956
5.30291	2.19577
0.0407428	5.61173
0.11339	0.0711402
0.0667135	0.0711572
-0.0310305	-0.00624327
-0.257062	-0.0536437
0.0971014	-0.224432
0.0430767	0.0402254
-0.240052	0.0538443
-0.215652	-0.253945
-0.616126	-0.20769
-0.580632	-0.515952
1.80818	-0.367101
5.43459	1.82432
0.142407	4.65507
0.0592524	0.141506
-0.0124273	-0.0381068
-0.113245	-0.0404763
-0.237326	-0.106539
-0.212323	-0.401543
0.371194	-0.128603
0.0413619	0.103052
-0.210727	0.0323766
0.693642	-0.261051
-0.366096	0.435844
1.40579	-0.533442
3.59906	1.1722
2.44824	0.0493593
-0.0106704	2.8554
-0.100766	-0.0276182
-0.10844	-0.000139696
0.156167	0.0298849
0.0444383	-0.0488614
-0.000656985	-0.222801
0.0616197	-0.0890684
-0.656101	-0.0152066
0.0165315	-0.539694
0.238968	0.119557
-0.174558	0.242658
1.80821	-0.571969
5.18657	1.74843
0.00673802	5.37735
-0.0895192	0.0139212
-0.158685	-0.0953862
-0.23262	-0.139541
-0.253434	-0.276463
-0.0145228	-0.185274
0.131717	-0.0889912
-0.240919	0.0516935
-0.20798	-0.235302
-0.00486117	-0.342967
-0.695722	0.112449
2.13255	-0.642017
5.46571	1.85042
0.0285382	4.94698
-0.16015	0.0518993
-0.218962	-0.134173
0.0200623	-0.116151
-0.0345939	0.0346557
0.0553888	-0.157477
-0.141492	-0.159907
0.267589	-0.182175
-0.274804	-0.0187297
-0.253211	-0.395441
-0.125981	-0.238516
1.63767	-0.169957
6.69563	1.5939
0.143589	6.57002
-0.0411645	0.135952
-0.0266368	-0.0220575
-0.0372804	-0.111131
-0.23612	-0.0461529
0.0866903	-0.237792
-0.0734173	-0.0930952
0.300772	-0.151499
0.0860537	0.246179
-0.240858	0.222496
0.164073	0.237029
1.60037	0.192414
4.79926	1.81111
-0.151464	4.38188
-0.255184	-0.137983
-0.179665	-0.162305
-0.0366246	-0.124756
0.0872121	0.112923
0.194668	0.0369093
-0.0735688	-0.0248252
-0.264889	-0.108855
-0.271709	-0.308332
-0.216299	-0.307508
-0.327753	-0.161742
1.88781	-0.483881
6.29167	2.01276
-0.00509229	5.59905
-0.111644	-0.0806688
-0.214758	-0.129117
-0.195422	-0.192954
-0.108652	-0.205063
0.06708	0.12268
0.0374412	0.0792036
0.0912706	0.113438
0.20062	0.108667
0.0745162	0.119047
-0.496197	-0.144794
0.924953	-0.457746
3.29408	1.19548
0.0090843	3.5346
0.0532101	0.00446754
-0.139397	-0.160609
0.207166	-0.132411
-0.221623	0.143108
0.116794	-0.240945
0.22891	0.0725788
-0.0916538	0.369113
0.219435	0.108936
0.275781	0.238158
-0.218731	0.137041
0.453227	-0.719892
5.42745	0.301537
-0.023768	5.25744
-0.018813	-0.0105114
-0.0546963	-0.11401
-0.0521355	-0.0379946
-0.312836	-0.0489272
-0.267216	-0.316537
-0.206282	-0.289767
-0.175859	-0.231652
0.470772	-0.202937
0.324183	0.496231
-0.822369	0.309641
2.02379	-0.806988
4.97869	1.93155
-0.0947934	4.85477
-0.0893346	-0.0410762
0.00433944	-0.0599746
-0.077625	0.00046708
-0.134711	0.0911191
0.039127	-0.022806
-0.0364678	0.0192022
-0.0683364	0.0636033
0.0542431	-0.122693
-0.422233	-0.0859175
-0.396012	-0.303769
0.723015	-0.113315
5.61186	1.51664
-0.126236	5.97007
-0.123503	-0.0647239
0.139083	-0.163245
0.0420706	0.0838071
-0.386505	-0.122113
0.10751	-0.334561
-0.191011	0.139102
-0.0918113	-0.237913
-0.295587	-0.142147
-0.0370325	-0.380578
-0.596749	-0.113824
1.55253	-0.636942
6.85579	1.29991
0.136033	6.82748
-0.0716414	0.0788378
-0.076361	-0.156326
0.078847	-0.224987
-0.115923	-0.0119554
0.0592774	-0.0962738
0.10243	0.1905
-0.42952	0.152503
0.381139	-0.365949
0.698714	0.349482
-0.239186	0.687914
1.60215	0.0373774
3.37182	1.43516
0.0915445	3.31488
-0.103236	-0.0651075
-0.0741383	-0.206888
0.0228191	-0.0873627
-0.143368	0.197782
-0.175496	-0.325219
-0.0716591	-0.226696
-0.18596	-0.0695917
0.117117	-0.205312
-0.42042	0.0838519
-0.742839	-0.150397
2.04751	-0.880461
5.49463	1.47853
-0.048188	5.92024
-0.0424107	-0.00929895
-0.151001	-0.0057772
-0.330396	-0.180691
-0.0826218	-0.37836
0.110725	0.0208738
-0.120148	0.170217
-0.122525	-0.10641
-0.137367	-0.101934
0.079499	-0.140996
-0.255327	-0.00905949
1.94089	-0.33912
6.14388	1.9603
0.0216488	6.35023
0.0322585	0.0517674
-0.0082153	0.0910657
-0.0607577	0.0674056
-0.294294	-0.043105
-0.141768	-0.254667
0.163025	0.194162
-0.236234	0.183017
0.282784	-0.229836
0.662324	0.344044
-0.504144	0.524398
1.08828	-0.112292
5.4522	0.919717
0.00318589	5.57632
-0.0446743	-0.11014
-0.158109	-0.0861465
-0.119929	-0.116463
-0.218734	-0.112517
-0.108333	-0.218004
-0.146323	-0.15608
-0.255908	-0.235025
0.136323	-0.183205
0.240581	0.0637227
-0.798966	-0.0353592
1.5591	-0.72586
6.70043	1.8214
0.159832	6.32046
0.0306203	0.0886904
-0.135812	-0.0642349
-0.261728	-0.135605
-0.273451	-0.228986
-0.0165212	-0.317238
0.0703093	0.0224619
-0.207164	-0.0893362
-0.267137	-0.284506
-0.357949	-0.27157
-0.119419	-0.371951
1.62264	0.0524218
5.80195	1.67092
-0.126198	5.46356
-0.0349963	-0.109242
-0.106	-0.0293767
-0.0952061	-0.0531464
-0.080273	-0.145886
0.102399	-0.0253531
0.373119	0.151696
-0.181039	0.366214
0.204223	-0.130098
0.691208	0.381714
-0.581753	0.740115
1.56117	-0.392133
4.84278	1.15984
-0.0252749	5.17021
-0.0176247	-0.0410205
-0.140854	-0.139044
-0.0420036	-0.125805
-0.0968666	-0.00694765
-0.0164138	-0.149776
-0.422098	-0.0768188
0.179033	-0.378064
0.328573	0.206368
0.161476	0.315911
-0.277846	0.0475585
1.56158	0.132135
4.66325	0.994089
-0.0268182	4.62914
-0.0637716	0.141095
0.157778	-0.135653
-0.0312697	0.152984
0.000359702	-0.013534
-0.170864	-0.0249575
-0.401898	-0.0335472
0.399894	-0.272257
-0.257468	0.394826
-0.152369	-0.231931
-0.611283	-0.1053
0.657899	-0.607437
3.9306	1.14849
0.0867867	4.34389
-0.145542	0.00712783
-0.023369	-0.302469
-0.174112	-0.0319571
-0.0493132	-0.162063
0.105849	-0.123719
0.124444	0.106249
0.132869	-0.0127187
0.16936	0.242701
0.513618	0.301539
-0.812189	0.732707
0.736758	-0.848169
5.95543	0.429233
0.0522037	6.14264
-0.227945	0.0668754
-0.159925	-0.242899
-0.0484706	-0.223462
-0.272816	-0.0510975
-0.0457203	-0.211248
-0.381884	-0.0848398
-0.205418	-0.332794
0.577535	-0.206891
0.188144	0.554263
-0.211255	-0.0588644
1.38426	-0.0592094
3.64184	1.18415
0.0374884	3.41797
-0.0904461	0.0116642
-0.121637	-0.0943844
0.0303764	-0.196311
-0.0722252	0.0468839
-0.269902	0.113862
0.143532	-0.0204346
-0.233435	0.185144
0.30978	-0.070668
0.670528	0.415339
0.0533537	0.837271
0.661689	-0.241685
5.21986	0.617204
-0.114983	4.57606
-0.145575	0.0334933
-0.179884	-0.164577
-0.105875	-0.144299
-0.01344	0.102309
-0.108466	-0.0294592
-0.169673	-0.190534
0.173691	-0.0764477
-0.0877926	0.177063
-0.0999705	0.000231889
-0.541643	-0.537102
1.03182	-0.695956
4.28142	1.52351
0.0894337	4.34275
0.165212	0.00905515
0.122167	0.0481681
0.226985	0.0358768
-0.14991	0.175264
-0.050782	-0.138716
-0.192107	0.0786056
-0.0962944	-0.128518
-0.259867	0.0505287
-0.480849	-0.223964
-0.513102	-0.297295
1.14516	-0.484077
3.18749	1.04717
0.217482	3.01006
-0.0968504	-0.00295366
-0.140085	-0.0349399
0.137479	0.0504904
-0.00386777	0.197631
-0.0583162	-0.0131033
