2.98151	0.761084
0.0219867	2.6084
0.0740205	0.111892
0.0946155	0.0465383
0.140762	0.0148197
-0.169529	-0.0195874
0.0386484	0.0248758
0.0447132	-0.0523455
0.438236	0.166827
0.207615	0.225966
0.175236	0.0586091
0.307816	0.136777
1.9473	0.316246
3.40388	1.75166
-0.124642	3.75087
-0.0883439	-0.161586
-0.0941022	-0.105658
-0.188424	-0.111256
-0.308033	-0.0316898
0.351852	-0.328378
-0.257856	0.375906
-0.31067	-0.109909
-0.341062	-0.348207
-0.308826	-0.139414
-0.107308	-0.247522
1.39473	0.00844967
5.66942	1.71201
0.0240387	4.71552
-0.0577196	-0.0661414
-0.238831	0.0705197
0.0575193	-0.171595
-0.291973	-0.021175
0.0811157	-0.296706
-0.0726206	0.178218
-0.20428	-0.111408
-0.222947	-0.079989
0.132242	-0.0138817
0.212815	-0.0249214
1.71699	0.277908
3.42747	1.89833
-0.00244863	3.49684
-0.141086	0.0284358
-0.026308	-0.0368307
0.0968212	-0.00738728
-0.112111	0.175606
0.167614	-0.307236
0.0577373	0.254045
-0.157616	-0.0508725
-0.304976	-0.156535
0.227069	-0.271438
0.255643	0.212938
1.62551	-0.0833054
4.775	1.84437
-0.209212	5.3416
-0.199039	-0.0411734
-0.266777	-0.038928
-0.352656	-0.0570568
-0.402984	-0.284569
0.185846	-0.453084
-0.176696	0.158551
-0.427344	-0.155604
-0.0336785	-0.140789
-0.264424	-0.00547986
-0.381943	-0.0170333
-0.154216	-0.113942
5.43704	-0.447496
-0.0475633	5.32474
0.180711	-0.180131
-0.00858137	0.0811734
0.0623273	0.00460141
-0.0999282	0.106847
0.00469446	-0.33898
0.0566883	-0.0989883
0.0308652	0.218821
0.322175	-0.0448393
0.0409422	0.451486
-0.181115	-0.0385052
1.31771	0.0332082
5.60576	1.49675
-0.255558	4.66428
0.0308888	-0.205062
0.0921984	0.0463614
0.0285218	0.0689411
-0.299602	-0.0504746
0.0471977	-0.161283
0.0211127	0.0163462
0.171381	0.154144
-0.127973	-0.058348
-0.119586	-0.0077287
-0.4079	-0.376152
1.07668	-0.339833
7.20065	0.953337
0.0231163	7.31635
0.282823	0.0328648
-0.0204676	0.302861
-0.00938334	-0.0146118
-0.526385	0.00198404
-0.147993	-0.566744
-0.0317315	-0.237343
-0.0761909	-0.0591159
0.382004	-0.027827
0.35601	0.0802112
-0.098036	0.450045
1.07804	0.0645595
4.93077	1.43852
0.108396	4.42772
0.0136517	0.0191014
-0.0526909	0.0331611
0.210617	-0.0709897
-0.219534	0.122151
0.0880655	-0.273326
0.188971	0.102528
0.153696	-0.0545124
0.543865	0.263532
0.796271	0.462802
-0.346727	0.723726
1.11095	-0.362758
5.50701	1.37302
-0.062573	5.1281
-0.0676033	0.0336571
-0.166099	-0.155943
-0.327304	-0.19159
-0.0907511	-0.199409
0.104069	-0.0702233
-0.450978	0.0450786
-0.0761246	-0.526215
-0.334918	-0.152865
-0.0266656	-0.0215248
0.00227952	0.160444
1.02565	0.064422
5.49061	1.019
-0.0985531	5.42145
0.0676804	-0.0410642
0.0648869	0.0546063
0.198796	0.0725661
-0.161951	0.203866
0.125258	-0.241183
-0.568892	0.285432
-0.287524	-0.429286
-0.253686	-0.281923
-0.0558842	-0.178246
0.0354042	0.175406
1.44683	-0.717729
5.12388	1.88986
-0.111322	5.31087
-0.218863	-0.0150763
-0.375147	-0.172724
-0.242554	-0.33718
-0.293222	-0.226504
-0.0413388	-0.384277
-0.395796	-0.152647
0.297896	-0.42592
0.20996	0.304817
-0.515201	0.270714
-0.44938	-0.0902589
1.63902	-0.291303
4.77448	1.6365
-0.172676	4.7387
0.17509	-0.17171
-0.0976508	0.0523213
0.102421	-0.0789493
-0.212318	0.12787
0.0105233	-0.20089
-0.372044	0.0589531
0.191443	-0.348399
0.784052	0.297034
0.186811	0.620731
0.163023	0.309078
1.24002	0.0513938
3.1746	1.27619
0.00605575	3.20698
0.00518591	0.00706219
0.094394	-0.0393559
0.107566	-0.168614
-0.304853	0.221283
0.0452214	-0.414821
-0.0293351	0.0967236
-0.0842667	-0.0848258
-0.116253	-0.119088
-0.493507	-0.12594
-0.262023	-0.554201
1.83627	-0.179189
5.65895	2.25576
-0.0169064	5.22125
-0.020812	-0.114458
-0.0800463	-0.0276264
0.180279	-0.00607343
-0.0409178	0.224461
0.278726	-0.14119
-0.282365	0.237323
-0.388828	-0.494999
-0.109544	-0.413
-0.0522272	-0.064613
0.194255	-0.0840155
1.94077	0.30417
5.28426	2.06455
-0.0410576	5.46774
-0.111362	-0.0334601
-0.0283471	-0.14811
0.010703	-0.0317429
-0.252614	0.0603912
0.0382106	-0.221731
0.0146593	0.053513
-0.0439424	-0.0305747
-0.385474	0.0909209
-0.147494	-0.349735
0.403563	0.0338162
-1.14129	0.303958
4.79378	-0.930754
0.110064	4.96645
0.00770315	-0.045668
0.0271272	0.00635674
-0.274727	-0.101278
-0.0200396	-0.066897
0.0238501	-0.0623466
-0.294944	0.0499752
0.0715702	-0.351283
-0.288677	0.249202
0.238126	0.0968772
0.369742	0.344645
1.65575	0.129516
4.6244	1.9637
-0.180992	4.33623
-0.121156	-0.210059
0.0178191	-0.0919084
0.0297133	-0.0330278
-0.117715	0.0230943
0.512456	-0.297932
-0.0414077	0.366381
0.146014	-0.0315477
0.00686988	0.222355
-0.0469466	-0.307718
-0.297488	0.273138
-1.21252	-0.284064
4.74647	-1.21829
-0.124855	4.63451
0.171638	-0.121912
0.155677	0.0509131
0.0954451	0.121996
-0.575355	0.0357005
0.0130884	-0.41429
0.150735	0.0879156
-0.197287	0.0142761
0.131523	-0.11378
-0.231065	0.139357
-0.440314	-0.265969
0.93123	-0.270343
6.18508	0.908059
-0.0419528	6.22165
0.263326	-0.0139509
0.0668178	0.27991
-0.238674	0.00313484
-0.560917	-0.316992
-0.0795762	-0.433697
-0.123892	-0.146744
-0.2748	0.00457314
0.275665	-0.159315
-0.40111	0.415163
-0.246425	-0.412347
1.50149	-0.236325
3.01545	1.194
-0.0185514	2.90016
0.106701	0.187046
-0.0756763	0.0351855
0.0184428	-0.226645
-0.166581	-0.138347
-0.220132	-0.208721
-0.0933274	-0.00421919
-0.0297429	-0.0847734
-0.14777	-0.00743066
-0.0792954	-0.0923911
-0.269061	-0.190791
-0.848871	-0.130734
4.45588	-1.19347
-0.0534892	4.52505
0.116514	0.0228485
-0.05594	0.0611821
0.215005	-0.068154
-0.27346	0.0953525
0.0923583	-0.514498
-0.291585	0.209354
0.100216	-0.235227
-0.182674	0.161445
-0.384301	-0.0640373
-0.389283	-0.593628
0.471491	-0.476121
2.97036	0.255686
-0.0484231	2.92613
0.0175351	-0.149329
-0.0651525	0.125678
0.0501503	-0.0238168
-0.0720702	0.222211
0.0784519	-0.160811
-0.0851101	-0.0400791
0.0613734	0.0410794
-0.136528	0.17821
-0.234888	-0.173175
2.64288	0.797496
-0.000286454	2.90114
0.0139412	0.0620223
0.0510209	0.0396693
0.108105	0.0441511
0.0278252	0.142739
0.0480614	0.133372
0.0505501	-0.0914275
0.285397	-0.166921
-0.152254	0.357794
-0.0844802	-0.0527738
-0.539434	-0.300721
0.79296	-0.572378
2.88979	0.433632
-0.07557	2.66463
0.0164974	-0.158575
0.088	-0.113775
0.0622757	-0.0380233
0.00255032	0.0333514
0.046569	0.110956
0.151211	0.179558
0.0946061	0.0375303
0.436962	0.0937802
0.286786	0.569063
-0.291619	0.244253
0.833656	-0.250185
6.7166	0.836979
-0.319039	6.3294
-0.165829	-0.269059
0.0767198	0.00972303
0.032635	0.0608284
-0.42025	-0.093722
-0.0221632	-0.469874
0.156923	0.141067
0.171941	0.103207
0.0644218	0.223749
-0.0292232	0.123216
-0.167701	-0.19177
1.32762	-0.225455
7.04738	1.37595
-0.0737716	7.10809
0.0607761	-0.143592
-0.0965759	-0.0858382
0.0677026	-0.233667
-0.0397463	0.0441914
-0.0666298	-0.0349859
-0.127739	-0.155335
-0.0143992	-0.0912719
0.269965	-0.116188
0.421734	0.40495
-0.36523	0.133666
0.628308	-0.362712
7.42379	0.807923
-0.161104	7.40597
-0.0865077	-0.172314
-0.00593715	-0.0941064
0.109345	0.00859714
-0.556994	0.141226
-0.248077	-0.530956
0.0499761	-0.205137
0.114952	0.0282248
0.481593	0.0839541
0.211979	0.491586
-0.224577	0.153211
1.01223	-0.104765
5.82571	0.933972
-0.135554	5.88933
-0.0433106	-0.124153
-0.137958	-0.071602
0.0467278	0.22675
-0.229205	0.0705056
0.0756349	-0.37576
-0.124338	-0.0291636
0.108404	-0.168762
0.419853	0.0989123
0.704426	0.350027
-0.0247281	0.735454
0.136745	-0.0263981
6.90188	0.250025
0.0348115	7.08233
-0.193551	0.00100441
-0.256446	-0.228734
0.274	-0.2094
-0.596202	0.203625
-0.257617	-0.550647
-0.223561	-0.251926
-0.0995445	-0.162104
0.258675	-0.022342
0.29571	0.381713
-0.116042	0.316795
1.34996	-0.269089
6.00547	1.6078
0.027087	6.23816
-0.0820115	0.162149
-0.105153	-0.11173
-0.0366434	-0.118262
-0.128818	-0.0495527
0.162281	-0.146813
-0.241309	0.0843344
-0.487829	-0.155283
-0.337994	-0.447663
0.126529	-0.237118
-0.278796	0.135619
1.78596	-0.250802
5.79492	1.61714
-0.216203	5.58603
-0.175584	-0.190108
-0.14209	-0.195068
-0.121516	-0.129504
-0.123291	-0.151176
0.333273	-0.228426
-0.238504	0.270246
-0.202565	-0.17227
-0.0273554	-0.107351
-0.405518	0.0877624
-0.175851	-0.451936
1.64855	0.161405
3.91913	1.70462
0.000826224	4.03036
0.0523834	-0.0455543
-0.049853	-0.00586045
0.236977	-0.105939
0.13845	0.132214
0.0569256	-0.130562
-0.0336985	0.133084
0.381257	-0.236587
0.286906	0.29704
0.444938	0.171702
-0.146931	0.176374
1.02646	0.104352
4.34193	1.0918
-0.0839659	5.30123
-0.043582	-0.0393656
-0.134955	-0.0340077
-0.282038	-0.154977
-0.434291	-0.275891
0.0600231	-0.473547
-0.212792	0.0485167
-0.047612	-0.260898
0.0364211	-0.0622338
-0.34814	-0.0674979
-0.500171	-0.34105
1.52218	-0.443043
6.66539	1.74065
0.115458	6.7489
0.02245	0.101033
-0.277528	0.126887
-0.253244	-0.23943
-0.475321	-0.19908
0.194662	-0.501137
-0.00520476	0.330204
-0.0569908	-0.0543583
-0.0502909	-0.133276
-0.32592	-0.0678809
-0.504059	-0.383065
1.31253	-0.393738
6.8189	1.58263
0.058061	6.72846
0.215809	0.0349333
-0.0656989	0.256943
-0.11517	-0.0609177
-0.436208	-0.0952766
0.207966	-0.427944
-0.191637	0.189395
-0.291151	-0.253246
-0.192001	-0.0971364
-0.208246	-0.150147
-0.144755	-0.207807
1.57713	-0.224566
4.89296	1.64232
-0.0877072	5.09917
-0.117515	-0.136996
-0.113137	0.0290207
-0.329222	0.0158333
-0.24395	-0.17202
-0.174446	-0.261348
-0.448378	-0.140224
0.0335782	-0.464824
0.277167	-0.0732979
0.352316	0.328489
-0.318277	0.347729
0.396233	-0.34372
6.43113	0.574776
-0.0299793	6.47166
-0.129725	-0.120152
-0.107984	-0.156504
0.260921	-0.109293
-0.499811	0.194455
-0.218379	-0.465221
-0.178978	-0.0548438
0.212435	-0.12023
0.253738	0.309502
-0.215219	0.208802
0.26595	-0.158467
-1.10641	0.163198
4.92785	-1.2805
-0.0107819	4.97517
0.127261	-0.0786974
0.0849421	0.104721
0.170107	0.105374
-0.208547	0.00852301
0.0440722	-0.333443
-0.19766	0.0407222
0.0194614	-0.0384863
0.0493488	0.105836
-0.00160116	-0.0254811
-0.883549	-0.0505436
0.616212	-0.112527
5.37507	0.631114
-0.0380533	5.45399
-0.201516	0.0269981
-0.0822871	-0.244203
0.076019	-0.0260546
-0.160426	-0.0342988
0.513156	-0.199457
0.0536408	0.395405
-0.312662	-0.0116828
0.403175	0.149316
0.547243	0.0135107
-0.0980192	0.162005
-1.02733	0.0860688
5.11858	-0.991083
-0.0152237	5.10296
-0.0380343	-0.0711477
0.100059	-0.0140318
0.00447499	0.159569
-0.0303458	-0.00137391
0.0491892	-0.0189359
-0.0612079	0.137488
0.107167	-0.123009
-0.299515	-0.0407988
-0.092717	-0.219446
0.176928	0.0790383
1.94012	-0.0918455
6.56715	1.7329
0.0638447	6.61528
-0.0224154	0.125812
-0.0684261	0.0160681
-0.292899	-0.159601
-0.0122896	-0.378097
0.143123	0.0862372
-0.329011	0.073463
0.264353	-0.27051
-0.00641986	0.287605
-0.0352057	0.144371
-0.543299	0.0378281
1.15069	-0.582326
6.21477	1.1125
-0.0766385	5.89199
0.0582582	-0.0236263
-0.156838	0.0364145
-0.312075	-0.173344
0.317686	-0.185626
0.473088	0.220277
0.0344929	0.550399
0.0245528	-0.0448039
0.280948	0.0460443
0.37412	0.413048
-0.18752	0.289105
1.41356	-0.231011
3.12599	1.0022
0.0797774	2.90869
0.0708968	0.0589666
-0.0520763	0.0246595
0.116171	0.0410886
-0.217923	-0.028577
-0.101199	-0.18978
-0.424559	0.0112857
-0.418757	-0.432237
-0.39932	-0.533193
0.150712	-0.420444
0.169628	0.0701515
1.36616	0.167963
5.6416	1.46226
-0.00493131	5.5817
0.00345516	0.0360538
-0.0673898	-0.0118642
-0.0989915	-0.116475
0.0375185	0.113168
0.034941	0.0745497
-0.270886	-0.0370171
-0.0760388	-0.18187
0.0944451	0.0755639
-0.175831	-0.0600025
-0.479889	-0.151922
0.99872	-0.41266
2.87986	1.27214
0.0128311	2.8199
-0.0354885	-0.0413663
-0.0490417	-0.0490672
-0.0375287	-0.0565842
-0.157984	0.0280089
0.103184	-0.153192
0.0715873	0.194087
0.206394	-0.184671
-0.126963	0.223566
-0.50861	-0.0766965
-0.585642	-0.569467
1.1509	-0.636743
2.98212	1.03654
0.00787096	3.06391
0.0376023	0.0228198
0.0215346	-0.0198468
2.49535	0.639425
0.0274707	2.8115
-0.0581923	0.0531057
-0.0488851	-0.00509387
0.0598168	-0.0420804
-0.143871	-0.0808865
-0.0761905	-0.15584
0.139985	-0.0716903
0.126118	0.130394
0.110254	0.156927
-0.255181	0.258541
-1.00782	0.10713
-0.495875	-0.780153
4.50698	-0.963574
-0.276295	4.68408
0.101162	-0.138631
0.0728526	0.0823235
0.172503	0.133781
-0.132559	0.147948
0.0877922	-0.133322
-0.172777	0.149125
0.109382	-0.0671927
0.224577	-0.00955589
-0.220972	0.0870517
-0.964445	-0.0494547
0.417531	-0.756547
5.0049	1.03748
-0.0119896	5.46089
-0.120325	-0.0532828
-0.119377	-0.0515187
-0.0895174	-0.0314867
-0.0728479	-0.0323926
0.377598	0.0739356
-0.143068	0.281962
-0.309835	-0.19537
0.806194	-0.256057
0.136586	0.836758
-0.25361	0.166992
1.42067	-0.201872
4.97043	1.37005
-0.0612083	5.06122
-0.202221	0.00866791
-0.184756	-0.077114
-0.00966503	-0.23495
0.0839337	-0.303789
-0.211808	-0.063171
-0.329166	-0.165018
0.105807	-0.322113
0.501731	0.111714
-0.0550817	0.559511
-0.530886	0.01529
0.887547	-0.305761
6.37053	0.663719
-0.0489831	6.35147
-0.00307279	0.0811026
-0.230888	0.0804356
-0.513682	-0.204088
-0.183453	-0.47545
0.0756357	-0.12932
0.0549882	0.00207738
0.311226	0.182666
-0.221673	0.371531
0.376661	-0.0876648
-0.225569	0.553619
-0.719758	-0.272618
5.53456	-0.896178
-0.0737457	5.38101
0.00799325	-0.0739178
-0.0938061	0.0668888
-0.296218	-0.257199
0.0499129	-0.231307
-0.0474081	0.0591485
0.0146767	-0.171882
0.360428	0.00775084
-0.214502	0.315747
-0.162383	-0.0756323
0.062394	-0.466961
1.78999	-0.108754
6.68207	1.91407
0.00365941	6.10201
-0.111073	-0.020449
-0.10909	-0.178137
-0.0200045	-0.0586911
-0.139477	-0.180718
0.0148371	-0.116764
-0.0809752	-0.0382956
-0.100736	-0.21974
0.112399	-0.232024
0.105621	0.112591
0.430023	-0.0188054
1.96501	0.418277
5.00368	1.92641
0.0954802	5.3694
0.0295614	0.119655
-0.174476	-0.0665015
-0.0591511	-0.198183
-0.0236357	-0.284096
-0.160568	-0.144042
-0.168959	-0.148798
0.0292536	-0.102608
0.149369	-0.0587635
0.268659	0.133148
-0.0247298	0.326042
0.652677	0.0880066
6.03683	0.767763
-0.128607	6.2492
-0.121628	-0.132313
0.185017	-0.112303
-0.146891	0.196284
-0.390488	-0.265676
0.0450056	-0.289502
-0.260571	0.0430827
0.137958	-0.222734
-0.0104446	0.235912
0.0144597	0.06316
-0.250654	0.0698063
1.23904	-0.316785
3.34591	1.19794
0.104794	3.20416
-0.15945	0.140991
-0.125812	-0.0737543
-0.237033	-0.0872043
-0.377181	-0.313453
-0.0107769	-0.493211
-0.318479	-0.0930498
-0.0968607	-0.257936
0.355879	-0.0522663
-0.254433	0.512083
-0.549282	0.0420458
0.527317	-0.496931
5.9818	0.577681
-0.0846379	5.53751
-0.139504	0.0518284
0.0537359	-0.156279
0.116155	0.0860165
-0.543491	0.0621108
-0.416065	-0.355379
-0.0413023	-0.10535
-0.0153562	-0.0102168
0.255545	0.20593
-0.0357693	0.0714852
-0.303211	-0.104887
-0.716386	-0.411057
4.54892	-0.877624
-0.29486	4.67597
0.178934	-0.202957
-0.0405241	0.16536
-0.0795943	0.0600604
-0.229866	-0.0617421
-0.0553046	-0.0844016
-0.200991	0.0513858
0.263716	-0.110437
-0.264721	0.0421984
-0.277974	-0.0339364
-0.466378	-0.282517
-0.458507	-0.53057
3.68722	0.000569143
-0.0687504	3.36526
0.00200791	-0.000756383
0.118056	0.00296542
0.285775	0.126306
0.118118	0.048701
-0.056605	-0.126918
-0.011777	-0.0435749
0.143483	0.0614636
-0.0153613	0.231347
0.0573928	0.0259128
3.67899	0.786028
-0.0361067	2.85807
-0.105574	0.0215116
0.0672433	-0.0464554
0.0989164	-0.00969734
-0.0485076	0.0474532
-0.0163222	0.0728734
-0.0567272	-0.182614
0.147076	0.0690648
0.00478906	0.404238
-0.0461374	-0.0985661
-0.758986	-0.14966
0.822079	-0.743287
3.76632	0.565978
-0.0920294	3.92327
-0.0874745	-0.0406874
-0.436701	-0.0113008
-0.041542	-0.293165
-0.125312	-0.0387446
0.145385	0.105764
-0.158428	0.0866508
0.274822	-0.100805
0.539132	0.205137
0.951978	0.553136
0.21807	0.601601
-0.410817	-0.0248714
5.53382	-0.778459
0.0857207	5.59652
0.0118505	-0.168807
-0.375798	-0.173574
0.315427	-0.296499
-0.477671	0.184961
-0.207382	-0.599075
-0.133094	-0.16673
-0.0655629	-0.087919
-0.241145	-0.115025
-0.594451	-0.324324
-0.156497	-0.512126
1.95992	-0.168501
6.07867	2.00793
-0.0265273	6.39481
-0.149022	0.0142505
-0.271362	-0.0576308
-0.273713	-0.208226
-0.299392	-0.216818
-0.106703	-0.426241
0.0650362	-0.297589
0.00977268	0.105668
0.226117	0.139394
-0.0376908	0.0505887
-0.0837512	-0.251155
0.841336	-0.0583367
5.3614	0.232102
0.00831728	5.50272
-0.0445756	-0.0791606
-0.226786	-0.0536467
0.0576424	-0.141463
-0.319415	-0.00403795
-0.00703074	-0.131655
-0.00104632	-0.0412579
0.146156	0.00615975
-0.174531	0.150967
-0.123631	-0.226183
-0.0428462	-0.311983
1.84476	-0.0474748
6.1921	1.89801
0.0621836	6.23245
0.0681821	0.0478062
-0.219666	0.0283876
-0.28648	-0.239714
-0.297686	-0.355982
0.0327288	-0.299953
0.189547	0.0397181
-0.1742	0.0684997
-0.0928294	-0.175205
-0.540531	-0.110038
-0.308077	-0.450687
1.51051	-0.335928
5.73841	1.5113
0.000655535	4.863
0.0597197	-0.0275895
-0.0667121	-0.0510351
-0.284704	-0.124085
-0.166656	-0.300811
-0.0228675	-0.159727
0.0641466	0.119366
-0.313731	0.00415835
-0.137502	-0.309046
0.263957	-0.0170297
-0.189066	0.640975
0.976177	-0.281732
5.84836	0.917744
-0.199649	5.78073
-0.0045043	-0.188596
-0.126307	0.116033
-0.23777	-0.153564
-0.4902	-0.196125
-0.094868	-0.285623
-0.274036	-0.00637683
-0.18176	-0.331637
-0.0708411	-0.285243
-0.472847	-0.201751
-0.0272862	-0.352274
1.74328	0.103026
5.63662	1.7189
0.0260549	5.51887
-0.0308051	-0.000818411
-0.0444267	-0.0245344
-0.188914	-0.0418251
0.0352561	-0.216299
0.199972	-0.0259178
-0.648259	0.264062
-0.480045	-0.58457
-0.368793	-0.518048
-0.0576112	-0.427814
0.152017	-0.116216
1.58271	0.182003
5.16161	1.58154
0.00283996	5.05486
-0.0781564	0.0385094
-0.0257084	-0.0496724
0.136326	-0.050293
-0.0230769	0.118881
0.109958	0.0740692
-0.209423	-0.0475724
0.144197	-0.170323
-0.0186981	0.294443
-0.115335	0.0666214
-0.366626	-0.235598
1.44551	-0.33628
3.29456	1.27272
-0.0414607	2.87971
0.0867627	-0.0137043
0.0685171	-0.0738428
0.168133	-0.0585673
-0.0585868	0.123681
0.00149869	-0.0942821
-0.103881	-0.0515234
0.0183373	0.0235712
-0.16985	0.027623
2.49841	0.779734
-0.181318	2.90157
-0.129961	-0.158009
-0.113216	0.036709
0.137876	-0.0461267
0.114508	-0.0621167
0.100621	-0.0688313
-0.111812	0.0321823
0.170452	-0.00300633
-0.237696	0.262509
-0.166331	-0.217007
-0.650994	-0.297214
0.465241	-0.685525
2.99512	0.612905
-0.00477851	2.99576
0.0152925	0.0199819
-0.15525	-0.0888354
0.19972	0.0119902
0.155437	0.302815
0.219667	-0.0133763
0.0753853	0.295303
-0.432624	0.0106815
-0.248531	-0.54146
-0.373976	-0.144337
0.252643	-0.385635
1.61188	0.340828
5.89658	1.86138
-0.236122	5.85662
-0.233731	-0.166743
-0.259493	-0.218816
-0.127646	-0.189753
-0.233812	-0.122046
0.284369	-0.140729
0.168683	0.001579
0.14941	-0.0801234
0.0669983	0.0736751
-0.224542	-0.166582
-0.596574	-0.101165
1.66068	0.175227
6.91963	1.59851
-0.0111905	7.30007
0.0767667	-0.0315729
-0.183986	-0.0119439
-0.155996	-0.323954
-0.273806	-0.205949
0.181362	-0.366921
0.0479818	0.107273
-0.208788	0.065558
0.206571	-0.170131
-0.367409	0.235994
-0.206612	-0.22571
1.48734	-0.291954
6.00806	1.32526
-0.312655	6.31055
-0.191494	-0.28734
-0.12739	-0.319782
0.243788	-0.212419
-0.376788	0.252584
-0.247675	-0.316303
-0.122201	-0.281431
0.169597	-0.168609
0.476733	0.13615
0.302655	0.465916
-0.495248	0.261653
0.87338	-0.568584
7.10683	1.05492
-0.123794	6.85918
0.0256884	-0.0314053
-0.226728	-0.123462
-0.362002	-0.167051
-0.0163038	-0.239587
0.154237	0.0317511
-0.389532	0.0753408
-0.300329	-0.431266
-0.105905	-0.242921
0.0361252	-0.0968784
0.140555	0.149844
1.55761	0.121771
5.05074	1.50446
-0.128452	6.03763
-0.0813253	-0.135308
-0.210771	-0.0660785
-0.346245	-0.22899
-0.174114	-0.333785
-0.0260007	-0.377295
-0.0924844	-0.129427
0.0739212	0.0971949
0.129026	0.105853
-0.244067	0.063688
-0.590462	-0.433538
0.183977	-0.493284
5.11984	-0.36868
0.108215	5.76302
-0.14779	0.0812976
-0.0686665	-0.200396
0.0583472	0.0284013
-0.167873	0.0940758
-0.22067	-0.126536
-0.365876	-0.0406281
0.145334	-0.303071
-0.122468	0.161666
-0.119023	-0.0138158
-1.02561	-0.16336
0.0998632	-0.99941
4.08696	0.446866
-0.188782	5.18141
-0.258369	-0.0791048
0.0622492	-0.200395
-0.108099	0.0883841
-0.340716	-0.0770538
-0.0767218	-0.179552
-0.0117379	-0.00278711
0.402602	-0.049577
0.201862	0.131774
0.0710995	0.15105
-0.690213	0.131681
-0.216874	-0.725967
4.81876	-0.297118
-0.00817321	4.81424
-0.134748	0.0203258
-0.130018	-0.142723
0.214224	0.0166979
-0.143513	-0.0538206
-0.0418355	-0.0681902
-0.19903	-0.0337377
0.203403	-0.0559052
0.566478	0.240869
0.160467	0.201701
-0.382509	0.123859
0.804608	-0.524178
3.08644	0.848622
-0.0177215	3.04546
-0.138959	-0.033108
-0.0980351	0.114443
-0.0596765	-0.183484
-0.0223433	0.0541349
0.00766508	-0.188013
0.0629398	-0.00400248
-0.0153732	-0.0351052
0.0213147	-0.0559831
-0.202236	0.0411032
-0.315322	0.0540447
0.0490601	-0.489223
4.45358	1.13014
-0.123285	6.16392
0.0775313	0.00841303
0.0854081	0.149434
-0.0372711	0.0234751
-0.332066	-0.0622151
0.0216493	-0.321749
-0.26804	0.113196
-0.0248976	-0.372628
-0.19595	-0.0950885
-0.720494	-0.177323
-0.444358	-0.511323
1.11704	-0.33555
5.22697	1.17414
0.1394	4.32887
0.120309	-0.0463347
-0.0700641	-0.0484155
-0.0184224	0.00276349
-0.131039	0.0159359
0.326418	-0.31237
0.155651	0.167659
0.205191	0.0618299
0.25537	0.102386
0.408234	0.270755
-0.0810956	0.144261
0.836792	-0.417779
3.17705	0.933304
0.170889	3.16953
-0.0496092	0.101951
0.0130662	0.0393532
-0.0620299	-0.0225604
-0.0820799	0.0607015
0.176149	-0.217475
-0.298963	-0.101311
0.0493716	0.0211305
0.0197184	-0.0504778
-0.326832	-0.0661631
-0.790917	-0.247761
0.721632	-0.631275
2.89986	0.787895
-0.00990834	3.00212
2.66357	0.704297
0.0214217	2.88285
-0.165723	0.0651002
-0.122699	-0.0961759
0.000249609	-0.062598
0.0100563	0.025221
-0.0858805	-0.0414619
0.0923369	-0.016883
0.353216	-0.131882
-0.102713	0.102131
-0.211268	0.0168464
-0.76606	-0.227212
0.693576	-0.688362
3.5627	-0.122794
-0.186385	3.76037
0.0589651	-0.196218
-0.203578	0.286853
0.0388127	0.0434286
-0.0161556	0.0533954
0.115993	-0.132722
-0.270923	0.107038
-0.261099	-0.0503135
0.0106435	-0.247187
-0.437815	0.19361
-0.429308	-0.15539
1.23241	-0.182122
6.62524	1.39867
-0.0304028	6.60148
0.138122	-0.0606491
-0.215844	0.0695813
0.00511795	-0.239769
-0.237811	0.00186976
-0.235061	-0.215576
-0.510909	-0.219263
0.016231	-0.488549
0.588032	-0.0205093
-0.419059	0.604561
-0.658675	-0.214048
0.845383	-0.520791
6.21071	0.948203
-0.174571	5.51866
-0.151563	-0.10118
-0.0949227	-0.136182
0.298831	-0.191367
-0.252667	0.19021
-0.167364	-0.140867
-0.120877	-0.0476671
-0.0094961	-0.0539887
0.0831963	-0.186439
-0.483248	0.0763246
-0.590105	-0.338269
-0.403239	-0.522478
4.42503	-0.392402
0.0173353	4.47869
0.0280582	0.0322667
0.0576244	0.0649606
0.0425532	-0.00911416
-0.186375	-0.0382519
-0.129075	-0.526309
-0.105182	-0.157692
-0.0839669	-0.198022
0.582838	-0.0465972
-0.0661753	0.585391
-0.501821	-0.0828249
1.0155	-0.374855
5.68822	1.19386
-0.204149	5.24075
0.051058	-0.169425
0.0245646	-0.0247501
-0.247044	-0.0102515
-0.187548	-0.268253
0.132721	-0.0632104
-0.291129	0.215438
-0.349877	-0.301249
0.220823	-0.498137
0.111663	0.200396
-0.0370306	0.26089
1.29909	0.0573074
5.30202	1.29334
-0.0911332	5.10079
0.012629	-0.164118
0.0956742	0.0258362
0.181082	0.113828
-0.0359265	0.171605
0.452703	-0.0524907
0.0381862	0.287893
-0.450157	-0.138481
-0.500927	-0.560953
-0.179523	-0.50967
-0.0610178	-0.241852
1.64024	-0.0395934
6.4246	1.64189
-0.0348733	6.14619
-0.322844	-0.13636
-0.14039	-0.354995
-0.0606817	-0.10059
-0.182628	-0.0830278
0.140187	-0.119722
-0.152138	0.165827
-0.605812	-0.175643
-0.388289	-0.655402
0.00960985	-0.20455
-0.39065	-0.319324
2.19964	-0.557558
5.0447	0.938875
-0.0309316	6.03826
-0.218014	-0.113952
-0.0708454	-0.218788
-0.085049	-0.0907217
-0.0792915	-0.0338839
-0.0376315	-0.169534
-0.395164	-0.18753
0.503799	-0.395772
-0.246061	0.400582
-0.330992	-0.527897
-0.0967001	-0.569218
-0.859284	-0.151038
5.21655	-1.04508
0.0485586	5.01125
-0.0541876	0.0604827
0.0132258	-0.245888
0.00396344	0.0144926
-0.0648561	-0.184755
0.307809	-0.187621
-0.346009	0.28824
-0.526556	-0.401504
-0.357575	-0.531746
-0.33691	-0.325449
0.0140673	-0.312338
1.70587	-0.281696
5.81586	2.03302
-0.189207	5.67855
-0.184348	-0.135827
-0.303421	-0.138401
-0.541069	-0.155093
-0.547691	-0.434921
0.00921713	-0.626084
-0.073755	-0.165662
0.23936	-0.0517635
0.58739	0.229787
-0.095084	0.535921
-0.365078	-0.0540442
1.67052	-0.579087
4.21439	1.37762
-0.146423	3.9276
0.0142611	-0.0764373
-0.0720491	0.0316674
-0.262767	-0.101666
-0.610936	-0.294781
0.204322	-0.531162
-0.119638	0.268411
-0.35508	-0.120778
-0.100432	-0.330547
-0.563125	-0.000273254
-0.159993	-0.471494
2.16671	-0.421822
5.6216	2.06286
-0.0315115	5.6964
-0.167911	-0.0244071
-0.211967	-0.14586
-0.307829	-0.214073
-0.0118934	-0.12287
0.417935	0.127757
-0.0942957	0.192748
0.119216	-0.108266
0.430463	0.0527236
0.342751	0.185121
-0.33806	0.576506
0.950708	-0.251212
5.79507	0.748286
-0.0295013	5.24381
-0.246423	-0.0824667
-0.189177	-0.161857
0.0498635	-0.0339985
-0.0128232	-0.0262863
-0.0646951	-0.0693298
-0.104691	-0.157007
-0.174952	0.0506375
-0.119728	-0.111038
-0.333278	0.0271531
-0.211311	-0.389778
-1.25053	-0.245658
5.33155	-1.24698
-0.115703	5.51839
-0.181436	-0.0270586
-0.00498409	-0.143223
0.170262	-0.0430866
-0.0404096	-0.0868009
0.152547	-0.0373801
0.183431	0.0284764
-0.295632	0.175026
0.0171395	-0.113015
0.18122	0.153785
-0.554419	0.392991
1.3726	-0.155621
6.12634	1.59964
-0.097452	6.75057
0.0943808	0.125703
-0.135229	0.233895
-0.0522516	-0.164086
-0.289614	-0.0722608
0.206658	-0.269909
-0.353603	0.257339
-0.214436	-0.332326
-0.148658	-0.241905
-0.837647	-0.147634
-0.291875	-0.751059
1.70577	-0.282515
5.86953	1.68055
0.0455537	5.47278
-0.0982362	-0.132654
-0.183444	-0.135044
-0.0901095	-0.0810185
-0.0273397	0.00100099
0.472927	0.0637463
-0.0789848	0.453013
-0.160186	-0.07203
0.0949616	-0.0440631
-0.0953076	0.224139
0.0618709	0.148947
1.1531	0.0242503
4.46299	1.24314
-0.205772	4.01613
-0.0621281	-0.108903
0.0209663	-0.00725185
-0.148284	-0.103279
0.123314	-0.279789
0.161472	0.27398
-0.0358008	-0.0123439
0.135435	-0.162172
0.38117	0.239245
0.486275	0.281419
0.586821	0.394564
0.184388	0.472996
4.9081	0.186621
0.0169504	5.03051
-0.270307	0.0172456
-0.148407	-0.366552
0.0335093	-0.0124093
-0.250692	-0.0742167
-0.0153988	-0.249373
-0.183922	-0.232757
0.216239	-0.0911478
0.195547	-0.0132896
0.54349	0.124165
0.215367	0.385335
1.29182	0.235516
3.95429	1.31375
-0.0820033	4.13676
-0.217731	-0.0637589
0.0670014	-0.129684
0.251222	-0.0108142
-0.295067	0.112112
0.00275544	-0.353492
0.0133958	0.0102088
0.193884	0.0313769
0.031286	0.120665
0.25403	-0.0613947
0.230381	0.269691
1.26691	0.335815
5.51229	1.25489
-0.280466	5.17692
-0.157329	-0.213564
-0.049047	-0.160774
-0.204972	-0.148492
0.000895628	-0.247625
0.303511	-0.00135048
-0.402171	0.202239
-0.213257	-0.281435
-0.128489	-0.168505
-0.422027	-0.00677056
0.0833484	-0.493166
1.42352	0.348533
5.51002	1.37707
-0.131444	5.56221
-0.130326	-0.0878875
-0.245894	-0.0930632
-0.314707	-0.21732
-0.284366	-0.266196
0.254738	-0.178149
-0.381326	0.208759
-0.121315	-0.387019
0.0727925	-0.106884
-0.438739	0.289544
0.200352	-0.157226
1.44047	-0.0745981
2.94434	1.12955
-0.0266793	3.76331
0.204513	0.0577563
0.0406793	0.164169
0.0618287	-0.14439
-0.11808	0.00639355
0.144715	-0.172942
-0.473571	0.118171
-0.430331	-0.499718
0.0169003	-0.443551
0.513515	0.0926579
0.00299483	0.632791
0.940476	-0.00567283
4.40282	1.23095
-0.0982291	4.17836
-0.117117	-0.111554
0.097263	-0.0814043
-0.0578742	0.168277
0.165658	-0.101669
0.236742	0.240155
-0.0098977	0.0455815
-0.0116302	-0.17342
-0.181023	0.0773516
0.160056	0.139159
0.111231	0.132431
1.59885	-0.182762
4.65952	2.00492
-0.0227143	5.05928
-0.192768	-0.186944
-0.326102	-0.341796
0.00237247	-0.39222
0.1217	-0.119831
0.0514478	0.143136
-0.559671	0.107934
-0.29288	-0.605407
0.266572	-0.425837
-0.206944	0.440469
-0.18671	-0.218264
1.68172	-0.117703
5.50614	1.7242
0.0182524	5.51838
-0.0379579	0.178442
-0.0648713	0.127073
-0.198529	0.082878
-0.266859	-0.0464043
-0.171709	-0.300951
-0.375119	-0.206936
-0.0921574	-0.356697
0.476441	-0.167888
0.217242	0.501505
-0.448843	0.177674
1.08617	-0.40276
4.78343	0.643488
-0.110515	4.50241
-0.142835	-0.216802
-0.0177279	-0.165137
0.194783	-0.00355634
-0.030177	0.123375
2.09499e-05	-0.160659
-0.189764	0.0660092
0.0192589	-0.25548
-0.0192335	0.0962044
-0.269676	0.134936
-0.559307	-0.276056
-0.672071	-0.344833
4.2354	-0.782984
-0.0588063	4.22783
0.0344061	0.0289082
-0.0967851	0.176499
0.0932662	-0.0255154
-0.115246	0.0967004
2.41749	0.892952
0.0540984	2.52907
-0.145919	-0.126729
0.116144	-0.0264499
-0.135863	-0.107424
0.0717018	0.181196
-0.0392907	0.163946
-0.0319738	-0.0642786
0.141475	0.0408685
-0.0653212	0.229784
-0.0107869	0.0596094
0.0234596	0.350997
1.65273	0.179371
4.62074	1.00506
0.0294071	4.67351
-0.151517	-0.00959582
-0.267172	-0.129484
0.115738	-0.230063
-0.39794	0.127757
0.218173	-0.42137
-0.0254569	0.359798
-0.0388243	-0.0647806
0.132134	0.215342
-0.0409548	0.0522381
-0.372862	0.0390614
0.857369	-0.389087
2.73765	0.68772
-0.129674	3.58593
-0.0228891	-0.0258789
-0.134731	0.159251
-0.155297	-0.212661
-0.291323	-0.12994
-0.0964366	-0.229563
-0.378101	-0.113118
0.0317974	-0.407529
-0.136818	-0.0388627
-0.749335	-0.271265
-0.168749	-0.595264
1.07611	-0.0401955
5.35228	1.44934
-0.16072	5.35352
-0.0968916	-0.202146
-0.260946	-0.0330249
-0.0292336	-0.134588
-0.102899	-0.0368569
0.421797	-0.0802329
-0.0332053	0.486286
-0.0738335	0.0264499
0.306136	-0.0464555
0.211456	-0.0226183
-0.0609118	-0.280989
1.51453	0.0213118
6.81287	1.31585
0.0979781	6.9799
0.165925	0.125558
-0.0885987	0.148689
-0.258599	-0.125719
-0.238628	-0.271522
0.311415	-0.123847
-0.186984	0.353432
-0.329423	-0.414382
-0.22043	-0.448923
-0.387444	-0.22706
0.272675	-0.453312
1.52519	0.228572
6.30382	1.57033
-0.128113	6.22604
0.0804414	-0.154853
-0.0350438	-0.0183883
-0.123038	-0.0951413
-0.0832598	-0.125745
0.287082	-0.12452
-0.101571	0.239784
-0.653691	-0.0948498
0.0889352	-0.0220582
0.186375	0.0823523
-0.336684	-0.130963
0.212933	-0.311623
4.54406	0.260217
-0.0592792	4.1691
-0.0774295	-0.0553024
-0.202689	-0.172951
-0.0272141	-0.200193
-0.205427	0.0476245
-0.202431	-0.1768
-0.195371	-0.159311
-0.194695	-0.263445
-0.414837	0.146949
0.13812	-0.2593
0.031003	0.0285272
2.1504	0.125638
3.61884	1.95424
-0.0490391	4.85311
-0.0124233	-0.13355
-0.183675	-0.307625
-0.0159997	-0.300876
0.128106	-0.0522777
0.0478088	0.130315
0.0939063	0.205213
0.321453	0.23556
-0.137158	0.0304036
0.0279748	-0.115733
-0.677562	-0.0973576
-0.0826949	-0.465702
4.12172	0.300134
0.00236885	4.32947
-0.10302	0.014398
-0.102195	-0.0824424
-0.187499	-0.108979
-0.417047	-0.193225
0.113107	-0.372636
-0.159648	0.251704
0.423498	-0.201482
0.136291	0.347151
-0.191786	-0.0793014
-0.139271	-0.317959
-0.654143	-0.223366
4.36151	-0.767045
-0.274221	4.49962
-0.078898	-0.178625
0.1056	-0.103554
0.1624	0.171034
-0.18281	0.0864595
-0.255775	-0.161723
-0.277942	-0.228427
0.195195	-0.22923
-0.0302674	0.139234
0.188936	0.0812338
-0.127177	0.12277
1.37591	0.134105
4.56546	1.3291
-0.127809	4.61543
-0.150438	-0.0840468
-0.134831	-0.0625017
-0.242	-0.120554
-0.228791	-0.103517
0.0436512	-0.32249
-0.335727	0.073138
-0.316605	-0.18445
-0.118907	-0.358485
-0.423805	-0.250641
0.0184579	-0.478325
1.93035	0.263574
4.96278	1.95927
0.111959	4.54714
-0.0506821	0.179776
-0.167046	-0.051171
0.00251289	-0.262393
-0.16777	-0.0158227
0.0706738	-0.237219
-0.122999	-0.129243
-0.0916898	-0.148516
-0.195732	0.171763
-0.189815	-0.140216
-0.58044	-0.159659
1.16401	-0.668976
2.84092	1.182
0.0656785	2.85305
-0.0394363	0.0156309
-0.044921	0.127937
0.135789	0.0309948
-0.0981465	0.0741509
2.13314	0.615297
0.0605393	2.51516
-0.0465701	-0.0227484
-0.0224505	0.0358504
-0.0561262	0.0538711
-0.237569	-0.0926432
0.0472576	-0.0457847
-0.0578242	-0.018741
0.187408	-0.00788879
-0.0588111	0.184296
-0.314937	0.0184601
-0.518679	-0.202647
0.571062	-0.635169
5.19966	0.967288
0.126203	4.4688
-0.16081	-0.0729752
-0.127832	-0.216284
-0.0804886	-0.163966
-0.106442	-0.0737212
-0.265104	-0.218789
0.011213	-0.334322
-0.163342	-0.159715
-0.294257	-0.208295
0.255058	-0.35248
0.262416	0.0200424
1.91888	0.168769
6.03454	2.05242
-0.100506	6.31581
-0.0501251	-0.0604359
0.0233189	-0.0167333
-0.098984	0.0325628
-0.165856	-0.0746082
0.339151	-0.16885
-0.30459	0.391921
-0.418859	-0.194349
-0.160168	-0.202784
-0.198705	-0.228083
-0.117709	-0.328028
1.64343	-0.417738
3.22832	1.66607
0.0775669	4.06075
-0.0756385	-0.0380227
-0.154194	-0.132093
-0.154182	-0.211702
-0.153732	-0.283218
0.343146	-0.219178
0.165685	0.308656
-0.66506	0.0349499
-0.253394	-0.522367
-0.675548	-0.263667
-0.187186	-0.604615
1.90048	-0.409392
5.56072	1.74536
-0.0477915	5.42011
-0.209895	-0.140559
-0.201416	-0.216348
-0.167292	-0.261357
0.313905	-0.0572934
-0.0363825	0.378058
-0.102498	-0.173218
0.187335	-0.315987
0.0628312	0.0930885
0.436758	0.0960352
-0.712599	0.245835
1.35038	-0.523418
5.98485	1.23796
-0.170932	5.5994
0.0791409	-0.319604
-0.194019	0.00762657
0.0316727	-0.113715
-0.112981	0.0210497
0.199596	-0.172908
0.0872357	0.209748
-0.375675	0.204257
0.411517	-0.326141
0.176268	-0.0176413
-0.105878	-0.132576
1.86561	-0.192374
5.698	1.97411
0.065366	5.71182
0.0188666	0.0500366
-0.328521	0.013177
-0.1304	-0.33365
-0.297106	-0.135019
0.145183	-0.101292
0.0128283	-0.00857282
0.0835135	0.00262807
-0.206332	-0.0377422
-0.200281	-0.113788
-0.315934	-0.25296
1.48761	0.316015
6.22151	1.57205
-0.0939293	6.42191
0.0430464	-0.0180483
-0.166244	0.0105597
-0.127789	-0.28762
-0.0276166	-0.160565
0.0965071	-0.0497596
-0.11938	-0.0262605
-0.472779	-0.0123028
-0.289091	-0.557284
-0.156122	-0.244039
0.493873	-0.349315
1.75865	0.311016
4.69354	1.82095
-0.283456	5.126
-0.033189	-0.238596
-0.27247	0.0527058
-0.256197	-0.217141
-0.330971	-0.233665
0.139942	-0.308211
-0.0413106	0.138843
-0.241267	0.0344355
-0.0753877	-0.133639
-0.403168	-0.11702
-0.629641	-0.493447
1.87376	-0.660012
6.38859	1.54868
0.180176	6.26922
0.187343	0.163332
-0.0376844	0.249366
-0.000474598	-0.0618768
-0.370496	0.0312683
-0.247842	-0.256176
-0.352568	-0.0478413
-0.146161	-0.385824
0.378104	-0.234854
0.0485566	0.407799
0.0612202	0.142201
1.42022	0.0415565
4.90013	1.51344
-0.0554114	4.7644
-0.00752957	-0.0782712
-0.129669	-0.0245645
0.13049	-0.106473
-0.331326	0.0612496
-0.298867	-0.315813
-0.476143	-0.255205
0.294724	-0.443458
-0.0230445	0.282831
-0.107618	-0.0203978
-0.160498	0.151882
0.883425	-0.323603
5.88476	0.782888
-0.138139	5.45754
-0.0267105	-0.135136
-0.109984	-0.0285691
-0.115921	-0.0728392
-0.5447	-0.133567
-0.215786	-0.507926
-0.100049	-0.164533
0.0753582	-0.0678475
-0.257267	0.0420923
-0.056089	-0.306562
-0.0494012	0.0632672
1.33187	0.258636
4.49908	1.2932
-0.0701779	4.60929
-0.0753778	-0.0260152
-0.286645	-0.180918
0.0875475	-0.340562
-0.0533872	-0.243518
-0.362461	-0.189302
-0.212039	-0.283348
0.067435	-0.236883
0.368712	-0.0781402
0.350168	0.668386
-0.0446071	0.375826
0.406639	0.293578
4.72065	-0.118994
-0.114171	4.71364
0.113942	-0.141637
-0.239229	0.074593
-0.299649	-0.208935
-0.241806	-0.342905
0.240297	-0.32724
-0.140177	0.274975
-0.224218	-0.0928665
-0.053438	-0.267011
0.199279	-0.0136746
-0.216715	0.0428173
0.650076	-0.385871
4.39315	0.0341373
-0.0601015	4.28097
0.168379	0.000771474
0.044768	0.0735376
0.0871834	-0.270023
-0.0608051	0.0520792
0.0573208	-0.0789453
-0.330448	0.0934683
-0.0357995	-0.241933
-0.0517444	0.159326
0.18678	0.322527
-0.437883	0.355835
1.5868	-0.452927
4.4419	1.81824
-0.0425038	4.52194
0.111707	-0.0224674
0.0657439	0.0242825
-0.347531	0.137163
-0.347143	-0.441972
-0.0375501	-0.53658
0.0072888	0.222749
0.421713	0.16645
0.237327	0.280184
-0.244599	0.131931
-0.232412	-0.111209
1.67903	-0.0500402
3.85152	2.11395
-0.100685	3.27449
-0.140362	-0.15127
-0.0713826	-0.0604644
-0.0697699	-0.086425
0.099804	-0.111692
-0.201664	-0.122748
0.101099	0.0399796
0.0239934	-0.357319
0.108349	-0.00364629
-0.136275	0.0317241
-0.425766	-0.297372
0.689284	-0.649793
2.59203	0.649048
0.0118189	2.55654
-0.00723606	0.0655816
-0.12533	-0.035521
-0.161536	-0.0267124
-0.198565	-0.126926
3.21979	0.702697
-0.0197168	2.71893
-0.0507595	-0.0486072
0.0307056	-0.0118093
0.0820009	0.0597926
-0.0905522	0.0497409
-0.0985351	-0.0948049
0.0807593	0.196548
0.119496	0.0138278
-0.212557	0.185179
-0.268221	-0.252836
-0.6172	-0.216074
0.629885	-0.732796
2.8864	0.958172
-0.0230702	3.33346
0.0135967	0.107816
-0.066982	-0.0773634
0.0231889	0.0241598
-0.273244	-0.0457331
0.0880908	-0.165252
-0.455736	0.284768
-0.454267	-0.400474
0.172117	-0.367108
0.632085	0.166591
-0.14629	0.806565
1.16815	-0.0537942
5.13031	1.21461
-0.0714384	5.09093
-0.107781	-0.112133
0.185517	-0.0707267
-0.0931182	0.174327
0.00996006	-0.159106
0.240923	0.0527982
-0.12361	0.216401
0.331302	0.0451208
0.440338	0.352455
0.207249	0.458329
-0.360881	0.114057
0.70274	-0.336616
6.20953	0.56762
-0.0149924	6.22966
-0.267585	0.0815537
-0.261009	-0.22985
0.0656035	-0.264364
-0.123593	0.0192244
0.203645	-0.179886
-0.252106	0.140334
-0.098198	-0.0985891
0.582881	0.236687
-0.00944819	0.487889
-0.747616	-0.199451
-0.582222	-0.611296
5.34355	-0.913678
-0.0441392	5.062
0.0208877	-0.234815
-0.0392177	-0.030487
-0.14372	-0.108313
-0.110535	-0.107562
0.102007	-0.0819568
-0.0909711	0.143208
0.207785	-0.00807271
-0.0168464	0.276854
-0.154052	0.183108
-0.565819	0.0280496
0.411942	-0.728789
4.73032	0.564183
-0.0590415	4.83053
0.0509736	-0.0661116
-0.111619	0.224032
-0.190167	-0.0795573
-0.512122	-0.180343
0.0156388	-0.559136
-0.187296	-0.0457736
-0.0878041	-0.168182
0.355304	-0.227657
0.167756	0.475777
-0.345864	-0.0267785
1.38535	-0.341239
5.90561	1.1231
-0.066393	5.84975
-0.205401	0.0740088
-0.346792	0.000360631
0.141632	-0.276879
-0.115843	0.0667443
0.28272	-0.113957
-0.252134	0.298891
-0.365952	-0.216998
0.198801	-0.392078
0.729981	0.357891
-0.207848	0.667038
1.40879	-0.138698
4.5756	1.34496
-0.111934	4.40717
0.116734	-0.108924
0.0237653	0.0431598
0.108098	-0.00832739
0.0352305	-0.0300363
0.0537745	-0.114925
-0.0133772	0.0496284
0.174882	-0.144371
-0.130209	0.0586775
-0.226658	0.0975384
-0.0607544	-0.272402
-0.126755	-0.0582232
4.42162	0.337921
-0.12041	5.22605
0.0823341	-0.141661
-0.302551	0.102169
0.00111256	-0.388304
-0.0964229	0.0515416
-0.17064	-0.170421
-0.281923	-0.199436
0.074357	-0.342751
0.49822	0.0859653
0.149411	0.506546
-0.168931	0.229501
0.955293	-0.104771
4.58848	1.25786
-0.192609	3.74815
-0.116202	-0.0178467
-0.141965	-0.223736
0.1452	-0.043232
-0.23709	-0.0679308
-0.0976389	-0.180538
-0.12422	-0.0615711
-0.0678326	-0.0932941
0.179754	0.0809237
0.844872	0.42906
0.125225	0.516531
0.549388	-0.0500812
6.09582	0.83412
-0.0528425	6.18394
-0.160623	-0.271917
-0.111208	-0.109795
0.00431023	-0.134865
-0.486524	-0.198672
0.111374	-0.387476
0.0826212	-0.490577
0.311354	0.0416414
0.752643	0.128378
-0.215434	0.837733
-0.321947	-0.143693
1.16455	-0.550145
5.78449	0.788748
-0.181729	5.76793
-0.194182	-0.162949
-0.174704	-0.239615
0.0650533	-0.10536
-0.34235	0.158426
-0.130065	-0.160545
-0.0426906	0.112321
0.242531	-0.109244
0.270094	0.157428
-0.220324	0.0934611
-0.687825	-0.526843
-0.311265	-0.550663
4.5342	-0.653166
-0.140569	4.62816
0.0200876	-0.129186
0.0776278	0.133854
0.211716	-0.110173
-0.332969	0.0552108
0.191114	-0.13046
-0.0388355	-0.0876751
0.165247	0.224016
0.158722	-0.155025
0.247381	0.259657
-0.966488	0.0577147
1.29115	-0.242769
6.7853	1.35395
-0.0291592	6.94672
0.198831	0.0533366
-0.0550337	0.235067
0.0369537	-0.0952864
-0.3852	0.0133163
-0.00123213	-0.420587
-0.188301	0.00951569
-0.284252	-0.168763
0.246835	-0.256929
-0.536887	0.337221
-0.150915	-0.440949
1.31186	-0.21144
4.2494	1.16894
0.0400658	4.03931
0.253331	0.139376
-0.153781	0.307154
-0.107532	-0.16313
-0.278354	-0.0512431
0.0406301	-0.473215
-0.276206	0.0306594
-0.060301	-0.123783
0.0973116	-0.0248124
-0.651962	0.172083
-0.459704	-0.606241
0.381526	-0.89375
3.46115	0.515535
0.156238	3.18413
0.0271122	0.0472393
-0.0193903	0.00254683
-0.0597905	-0.101854
-0.241365	-0.0771788
0.00657801	-0.263436
0.0755766	0.13233
-0.120939	-0.116541
-0.261879	-0.0583496
-0.298002	-0.288907
0.197146	-0.398228
1.95647	0.211587
5.88396	2.02364
0.103315	5.63301
-0.0398699	0.124076
-0.199301	0.0198031
0.186456	-0.204308
0.0590897	0.274622
0.338549	0.0577562
-0.225516	0.430026
-0.0909171	-0.200763
0.563156	-0.140306
0.0308416	0.375956
0.309832	0.263015
1.29659	0.00578871
4.851	0.827369
0.0630282	5.32656
-0.0390114	0.00283251
-0.261523	0.0858663
0.0027267	-0.0389055
0.00419383	-0.13791
-0.00210451	-0.136844
-0.152804	-0.0365688
0.328911	-0.217029
-0.447708	0.432033
-0.371136	-0.414697
-0.209343	-0.28777
-0.0169411	-0.402899
4.33391	1.07473
-0.0717768	5.30256
-0.239855	-0.0494528
-0.0146374	-0.276318
-0.204665	-0.0149498
-0.061496	-0.20337
0.0772275	0.0408888
-0.393876	0.115795
-0.234813	-0.381528
-0.308894	-0.127766
0.0232313	-0.348421
0.124848	-0.112475
2.24589	-0.309941
5.32214	2.25724
-0.190701	4.58374
-0.117346	-0.120314
-0.247033	-0.149291
-0.200125	-0.208094
-0.200174	-0.133249
0.0411666	-0.174882
-0.222712	0.0462685
-0.0422948	-0.303471
0.326667	-0.123144
0.0169382	0.372741
0.0224276	-0.0946813
1.47699	-0.172069
5.03771	1.40735
-0.21083	5.2519
-0.173536	-0.188242
-0.21555	-0.166776
-0.122262	-0.133776
-0.212412	-0.0350973
0.206241	-0.3447
-0.0621752	0.180741
-0.0738431	-0.0252747
-0.154127	-0.111774
0.0774499	-0.0152956
0.22156	0.0791828
0.556099	0.218496
5.84848	0.477685
-0.0676421	5.83403
0.0182044	-0.0949143
-0.261708	-0.0831028
-0.192397	-0.178884
-0.18293	-0.322091
0.163917	-0.163948
0.0536468	0.11541
-0.195328	-0.00764757
-0.320975	-0.134246
0.358339	-0.378967
0.10982	0.395038
1.46779	0.0374493
5.78441	1.41377
-0.197158	5.64964
-0.141978	-0.115542
-0.186534	-0.221725
-0.244998	-0.239861
-0.459105	-0.225308
0.121281	-0.474113
-0.217328	0.116333
-0.324755	-0.145361
-0.0354828	-0.28084
-0.63253	-0.0333189
-0.354198	-0.666164
1.60199	-0.402003
6.56256	1.67575
-0.0255555	6.40388
0.245523	-0.0194433
-0.141849	0.223235
-0.323212	-0.140037
-0.462064	-0.278317
0.286932	-0.325118
0.229394	0.135941
0.0584671	-0.114859
0.0115314	-0.0439712
-0.378042	-0.0645344
-0.547955	-0.384315
1.25043	-0.374377
3.13457	1.18686
0.0858591	3.16197
0.0126292	0.174368
-0.0758919	-0.0526098
-0.101757	0.046047
-0.213793	0.142782
-0.0514419	-0.0673396
-0.069636	-0.0791707
0.491881	-0.112774
0.383978	0.496554
0.714635	0.313875
0.0332448	0.774385
0.313266	-0.178971
5.73496	0.696777
-0.149541	5.84185
0.00485916	-0.127249
-0.113522	0.0487436
-0.336897	-0.103734
0.00437289	-0.0503812
0.399482	-0.0344359
-0.238356	0.487557
-0.419761	-0.20582
0.477605	-0.421884
0.319915	0.513312
0.14044	0.364854
0.647868	0.28077
3.72841	0.882708
-0.225484	3.10856
0.0231368	-0.0257447
-0.0693739	-0.103969
0.166977	0.0377082
0.0421632	-0.0124047
-0.11934	0.039252
-0.0528168	-0.0374693
0.507201	-0.0557732
-0.195974	0.118947
-0.208695	-0.288383
-0.0509332	-0.640058
1.38686	0.0525814
6.56696	1.42375
0.135946	6.53829
0.254286	0.134862
-0.186168	0.257645
-0.245029	-0.209223
-0.296968	-0.306948
0.253268	-0.0527679
-0.181111	0.222335
-0.278974	-0.0810214
0.17711	-0.1242
-0.134417	0.120542
0.0434138	0.150378
1.21723	-0.127857
3.13977	1.18497
0.0741682	3.18226
-0.105027	-0.0307923
-0.103592	0.0596301
0.00998864	-0.173093
0.00877728	0.0836347
0.126406	-0.251272
-0.642406	0.0648826
-0.417689	-0.703299
0.242944	-0.469825
0.517095	0.259634
-0.0225276	0.606731
1.29283	0.0566816
5.22915	1.15229
-0.149917	5.18071
-0.0420134	-0.161804
-0.0198194	0.0298656
0.0541045	0.0319877
-0.0406295	0.0179524
-0.00112068	0.126504
0.0696304	0.0265235
0.0620931	-0.129502
-0.12786	-0.079577
-0.0468981	-0.101022
-1.00138	-0.357066
0.0257283	-1.01831
4.7998	0.109372
0.0646355	4.92426
-0.0096245	0.0601927
-0.101312	0.0307581
0.133315	-0.111298
-0.101138	0.197044
0.011782	-0.0744831
0.130604	0.0405292
-0.148559	-0.138847
-0.177333	-0.244677
0.421719	-0.101435
0.588941	0.318751
1.64371	0.30835
4.71826	1.29782
-0.198298	4.18892
-0.0268411	-0.26497
-0.0938807	0.0133713
-0.163949	-0.101684
0.0801777	-0.149403
0.160667	0.028029
0.296805	-0.108086
0.109136	0.0815865
-0.199238	0.168775
0.341383	-0.49995
-0.427916	-0.0283682
-1.11922	-0.557158
4.91741	-1.28753
-0.00698675	4.85512
0.0217839	-0.0846039
-0.16436	0.0234915
0.0322517	-0.0975898
-0.120296	-0.00105893
0.179046	0.0462125
-0.056963	0.162079
0.040173	0.0688787
-0.112965	0.0621487
-0.24344	-0.235046
-0.709205	-0.404856
0.28456	-0.815399
4.0325	0.560118
0.106828	3.62322
0.0263879	0.0666993
-0.117613	0.0561402
-0.0277937	-0.107318
-0.168644	0.103665
0.258893	-0.195528
-0.136738	0.21568
-0.0667605	0.148936
-0.322605	0.047914
-0.538136	-0.0619555
-0.582091	-0.590867
0.697374	-0.709348
3.15054	0.490663
0.197034	3.01162
-0.0191219	0.0630699
-0.0412962	-0.00850411
0.00150932	0.0294904
0.042653	-0.185519
0.00180782	-0.133779
3.05811	0.812787
0.0606345	2.52268
-0.0671622	-0.106458
-0.00389361	-0.125642
0.0321718	0.0383324
-0.0713918	-0.0979405
0.0314402	0.012749
0.0166407	-0.0185431
0.268296	-0.0287633
-0.220325	0.177719
-0.196991	-0.0451921
-0.306055	-0.118875
1.81088	-0.0516723
5.66333	2.10304
-0.032569	4.42978
-0.115386	-0.132504
-0.120689	-0.168481
-0.164315	-0.16668
-0.365991	0.039803
-0.173648	-0.329437
-0.0658502	-0.0947584
0.110869	0.00618313
-0.294867	0.0521051
-0.399338	-0.276055
-0.0251161	-0.0058085
1.10189	0.09931
5.47697	1.29142
-0.197037	5.79406
-0.13796	-0.156167
-0.151177	-0.203639
0.212109	-0.107157
-0.162656	0.112508
0.198699	-0.0840541
-0.465629	0.210128
-0.534155	-0.470481
-0.301093	-0.512862
0.0268546	-0.257635
0.420188	0.185687
1.49287	0.58228
5.70373	1.47808
-0.177607	5.38875
-0.0638617	-0.206064
0.00927502	-0.0557736
0.135849	-0.0355893
0.0727693	-0.022007
0.413625	0.133851
-0.180529	0.272326
-0.0747579	-0.233912
-0.0306191	0.12487
-0.169401	0.174686
-0.473732	-0.170037
0.542208	-0.433042
7.59792	0.461098
-0.163156	7.5269
-0.103961	-0.141796
-0.0266967	-0.162971
0.104526	-0.0108
-0.415429	0.11614
-0.201428	-0.406621
-0.106234	-0.0772279
0.0267196	-0.171205
0.0421234	-0.0588731
-0.34818	0.0656715
-0.190589	-0.490196
-1.37362	-0.107421
5.314	-1.35603
-0.0153225	5.62496
-0.00721028	-0.00575302
-0.0115892	-0.0124672
0.0864531	0.0106005
-0.111912	-0.0558912
0.025461	-0.0773172
-0.21694	-0.127002
0.343872	-0.207666
-0.0857652	0.057901
-0.651823	-0.0145077
0.109928	-0.478311
1.44039	0.447022
6.0087	1.54554
-0.0208745	6.04656
-0.15461	0.00240737
-0.106814	-0.0452617
-0.000936085	0.0737934
-0.252625	-0.00678332
0.182564	-0.149604
-0.113611	0.293349
-0.294178	-0.12697
-0.0416329	-0.322416
0.526002	0.0482433
0.235197	0.431808
1.665	0.211181
5.68759	1.72318
-0.105421	5.88372
-0.161204	-0.126007
-0.295133	-0.259622
-0.0355766	-0.205676
-0.205383	-0.0334179
0.230573	-0.391862
-0.0631455	0.0201482
0.0923838	-0.214943
0.237958	0.0708029
0.178167	0.294767
-0.343436	0.229486
0.926725	-0.215951
5.79929	0.858309
0.0870458	5.41494
-0.12259	-0.000503934
-0.124147	0.0638342
-0.0677803	-0.137489
-0.108186	-0.0551719
0.178833	0.00255639
0.0759319	0.297821
0.128257	0.0889044
0.197347	0.191063
-0.306094	-0.374006
-0.118293	-0.455585
1.47023	0.0211862
4.20184	1.6017
-0.20226	5.16252
-0.15645	-0.0918908
-0.086893	-0.120132
-0.0796012	-0.101401
-0.0354982	-0.122078
0.290481	-0.124145
-0.284261	0.421071
-0.334472	-0.267454
0.244082	-0.325166
0.460784	0.172536
0.040706	0.234293
1.45751	0.0927553
4.47538	1.35924
-0.304438	4.23445
0.0567076	-0.214614
0.0239402	-0.11708
-0.286628	-0.00159442
-0.147714	-0.244842
0.341027	-0.226894
-0.380596	0.243919
-0.0816765	-0.293949
0.135016	-0.0525294
-0.12563	0.240751
-0.240701	0.194022
1.36613	-0.0949
4.66573	1.40198
-0.207462	5.01691
0.0412766	-0.124196
-0.117868	-0.22568
0.122048	-0.255546
-0.13227	0.0375558
0.0745902	-0.151319
-0.240085	0.0688191
-0.112	-0.311781
0.401499	-0.158791
0.388963	0.403655
-0.378613	0.267061
0.803734	-0.242985
5.85233	0.816899
-0.167574	5.88105
0.147854	-0.187867
0.0277331	0.159542
-0.00293713	0.0480443
-0.256479	0.029864
0.320381	-0.0361601
-0.0211944	0.332066
-0.523576	-0.0958946
0.606685	-0.404742
0.35967	0.57435
0.257239	0.347873
0.926331	0.0602684
4.70888	0.199387
-0.0488586	4.81274
0.00338415	-0.197227
-0.0430848	0.0210692
0.07076	-0.0745262
-0.364981	-0.00498558
0.138512	-0.173026
0.00710608	0.0857248
-0.116919	0.0577952
0.295273	-0.0973299
0.152124	0.573361
0.0622507	0.401093
0.644926	-0.117114
5.12762	0.469665
-0.231385	4.89546
-0.280872	-0.192778
-0.173889	-0.259984
0.156295	-0.0698662
-0.492288	0.0508184
0.00065243	-0.614032
-0.184656	-0.11137
0.0748022	-0.200278
0.356806	-0.127246
-0.33808	0.242857
-0.105392	-0.203726
1.8682	0.0153515
3.68031	1.83548
-0.0579441	3.32188
0.259452	0.119193
0.0382993	0.112891
-0.0179469	0.143904
2.57866	0.793493
-0.055429	2.82125
0.0666681	0.0727207
-0.0263123	0.0234903
0.168454	-0.153574
-0.0215223	-0.126441
-0.154046	-0.171007
0.0453621	-0.0389747
0.195256	0.0135461
-0.0747357	0.119617
-0.195362	-0.107715
-0.819203	-0.229764
0.916236	-0.753088
3.03639	1.08422
0.00183448	3.28117
-0.108393	-0.017644
-0.0575427	-0.180341
-0.0997141	-0.24483
-0.0905729	-0.310904
0.227326	-0.384754
-0.14685	0.138331
-0.00560489	-0.0330301
0.099223	-0.0330875
-0.092148	0.259832
-0.194394	0.151522
0.880083	0.0155993
5.19568	-0.100674
0.0693718	5.6276
0.164888	0.146993
-0.198768	-0.0200431
-0.178484	-0.126955
-0.121799	0.158739
-0.278785	-0.250315
-0.130656	0.0199389
0.0939601	-0.170777
-0.0383208	0.015334
0.119302	0.108532
-0.411104	0.183492
1.4485	-0.443681
6.87756	1.55881
0.021709	6.62364
0.0675473	0.0149369
-0.191151	-0.0389373
-0.234853	-0.145152
-0.0593522	-0.114397
0.229068	-0.21044
-0.189204	0.385778
-0.223355	-0.140507
0.144929	-0.246675
0.155194	0.116645
-0.584728	-0.150183
1.68351	-0.568463
6.31205	1.91353
0.0897293	6.40288
0.110064	0.0954504
-0.162787	0.0896623
-0.223311	-0.11175
-0.250553	-0.251336
0.111826	-0.373581
-0.0351035	0.103952
0.276354	-0.1248
0.112044	0.111135
-0.339464	-0.163563
-0.163435	-0.243531
-0.982032	-0.162182
4.85433	-0.763018
-0.085414	4.60488
0.00941956	-0.0302816
0.00280437	0.209309
0.0403876	-0.18066
-0.23996	-0.00243506
0.0335804	-0.116659
-0.206243	0.125353
0.0461031	-0.113813
-0.0744687	0.0985052
-0.355042	0.0418163
-0.660658	-0.283027
0.114954	-0.423418
5.00462	0.199727
-0.14802	4.5255
0.0691501	-0.237873
-0.311354	-0.151825
-0.292243	-0.0599144
-0.210858	-0.284188
0.504651	-0.239369
-0.172129	0.475631
-0.119483	-0.180026
-0.232065	-0.128054
0.0901866	-0.159494
0.361949	0.00367256
1.3173	0.429996
5.13457	1.42429
-0.18292	5.00356
-0.0011487	-0.188452
-0.147316	0.103012
-0.232396	0.0114252
-0.475306	-0.0784709
0.00166542	-0.460335
-0.0966395	-0.0833599
0.0444744	-0.226806
0.551967	0.073278
0.590109	0.685388
-0.0854503	0.652759
0.558427	-0.154026
5.7895	0.558447
-0.082991	5.75142
-0.190889	-0.0901357
-0.317788	-0.204728
0.10386	-0.290164
-0.287427	0.0886632
0.12361	-0.255874
-0.178712	0.12549
-0.0668358	-0.150474
0.767447	-0.0532624
0.683075	0.698511
-0.281983	0.619039
0.0571504	-0.153519
4.39315	0.263808
-0.0105149	4.83161
-0.0896784	-0.0630581
-0.294186	-0.0856024
0.0218985	-0.312834
-0.109974	0.0451587
0.0175663	-0.086798
-0.335169	-0.0401873
0.0463601	-0.320945
0.471965	-0.109428
0.350395	0.56524
0.0836732	0.284882
1.34367	-0.183932
4.9326	1.28229
-0.261418	5.66678
-0.0232602	-0.233653
-0.105764	-0.206776
0.147877	-0.0393327
-0.471002	0.0611045
-0.14495	-0.335576
-0.310339	0.112353
0.63367	-0.107236
0.297252	0.426232
0.196456	0.308656
-0.312852	-0.153014
0.811938	-0.362077
4.93965	0.329464
-0.0234651	5.30225
-0.0490351	-0.121093
-0.0579311	-0.278377
-0.0961422	-0.000945103
-0.102392	-0.133676
0.0975831	-0.0153858
-0.248797	0.103529
-0.387503	-0.084614
-0.0446271	-0.563719
0.277789	0.0950713
-0.298283	-0.0388647
2.2417	-0.429227
5.04389	1.80639
-0.114648	5.44861
0.0236022	-0.00701801
-0.0908198	0.0719355
-0.20911	-0.0262513
-0.378716	-0.120733
-0.0738056	-0.321231
-0.304652	-0.145047
0.233294	-0.274451
0.742556	0.264241
0.509221	0.863201
-0.213148	0.613237
0.530149	-0.2136
3.87504	0.623873
-0.12527	4.32912
-0.11896	-0.0253805
-0.286155	-0.206267
0.11241	-0.182008
-0.332616	-0.0322093
-0.124228	-0.438437
-0.343179	-0.125382
0.0481522	-0.413975
0.264053	-0.0662058
-0.430605	0.326563
-0.184969	-0.434641
1.05658	0.0915659
4.87172	1.34859
-0.170168	4.15696
0.0852321	-0.0106391
-0.135316	0.0840772
0.114621	-0.234794
-0.285985	-0.201493
0.336782	-0.308056
-0.0456243	0.218056
-0.585793	-0.115093
-0.143817	-0.373591
-0.33633	-0.146242
0.13597	0.256084
2.33851	-0.16165
4.92509	2.22631
-0.202097	4.63235
-0.175338	-0.28865
-0.148917	-0.217754
-0.0410355	-0.0772098
-0.207833	-0.0881666
0.187416	-0.132936
-0.350878	0.110178
-0.318795	-0.267542
0.131165	-0.0771706
0.166644	-0.0794042
0.230071	-0.317021
1.47953	0.0447262
5.60606	1.17078
-0.0311874	5.5832
-0.202725	-0.159259
-0.189137	-0.0889613
-0.146288	-0.0604664
-0.0915505	-0.163385
0.0843121	-0.33916
-0.104681	-0.023182
0.117668	-0.125132
-0.432005	0.352339
-0.0295073	-0.319322
0.244313	-0.123473
1.97759	-0.0750484
5.03291	1.92223
-0.0918167	4.961
-0.0697639	-0.112257
-0.212956	-0.0937446
-0.118735	-0.142189
-0.0123559	0.000554284
0.253507	-0.151267
-0.131719	0.417816
-0.280305	-0.0431435
0.215988	-0.223908
-0.0269587	0.297643
-0.0629617	0.0529893
1.2742	-0.219595
3.11569	1.1179
-0.0404611	3.1199
-0.158161	-0.0444899
-0.0675179	-0.150652
-0.160166	-0.267539
-0.482968	-0.16322
0.0737402	-0.459219
0.0527649	0.139701
-0.251711	0.0561435
-0.110445	-0.319086
-0.288703	-0.204609
0.0592141	-0.71893
1.48375	-0.0881111
5.68225	1.65294
0.0403962	4.9902
0.17263	0.103356
-0.10656	0.206529
-0.215029	-0.113191
-0.330943	-0.354776
0.221591	-0.329103
-0.202626	-0.122927
-0.00053609	-0.117399
-0.225386	-0.0539817
-0.39628	-0.180353
-0.492002	-0.18421
0.883759	-0.546918
4.25097	-0.0597552
0.0011422	5.05025
0.0636629	-0.0147399
-0.132513	0.00903473
-0.108478	-0.126407
-0.166728	-0.0773492
0.12876	-0.166721
0.0895754	0.0749228
-0.0339198	-0.191867
0.0262014	0.00423588
-0.19464	0.00021554
-0.366085	-0.473559
-0.394365	-0.342557
4.03797	-0.498559
-0.100146	3.9795
0.0684975	-0.137338
-0.201675	0.036722
0.0291533	-0.325327
-0.140455	0.0324072
0.150329	-0.115826
0.0364566	-0.12638
2.84426	0.887104
0.123232	2.86363
-0.106701	0.0662537
-0.0698529	0.0380089
-0.0335765	0.0273429
-0.0257947	-0.0580998
-0.064797	0.0491052
0.0820335	-0.184388
0.151078	-0.04766
-0.0833072	0.105183
-0.151135	-0.0364174
-0.909501	-0.390911
0.804436	-0.826016
3.44644	0.903205
-0.0963806	3.71535
-0.261103	-0.144479
-0.00100669	-0.153011
0.215822	0.0731258
-0.184792	0.030627
0.0985182	-0.268138
-0.15099	-0.149569
-0.259794	-0.110432
-0.0153443	-0.415525
0.426215	-0.0430258
0.166489	0.122332
1.5535	-0.456944
6.55079	1.75744
-0.00333661	6.78935
-0.147901	0.043715
-0.075841	-0.199702
-0.083606	-0.228795
-0.149266	-0.0764869
0.11804	-0.183132
-0.255275	0.24971
-0.338162	-0.252019
-0.412336	-0.302698
0.25401	-0.244803
0.383024	0.110284
1.42689	0.446934
3.75176	1.51561
-0.0252686	3.59622
-0.224071	-0.181102
-0.107042	-0.217303
0.0588889	-0.141243
-0.327692	0.0727856
-0.301801	-0.135535
-0.0286688	-0.173765
0.252427	0.0341387
-0.326159	-0.103658
0.455082	-0.422631
0.431992	0.505163
1.59391	0.387574
5.35705	1.58484
-0.225515	5.17542
-0.0372576	-0.11452
-0.0211004	-0.0083114
-0.0239901	-0.0405797
-0.227773	-0.101694
-0.172591	-0.179788
-0.400931	-0.044602
-0.504551	-0.371389
-0.237344	-0.478969
0.425776	-0.287725
0.490213	0.431507
1.19158	0.58849
6.12739	1.18353
-0.325756	5.8853
-0.139788	-0.180241
-0.163139	-0.212822
-0.0416733	-0.280408
-0.0870333	-0.0505701
0.138638	-0.112289
0.150999	0.0780149
-0.0186121	0.0799709
-0.450816	-0.257611
0.387157	-0.422848
0.210563	0.378339
1.15741	0.117909
6.10588	0.978315
-0.213812	6.22055
-0.218584	-0.0593514
-0.15681	-0.0365068
-0.205156	-0.0642552
-0.23556	-0.235125
0.154633	-0.248293
0.128723	0.223473
-0.0747556	0.0651724
0.4417	0.120838
-0.106064	0.284683
0.188243	-0.12512
1.31727	0.113221
5.12688	1.15783
-0.192922	5.87861
0.0107792	-0.185993
-0.00331448	-0.0595113
0.0825399	-0.0149434
-0.60857	0.0991426
-0.0776626	-0.529286
-0.0358532	-0.126915
0.521686	-0.118225
0.401158	0.28572
0.158839	-0.034603
-0.427582	0.10322
-1.67629	-0.329223
6.06264	-1.59397
0.0177131	5.8715
-0.16737	0.0896237
0.14605	-0.0620531
0.292468	0.0411559
-0.39079	0.197569
0.198845	-0.40191
-0.0856963	0.172655
-0.201567	-0.116635
-0.181308	-0.0721995
-0.182459	-0.170882
-0.282281	0.0780116
1.41064	-0.300121
5.49799	1.87382
-0.249958	5.34184
-0.257165	-0.331569
-0.0202872	-0.201608
-0.111211	-0.0325909
-0.205869	-0.0125808
0.251966	-0.242655
-0.0931826	0.291514
-0.415754	-0.133418
0.0464959	-0.317251
-0.224873	0.0972797
0.59307	-0.278645
1.18255	0.139163
3.39317	1.17998
0.0244675	3.45988
-0.0609842	0.0825339
-0.198914	-0.216493
-0.0815687	-0.257557
-0.29497	-0.0616733
0.10157	-0.442814
-0.0659608	0.123666
-0.182941	-0.0714101
-0.0158564	-0.0490851
-0.376231	0.0141281
-0.545839	-0.375124
1.20728	-0.481342
6.67782	1.04111
0.0903421	6.32154
0.266826	0.156149
-0.0291657	0.173347
-0.211847	-0.0617657
-0.271792	-0.184328
0.346138	-0.199676
-0.122104	0.305917
-0.554692	-0.132317
-0.0135034	-0.353987
-0.184798	0.0231194
-0.189693	0.0598334
2.11713	-0.215778
4.36122	2.06395
2.36904	0.794336
0.0784143	2.59752
-0.00765155	0.0848998
-0.0869875	-0.0783669
0.0525279	-0.067614
-0.24773	0.168261
-0.0432567	-0.058159
0.00679573	-0.199334
0.0777628	-0.0613706
-0.228681	0.157794
-0.204478	-0.169024
-0.580072	-0.269753
0.836632	-0.543383
3.47439	1.5873
0.0770696	4.67747
0.0485468	0.0509533
-0.134711	0.0472668
-0.127848	-0.0324396
-0.177048	0.0146866
0.0828847	-0.258304
-0.0558734	0.27112
-0.561865	-0.045429
-0.190933	-0.426184
-0.59502	-0.27663
-0.0090309	-0.535768
1.64913	0.0281672
6.12304	1.47826
0.0805561	5.66125
0.040425	0.0635929
-0.152876	0.0196835
0.064673	-0.122197
-0.174358	0.229728
0.304414	-0.0724114
0.0249315	0.0244721
-0.184482	-0.0198494
0.0346639	-0.249129
-0.197031	-0.0199869
-0.202722	-0.363133
1.03763	-0.326309
7.3784	0.87272
0.0737966	7.43244
0.226632	0.0441922
0.0767555	0.240575
0.00780009	0.071256
-0.595232	0.0526942
-0.299201	-0.506706
-0.342525	-0.257461
0.0696247	-0.371575
0.539413	0.337759
-0.123642	0.416718
0.241892	-0.292906
1.83669	0.347129
4.59874	1.84327
-0.172942	4.71789
0.0108054	-0.164803
-0.118659	0.0708949
-0.0785102	-0.175646
0.0340573	-0.0546884
0.107199	0.126501
-0.460001	0.105099
-0.25023	-0.287166
-0.339599	-0.0564812
0.0451584	-0.435043
-0.185229	-0.0237293
-0.969674	0.0289334
5.20301	-0.775355
-0.0634951	4.97167
-0.0649155	-0.0988255
-0.204255	-0.0752756
-0.102246	-0.0673742
-0.0273413	-0.0967705
-0.159162	0.0160878
-0.0888638	-0.0563725
0.0631278	-0.158382
-0.372459	0.13168
-0.119484	-0.282981
-0.344709	0.11665
2.18178	0.325323
5.98217	1.50872
-0.0785238	6.05726
-0.0417983	-0.0464757
-0.246505	-0.0995027
0.0310563	-0.209396
0.0284135	0.111652
-0.0262588	0.0522888
-0.111626	0.122765
0.0674776	-0.0598844
-0.197743	0.0673985
-0.186051	-0.210908
-0.5178	-0.234852
1.36402	-0.3305
3.04816	1.40344
-0.109156	2.98601
-0.00697661	-0.0119328
-0.117621	-0.167244
-0.00619167	-0.14171
-0.156368	0.00387128
0.0596316	-0.180141
-0.198067	0.0374466
-0.254515	-0.00554293
-0.208499	-0.150808
-0.310412	-0.231299
-0.279627	-0.42316
2.30727	-0.0524262
5.40686	2.1348
-0.122903	5.13456
-0.158992	-0.137385
-0.121483	-0.125937
0.0504025	0.0697434
-0.0943957	0.10994
0.195621	-0.0819496
-0.0333313	0.0889626
0.0124353	0.0622699
-0.234796	-0.0580696
-0.297236	-0.191144
-0.994438	-0.518863
0.844615	-0.600212
4.1115	0.766528
0.152507	4.1919
-0.0788115	-0.0559503
0.123868	-0.115424
-0.169085	0.154412
-0.0368387	-0.051979
0.228685	-0.183185
-0.356247	0.381787
-0.173292	-0.247014
0.063061	-0.202826
0.333551	0.0819229
0.116813	0.247546
1.45111	0.122195
4.29036	1.42377
-0.0794033	4.19624
-0.186638	-0.0900247
-0.043279	-0.0619587
-0.10425	-0.0699233
-0.150529	-0.106143
0.393404	-0.0728902
0.0562473	0.482742
-0.0303724	0.226313
0.171772	-0.128845
-0.284308	0.13979
-0.242704	-0.356703
1.66741	0.0536922
5.47667	1.46136
0.00772891	5.2141
0.0607729	0.0498385
2.11214	0.477894
0.0101246	2.45046
-0.0293883	0.0223541
0.0681443	-0.00132622
0.0646199	0.0127316
-0.0494045	0.117032
0.166045	0.0292822
0.00102765	0.0359122
0.0714852	0.0520384
-0.135892	-0.0081186
-0.250587	-0.179583
-0.296916	0.023853
1.14961	-0.141898
2.79448	1.22162
-0.048358	3.03641
-0.0324311	-0.00613407
0.177458	0.000357799
0.0626853	0.0642486
0.0852904	0.106016
-0.0487197	0.0262618
0.0961079	0.0979249
0.309167	-0.0168488
0.316467	0.133111
0.275003	-0.14305
0.52673	0.512359
1.49416	0.670003
5.98825	1.55945
0.0548783	5.9623
-0.251727	0.0536207
0.0545638	-0.15475
0.0765495	0.0551798
-0.183398	-0.0701447
0.325413	-0.203197
-0.123414	0.227073
-0.416057	-0.100174
-0.160383	-0.248771
-0.362285	-0.0477517
-0.703199	-0.218063
1.66365	-0.613322
6.93746	1.66728
0.162854	6.8982
0.0948951	0.113039
-0.0985335	0.0366921
-0.106525	0.0323179
-0.556818	-0.118458
0.194372	-0.296918
-0.247404	0.0283016
-0.184858	-0.255983
0.0932417	-0.0730411
-0.640807	0.147117
0.0935198	-0.757337
-0.644178	-0.0446158
4.78937	-0.622647
0.0893499	4.26889
0.248635	0.0720199
-0.119047	0.164442
0.0135379	-0.126972
-0.163435	0.119366
-0.0803371	-0.136924
-0.0888926	0.142775
-0.0329522	-0.0244477
0.481762	0.115926
-0.0356219	0.520909
-0.207764	-0.11096
-0.557375	-0.292256
4.98858	-1.0027
-0.131507	5.06268
0.00367828	-0.143634
0.0585184	0.0466725
0.0189439	-0.0928596
-0.253522	0.19749
-0.123705	-0.355359
-0.0735281	-0.000150803
-0.205118	-0.0703628
0.44595	0.0142104
-0.0705617	0.263818
-0.137368	-0.264663
1.60908	-0.233168
5.88399	1.8013
0.124963	5.4699
-0.0845441	0.10234
-0.137088	-0.0983134
-0.00545095	-0.179221
-0.0420738	0.0913214
0.492999	-0.0713784
0.0573217	0.449856
-0.364943	0.0903594
-0.0134342	-0.28183
0.038557	-0.0968698
-0.314705	0.122772
1.97522	-0.0717369
6.01758	1.90898
0.06024	6.12114
-0.124081	0.081308
-0.173719	-0.135186
-0.160242	-0.175
-0.259385	-0.0857828
0.405262	-0.189252
0.226606	0.372117
-0.305425	0.145805
-0.245725	-0.252879
-0.0405142	-0.0502969
0.254624	0.11174
1.67515	0.229416
5.19397	1.32198
-0.0858645	5.0736
-0.059426	-0.147093
0.00451769	-0.0573213
0.248014	0.0318122
-0.0247964	0.256453
0.278206	-0.0302927
-0.077672	0.235204
0.174365	-0.0738431
-0.164862	-0.161262
0.277042	-0.471154
0.0949397	0.184794
1.89909	-0.121722
4.61635	1.60726
-0.0794872	4.60116
-0.136522	-0.0543033
-0.200092	-0.241561
-0.100173	-0.187449
-0.267723	-0.154311
-0.0693907	-0.195031
0.106238	0.154838
-0.417869	-0.0817733
-0.168894	-0.366422
-0.400461	-0.100194
0.632976	-0.357465
1.64777	0.804096
4.74621	1.72611
-0.216223	4.98695
-0.104419	-0.184988
-0.26289	-0.0170432
-0.064355	-0.208753
-0.414467	-0.127578
0.123108	-0.436651
-0.00665697	0.123699
-0.507615	0.000570396
-0.288272	-0.511795
-0.28803	-0.408798
-0.310255	-0.34026
1.318	-0.411752
5.27697	1.39344
0.268983	5.0629
0.0248363	0.162113
-0.068224	0.0659449
-0.238695	-0.170174
-0.36114	-0.0232213
0.0133474	-0.292946
0.0182334	-0.0953982
0.0553638	0.15201
-0.214533	0.151708
-0.0332871	0.0212979
-0.524709	-0.299788
0.828522	-0.615515
2.67503	1.01988
0.156028	2.67052
-0.120405	-0.00685518
-0.0730462	0.000985165
-0.00723327	-0.0325003
-0.111128	-0.0204318
-0.00969835	-0.0753443
0.109524	-0.013705
-0.0791876	0.131035
0.0251606	-0.00950788
-0.138276	-0.0443023
-0.631245	-0.250631
0.846908	-0.362264
3.20094	1.18717
-0.0663219	3.24809
-0.0120986	0.0160798
-0.122325	0.0636016
0.0355039	-0.138167
-0.133453	-0.0681144
0.060145	-0.110457
0.100729	0.0538449
0.107941	-0.100152
-0.0155843	0.0565113
-0.369621	-0.162669
-0.719789	-0.121636
0.579164	-0.67522
2.63152	0.731736
0.0191796	2.57927
1.88896	0.932707
0.0230034	2.62972
0.0323171	-0.0862075
-0.116699	-0.0695536
-0.0390659	-0.00544289
0.115339	-0.110143
0.0368329	-0.215861
-0.136078	-0.0574244
-0.0110088	-0.0902543
0.0591264	-0.0145823
0.058792	-0.0650944
-0.0493234	0.193802
1.2236	-0.0670806
4.3253	0.980385
-0.0117825	4.94907
-0.0019852	-0.0445529
0.0322515	-0.0598177
-0.0442134	0.028895
-0.381419	0.0650503
-0.233162	-0.436981
-0.212806	-0.22998
-0.0843178	-0.0859706
0.357962	-0.0104691
-0.292952	0.380085
-0.162299	-0.3221
1.53408	-0.267583
6.65047	1.40142
-0.0611149	6.56892
-0.0205369	-0.00488572
0.131823	-0.0126164
-0.0673687	-0.033235
-0.590831	-0.124871
0.0490465	-0.516062
-0.0217859	-0.193556
0.242985	0.123379
0.255352	0.135452
-0.244958	-0.0125186
-0.9689	-0.0272612
0.17949	-0.726219
4.79577	0.393945
-0.109301	6.03611
-0.155994	-0.0219362
-0.366536	-0.199554
0.220321	-0.31313
-0.321909	0.276594
-0.201398	-0.370579
-0.207674	-0.117165
0.0954928	-0.104094
0.329298	0.216383
0.0252562	-0.0647181
-0.691394	-0.295412
1.95233	-0.544696
6.59754	2.07149
0.154537	6.64
0.251726	0.126027
-0.0861462	0.288974
-0.0584835	-0.0749628
-0.287757	-0.0387491
0.302776	-0.294623
-0.0300512	0.207733
-0.316801	0.0378885
-0.143951	-0.41135
-0.366804	-0.176108
-0.366343	-0.37865
1.3261	-0.357117
7.29567	0.992233
0.0833104	7.42557
0.202268	0.0644826
0.0931952	0.236712
0.101772	0.146823
-0.530017	0.157166
-0.127265	-0.534886
-0.213028	-0.251916
-0.094447	-0.20368
0.123043	-0.00492379
0.241734	0.26085
-0.556773	0.286349
1.42158	-0.794076
5.89496	1.47319
-0.165395	5.60927
-0.058748	-0.141954
-0.162446	-0.157429
-0.0575213	-0.101927
-0.131871	-0.0868095
0.252358	-0.110471
-0.499923	0.235183
-0.285626	-0.432794
-0.298107	-0.33665
-0.271517	-0.202715
-0.223619	-0.32218
1.97644	-0.181528
5.31788	1.8753
-0.269226	5.35701
-0.0752081	-0.248034
-0.211051	-0.0103423
-0.26545	-0.11969
-0.65084	-0.151957
-0.0216814	-0.638174
-0.0728143	-0.0544976
0.01417	-0.0120197
0.407389	0.027551
0.161308	0.324452
0.34964	0.208874
0.658307	0.233701
5.09505	0.649086
-0.129041	5.06141
0.0621079	-0.0753188
-0.0578923	0.01367
-0.0597609	-0.145983
-0.424443	-0.0502974
0.16861	-0.263322
0.0962159	0.267314
-0.0188996	0.149402
0.099429	-0.0835218
-0.182542	-0.0347259
0.0189014	-0.176082
1.84523	0.0674577
5.94088	1.79122
-0.0791443	5.90069
-0.0931579	-0.124326
-0.149446	-0.192485
-0.142507	-0.114901
-0.202728	-0.206606
0.404349	-0.124704
-0.0605363	0.454419
-0.117571	0.149852
-0.128403	0.0833438
0.0759	0.137254
0.11473	-0.138064
-0.23116	0.234186
4.34355	-0.461389
-0.0982232	4.23303
0.0871702	-0.231668
-0.136251	0.0657105
0.004007	-0.211878
-0.127706	0.0739213
-0.143998	-0.222416
0.18094	-0.113324
-0.0130873	-0.0128952
0.0035275	0.0381825
0.0183542	0.0994181
-0.0793805	0.700522
0.379145	-0.196078
5.63393	0.562006
-0.0291037	5.46361
-0.107246	-0.0592603
-0.034729	0.0309463
-0.103078	-0.0176766
0.0962723	-0.0306568
0.155622	-0.0861518
-0.0566858	0.250816
-0.490038	-0.0605242
0.373561	-0.389702
0.491536	0.474964
-0.11438	0.47068
1.45744	-0.0437358
4.92005	1.24511
-0.0306873	5.41993
-0.0625078	-0.0420956
-0.157479	0.0260762
-0.158613	-0.161419
-0.4136	-0.0523314
0.174179	-0.320394
-0.164976	0.216941
-0.413776	-0.172798
-0.0493503	-0.579594
0.32582	0.0560197
-0.355113	0.0853216
1.87143	0.0310862
3.24589	1.39966
0.00210824	3.06455
0.00482282	0.0196594
-0.0752261	-0.107641
0.121335	-0.198977
-0.142456	0.117167
-0.0330021	-0.230494
-0.179811	-0.0946766
-0.00651373	-0.265456
0.278813	0.0501847
0.0501759	0.462932
-0.543986	0.136028
1.10952	0.0933529
4.06205	1.47644
-0.172682	4.27463
-0.0820126	-0.141221
-0.00345384	-0.0160119
0.201128	-0.0569217
-0.576	0.221235
-0.176319	-0.569783
-0.249524	-0.18179
-0.190152	-0.209709
0.272603	-0.273647
-0.133925	0.43226
-0.300965	-0.104841
0.238785	0.165455
4.48167	-0.356683
0.0112277	4.30712
0.0417469	-0.117634
0.0723997	0.125706
0.211344	0.129693
-0.37965	0.141121
0.159156	-0.151508
-0.109229	-0.0135866
-0.136683	-0.0522167
0.316355	-0.141512
-0.152683	0.314778
-0.522682	-0.295845
1.67192	-0.186968
4.69412	1.99042
0.0534799	4.83319
0.142039	0.109351
-0.0100443	0.172639
-0.298202	-0.0174508
-0.284973	-0.306524
0.0478618	-0.248524
-0.305379	0.045529
-0.364563	-0.261476
0.0320599	-0.372682
-0.433453	-0.166554
-0.308802	-0.443873
1.50453	-0.456246
5.06828	1.77628
0.170099	5.41649
0.187863	0.171278
0.0713308	0.211178
0.0201986	0.0146187
-0.479051	-0.0709912
0.00293682	-0.519163
0.0878713	0.0347428
-0.143136	0.0996931
-0.177081	-0.065787
-0.241548	-0.134852
-0.381337	-0.0525286
0.979977	-0.303336
2.92106	0.938787
0.139123	2.79338
-0.1861	-0.0963752
0.0427834	0.0635239
0.0418049	-0.0992154
-0.128822	-0.144032
0.120384	-0.109585
-0.0872769	-0.037258
0.00657908	-0.0525754
-0.144355	0.025805
-0.186857	0.102396
-0.721071	-0.245433
1.06533	-0.312753
2.87051	0.849205
-0.0409237	2.94253
-0.00874675	0.0158602
0.0455853	0.143065
0.0773073	-0.061798
0.0401025	-0.0768579
0.201019	-0.113894
-0.180974	-0.010274
-0.0200881	-0.0977902
-0.302912	0.0528094
-0.134867	-0.270738
-0.577611	-0.0983036
0.460616	-0.559543
2.7497	0.633434
-0.116068	2.90659
-0.16247	-0.0608373
-0.125137	-0.151669
0.112603	-0.130918
2.30268	0.611888
0.0286503	2.73157
-0.0495931	-0.033366
-0.00374539	-0.0550158
0.0374978	-0.0210408
0.0301939	0.0514267
0.13007	0.0695511
0.0454323	0.0987606
0.106639	0.0981636
-0.15344	0.19067
-0.194777	-0.16892
-0.298805	0.131776
1.484	-0.0982587
3.19149	1.66143
-0.107932	3.32389
-0.145302	-0.122709
0.109916	-0.0917228
0.161472	0.127686
0.070327	0.0926377
0.11343	-0.00579318
-0.460117	0.246296
-0.456848	-0.524288
-0.561154	-0.390551
-0.0762191	-0.596625
0.0793242	-0.14858
1.3345	-0.0416626
6.64676	1.22551
0.0744182	5.61774
-0.0116934	0.0484003
0.0855526	-0.0302416
-0.0602133	0.0690118
0.0669062	-0.0586846
0.11807	-0.0155069
-0.0797538	0.0913565
0.123701	0.209357
0.30094	0.00497498
0.0643882	0.112499
0.17317	0.0750897
0.650137	0.122899
5.25077	0.933692
0.0232422	5.98192
-0.105704	-0.0295111
-0.204295	-0.0756449
-0.172774	-0.17728
-0.374012	-0.268633
0.266021	-0.407182
-0.0627843	0.306711
-0.166132	-0.131297
-0.186083	-0.182186
-0.233086	-0.249794
0.0260278	-0.446745
1.70243	0.0150098
6.6089	1.55689
0.0305064	6.47132
0.0662398	-0.0101642
0.0618333	0.0439107
0.0122179	0.106378
-0.202233	0.0143097
-0.0823218	-0.434285
-0.198583	-0.0474108
-0.0277772	-0.0369808
-0.143605	0.03521
-0.250998	-0.138678
-0.613177	-0.201228
-0.504372	-0.693977
4.87201	-0.221396
0.0771457	4.56789
-0.322035	-0.0422619
-0.00145016	-0.119204
-0.187621	-0.01081
-0.313521	-0.26634
0.215495	-0.361645
0.0300393	0.294062
0.087137	0.131993
0.090385	0.129951
0.256415	0.113742
-0.0223484	0.384096
1.25373	-0.101165
3.113	1.31962
0.0305682	2.97263
-0.0685588	-0.0468639
-0.279369	-0.0984806
-0.0923959	-0.0858448
-0.165648	0.050514
-0.10714	-0.337634
-0.0827167	0.146889
-0.290274	-0.171151
-0.13471	-0.206549
-0.597141	-0.197339
-0.220235	-0.62605
1.50563	-0.13377
6.56173	1.50137
0.043381	6.23021
0.165857	-0.0387719
-0.310698	0.085674
-0.0311089	-0.0553874
-0.306543	-0.118915
0.125817	-0.263992
-0.257463	-0.159923
-0.185924	-0.356016
-0.0737341	-0.0702588
-0.396517	-0.393274
-0.806342	-0.555096
0.525928	-1.00605
5.0068	0.433826
0.0494429	4.58443
-0.0853361	0.0742437
-0.00463239	-0.0176203
-0.071867	-0.0465953
-0.356171	-0.0125198
-0.104654	-0.402303
-0.429803	-0.113802
-0.0396595	-0.387648
0.587434	-0.141911
0.391066	0.488688
0.153787	0.529506
1.18401	0.0948815
4.64842	1.11509
-0.087848	4.35799
0.0839343	-0.114642
-0.0502224	0.0716115
-0.201944	0.083595
0.15784	-0.0310148
-0.0714467	-0.207509
-0.205316	-0.0498532
-0.0275093	-0.260015
0.0443045	0.142907
0.118613	0.275571
-0.273973	-0.342058
1.43276	-0.283627
6.43105	1.68016
0.117013	6.48901
0.299606	0.165413
-0.230309	0.277263
-0.167019	-0.366984
-0.206994	-0.234058
0.141348	-0.247618
-0.272327	0.131063
-0.274274	-0.216323
0.0732242	-0.255574
-0.542356	0.0434981
-0.249164	-0.605896
2.14754	-0.192281
5.16859	2.12848
-0.0714647	4.92014
0.0378364	-0.27763
-0.119116	0.00301866
0.18908	-0.139143
0.0880623	0.130353
0.373746	0.076769
0.0258637	0.378486
-0.100688	-0.170502
0.369018	-0.0563507
0.379134	0.370706
0.0903362	0.64336
1.27527	-0.0276711
3.67453	1.00663
0.0381848	3.46049
0.0935693	-0.0635165
-0.0271228	-0.0509691
-0.197771	-0.0949799
-0.0278912	0.238469
-0.0756834	-0.151537
-0.272405	-0.1031
-0.0188622	-0.114028
0.192256	-0.178925
0.268209	0.103412
0.461936	0.222382
1.94043	0.343932
4.39076	1.92451
-0.111387	4.3749
0.130901	-0.073058
0.167684	0.0949064
0.172877	0.193986
0.0401139	0.181337
0.177355	-0.11178
0.0381019	0.128346
-0.197161	-0.0137831
0.2125	-0.173289
0.525256	0.170333
-0.0588325	0.571194
1.14484	0.0370057
4.4598	1.08781
-0.151274	4.54136
-0.042189	-0.155985
0.171929	0.0542998
0.222255	0.222705
-0.0691697	0.229814
0.0437653	-0.173598
-0.513862	0.0483007
-0.394333	-0.438738
-0.788877	-0.292214
-0.110326	-0.666974
0.456146	-0.0668749
1.84555	0.293653
5.32934	1.91924
-0.00906905	5.10487
-0.0332049	-0.0131698
0.16786	0.0522428
-0.153446	0.271222
0.0146216	-0.176954
-0.179808	0.0666436
-0.501575	-0.0924709
-0.336357	-0.488003
0.0954731	-0.377286
0.502425	-0.102272
0.363951	0.306908
2.03655	0.223817
3.6351	1.82999
-0.0524073	3.43128
-0.0164941	0.000866385
2.36966	0.753297
-0.0351955	2.63155
-0.10771	-0.0497293
-0.200348	-0.0527395
-0.0574363	0.0482952
-0.248064	-0.0939958
0.0440186	0.000756951
0.0967466	-0.00497585
0.287714	-0.0207469
-0.156954	0.139109
-0.326348	-0.29462
-0.64901	-0.386182
1.0354	-0.535281
3.50463	2.11292
-0.0794429	4.47735
-0.198352	-0.107229
-0.223012	-0.0231151
-0.0803956	-0.192765
-0.518032	-0.0130062
0.0692434	-0.462268
0.0458771	0.044376
-0.327771	0.122619
0.0278657	-0.266524
-0.178794	0.273482
0.214528	-0.202675
0.441556	0.243608
5.24394	0.545087
-0.0263546	5.32143
-0.0394429	-0.103583
-0.162238	-0.0174122
-0.0727571	-0.192821
-0.461865	-0.118713
0.100912	-0.50384
0.0781271	0.0534676
0.19257	0.208575
0.204868	0.181807
-0.506509	0.053581
-0.355199	-0.30726
0.300039	-0.395608
2.9795	0.707802
-0.149486	2.90843
0.0386432	0.0481652
-0.181087	0.000231015
0.0830079	-0.0688303
-0.172988	0.09334
-0.0455865	-0.397439
-0.0233151	-0.109461
-0.00233757	-0.0412353
0.438248	0.122564
-0.0569497	0.251527
-0.35938	0.0414955
1.58194	-0.0306647
3.79519	1.56206
-0.271926	3.68556
-0.0471439	-0.233018
-0.0542663	-0.0305275
-0.00615384	0.112957
-0.192327	-0.182697
0.212839	-0.229772
-0.309182	0.214764
-0.27155	-0.211772
-0.101222	-0.272505
-0.73238	-0.12395
0.124834	-0.61182
1.25641	0.229436
6.10282	1.08669
-0.110035	5.65955
-0.0622858	-0.0428603
-0.240522	0.0173234
-0.135615	-0.272035
-0.158825	-0.0614613
0.323056	-0.153325
-0.0901174	0.210004
-0.115594	-0.194966
0.356009	-0.208649
0.465098	0.393251
-0.567291	0.503811
0.841644	-0.277697
6.78563	1.0009
-0.169582	6.67349
0.197213	-0.163282
0.135857	0.188709
0.0566226	0.0822082
-0.47258	0.0394517
-0.14124	-0.392071
-0.500063	-0.185099
-0.145823	-0.479954
0.783211	-0.123191
-0.516283	0.850477
-0.631009	-0.525061
1.37792	-0.632929
7.15597	1.27914
0.0151905	7.06973
0.283901	0.0765094
-0.400325	0.117528
-0.156076	-0.145029
-0.167409	-0.22019
0.0520017	-0.231391
-0.291775	0.0384953
-0.221961	-0.243312
0.191531	-0.173099
-0.709784	0.103797
-0.0178407	-0.469364
1.42937	-0.317428
5.64543	0.228112
-0.013072	5.56468
0.0165139	-0.0672011
-0.01069	0.0761079
0.0933895	-0.117357
-0.352009	-0.0192051
-0.00220434	-0.331648
-0.25679	-0.0266287
0.164048	-0.135083
0.00931758	0.117918
-0.418486	-0.287402
-0.370293	-0.210118
-0.449297	-0.254033
4.48988	0.0389526
0.0102521	4.77347
-0.196247	0.0570548
-0.0687333	-0.233677
-0.0708284	-0.0772451
-0.211607	-0.056302
0.170681	-0.175266
-0.322409	0.200234
-0.182653	-0.304619
-0.650871	-0.168729
0.157699	-0.417477
-0.042403	0.30023
1.29977	-0.12365
5.9259	1.4167
-0.112234	6.20472
-0.365502	-0.0600689
-0.178254	-0.257121
0.0341851	-0.194823
-0.0509942	-0.0126358
0.155155	-0.0659475
-0.121485	0.17266
-0.424979	-0.129157
-0.232	-0.445893
0.11046	-0.205119
-0.330126	0.167192
1.82628	-0.261018
5.92579	1.69544
-0.110388	5.87301
-0.221413	-0.153368
-0.166288	-0.176653
-0.205181	-0.125279
-0.125874	-0.176732
0.00510905	-0.174699
0.193436	-0.0459013
0.0012777	0.510532
-0.0533187	0.0763062
-0.203192	0.129693
-0.505694	0.143185
1.17185	-0.378454
5.90652	1.1218
-0.212955	5.61349
-0.291239	-0.197824
-0.0337892	-0.313119
0.150756	-0.0516474
-0.393145	0.0999911
0.349033	-0.177455
0.0758935	0.218328
0.434252	0.099669
0.435718	0.329183
0.0989941	0.481214
-0.207986	0.251289
1.29786	-0.0735074
4.47884	0.214017
-0.0950621	5.03544
0.0307286	-0.0620186
-0.0196884	-0.0127066
0.160658	-0.0193009
-0.461354	0.0303953
0.30812	-0.580519
0.218758	0.304147
-0.0816569	0.0759023
-0.0270594	-0.146267
-0.172317	-0.109699
0.105885	-0.224492
1.17874	0.0991129
4.49469	1.5854
0.00980428	5.56184
-0.112315	-0.0555744
-0.10668	-0.144475
-0.0165666	-0.0563886
-0.247549	-0.102624
0.238857	-0.219643
-0.275819	0.304789
-0.236352	-0.302146
-0.134523	-0.205428
-0.262552	-0.233977
-0.591296	-0.232047
0.740008	-0.497729
2.84783	0.716778
-0.0340245	2.80529
-0.193193	0.04277
0.0403104	-0.162069
-0.142203	0.0805787
2.61445	0.690354
-0.077905	2.67515
-0.0611959	0.0110407
-0.0567176	0.0697755
0.126044	-0.0972907
-0.0730144	0.122879
0.0306973	-0.120464
0.0526602	0.147717
0.0286506	-0.114825
-0.0777597	-0.055561
0.0332128	0.214338
0.283984	0.264866
2.22667	0.208263
4.66352	1.97759
-0.10531	4.87655
-0.22698	-0.0798106
-0.253295	-0.137382
0.0383909	-0.206501
-0.471202	0.0342033
0.0711276	-0.470801
0.155605	0.105329
-0.290736	0.114324
-0.125725	-0.268813
0.106843	-0.151081
0.23	0.0673137
-0.128838	0.522451
5.29443	-0.351862
-0.062316	5.19649
-0.0916256	-0.0706737
-0.0195111	-0.229144
0.127398	-0.042674
-0.167379	0.140948
0.228668	-0.143019
0.0252242	0.253674
-0.13104	-0.055824
-0.464624	-0.216754
-0.135879	-0.520208
0.462369	-0.166351
1.42259	0.28286
5.75831	1.56574
-0.0862702	5.38023
-0.279848	-0.0899595
-0.220938	-0.255151
0.0543603	-0.397292
-0.252957	0.07934
0.0518153	-0.311472
0.0416577	0.0777978
-0.258702	0.0889629
-0.376609	-0.263812
-0.203119	-0.330506
0.62512	-0.157113
0.901793	0.402531
5.9817	0.663268
-0.106909	5.95524
-0.0975917	-0.112628
-0.177838	-0.180539
0.0200159	-0.158054
0.0256011	0.153906
0.166839	0.0199231
0.238834	0.00972308
0.0896497	0.16068
-0.276486	0.0406322
0.384675	-0.142238
0.0730265	0.24291
1.51105	0.169284
5.19432	1.60296
-0.262982	5.41817
-0.117016	-0.296141
-0.0694986	-0.139456
-0.0377768	-0.0753988
-0.0427273	-9.70291e-05
-0.00669197	0.0111243
0.221752	-0.0923512
0.454378	0.316066
-0.323496	0.436801
0.027172	-0.366479
-0.139445	-0.186218
-0.826888	-0.199543
4.85503	-0.882921
-0.0725916	4.72125
0.0109172	-0.110461
-0.242688	-0.00641304
-0.0591119	-0.205358
0.28891	0.053528
-0.107438	0.0570596
-0.0276488	-0.0797046
0.428786	-0.186116
-0.139888	0.141105
-0.190894	-0.11543
-0.164823	-0.490767
0.997364	-0.207976
3.90133	0.313578
-0.211892	4.33801
-0.110173	-0.128071
-0.0531368	-0.132262
-0.133065	-0.0690666
-0.0562018	-0.125526
0.315791	-0.056474
-0.332208	0.309153
-0.245165	-0.2386
-0.591496	-0.267433
0.344783	-0.546991
0.32472	0.364932
0.234599	0.555875
5.64887	0.367195
-0.0710222	5.65276
-0.262104	-0.151232
-0.29429	-0.158282
-0.161607	-0.264932
-0.4494	-0.129682
0.381927	-0.440881
0.0108752	0.382463
-0.305435	0.0466393
-0.083323	-0.258003
-0.358905	-0.0717547
0.45747	-0.270709
0.727837	0.668518
5.71111	0.452638
-0.0503229	5.32969
0.0140532	-0.0590221
-0.242335	-0.0132216
-0.0204559	-0.245598
-0.18786	-0.0212155
0.262365	-0.103649
0.154657	0.27443
-0.220132	0.0835932
0.0282633	-0.168148
-0.0627436	-0.0978554
0.534452	-0.147413
1.27636	0.560888
6.65523	1.41378
-0.0599599	6.71198
-0.0853072	-0.0594002
-0.154192	-0.0737102
0.0673084	-0.139091
-0.305085	0.114303
0.339897	-0.134816
-0.186768	0.24557
-0.316487	-0.0565236
-0.278716	-0.308933
0.518067	-0.105913
-0.0161924	0.41553
0.840035	-0.0316918
5.31354	0.808483
-0.18591	5.418
-0.0423726	-0.198736
0.0372709	-0.00838255
0.285045	0.0032185
-0.227095	0.219529
0.0847415	-0.197845
-0.505998	0.091155
-0.336487	-0.464278
-0.354776	-0.21792
0.086732	-0.460945
0.0876417	0.0312344
0.995383	0.0349332
5.54197	0.979332
-0.0245585	5.97556
-0.283936	-0.0238834
-0.138114	-0.295091
-0.039192	-0.0940136
-0.113615	-0.0492031
0.269149	-0.101241
-0.442191	0.27562
-0.184313	-0.171568
0.201582	0.163886
0.0291754	-0.101527
-0.510684	-0.127605
0.908013	-0.658731
4.78081	0.408696
0.0227538	5.41341
-0.078003	0.0503645
0.16501	0.0336336
0.0579049	0.157196
-0.237199	0.13158
0.0664082	-0.386483
-0.227397	-0.109828
0.0931126	-0.132172
0.0719771	0.122883
-0.120013	0.322727
0.157137	0.256364
0.726026	-0.0641557
5.90395	0.657445
-0.286791	5.77583
-0.245259	-0.320127
0.0554114	-0.203747
0.0162938	0.040668
-0.587645	-0.0687328
0.0663198	-0.620878
0.0236799	0.020159
0.195326	-0.0896655
0.00715762	0.0768806
-0.351076	-0.107783
0.249498	-0.526993
1.74582	0.138603
5.16254	1.71796
-0.0479908	4.84672
0.0321063	-0.135672
-0.139688	-0.0238252
-0.0637658	0.0200283
-0.289724	-0.10351
0.454597	-0.293973
-0.155522	0.45303
0.011966	-0.0788347
0.462397	0.179779
0.254952	0.0953693
-0.265303	0.103191
1.14424	-0.328834
2.79472	0.890643
0.00454897	2.80916
0.0416403	-0.052019
-0.0545546	-0.0542085
0.0247211	-0.131514
-0.268077	0.103559
0.170519	-0.436108
-0.0177037	0.23694
-0.325265	-0.046611
-0.236546	-0.40967
-0.323051	-0.343032
-0.409316	-0.542169
1.61154	-0.0976122
5.80115	1.67266
0.079847	5.09155
0.139495	-0.0397273
0.0572208	0.0687841
0.0727169	-0.0497838
-0.354242	0.0562719
0.386507	-0.393869
-0.169683	0.32298
-0.675867	-0.133027
-0.377462	-0.569784
0.113685	-0.439234
0.169913	-0.131572
1.11271	0.166373
3.06628	1.11208
-0.0553959	2.99257
-0.0335917	0.106408
0.0330511	-0.20634
0.136203	0.133678
-0.222465	0.0821587
-0.125216	-0.150976
-0.065343	-0.157283
0.0200882	-0.113175
2.25084	0.489341
-0.165932	2.62915
-0.0403271	-0.108228
-0.0725776	-0.002544
-0.146055	-0.0611908
-0.152864	-0.170432
0.0610807	-0.0712932
-0.0653009	-0.0540318
0.0921568	0.111075
-0.0745533	0.0775597
-0.0497446	-0.0241116
-0.559346	-0.341332
0.212673	-0.630328
4.56282	0.237519
-0.00706279	3.71873
-0.175231	-0.0214316
-0.11732	-0.0635048
-0.0119609	-0.196374
-0.111949	-0.0701551
0.17217	-0.25935
0.230464	0.0458738
0.23626	0.163153
0.0797594	0.203186
0.246647	-0.500406
-0.775298	0.00574826
-1.05397	-0.0916224
5.25849	-1.03711
0.0158351	5.36625
-0.085954	0.0989865
-0.173357	-0.113659
-0.0475915	-0.233186
-0.159143	-0.102113
-0.046343	-0.18542
-0.126297	0.106151
0.366791	-0.21172
-0.210082	0.35581
-0.0200749	-0.38989
0.16487	-0.296104
1.52324	0.138797
6.70235	1.75137
-0.0489808	6.46733
-0.0883737	-0.00533914
-0.157251	-0.075505
0.165797	-0.109375
0.0509167	0.0359874
0.230109	-0.0527653
0.0842643	0.0763714
0.264092	0.0614114
0.210961	-0.170992
-0.137465	0.061054
0.165537	-0.310987
1.54088	0.164221
5.98934	1.57638
-0.0963874	5.81328
-0.0102233	-0.0569114
0.00398326	-0.0671897
0.0869363	-0.0494767
-0.268022	0.0661522
0.00876619	-0.345291
0.0293755	-0.0871033
0.0158015	0.092935
0.254297	0.0786937
-0.0322897	0.196244
-0.323998	-0.065311
0.843629	-0.350715
7.3727	0.965194
0.0955181	7.2751
0.0957452	0.10533
0.0216484	-0.0247333
-0.305168	-0.0943528
-0.45948	0.00215195
0.136663	-0.528194
0.0304687	0.0524417
-0.0835475	-0.0658414
-0.199732	-0.0641471
-0.188675	0.0253585
-0.70487	0.0166046
1.8762	0.0774787
6.7167	1.38554
-0.111281	6.80643
0.136298	-0.147392
-0.145279	0.109047
0.0136043	-0.156381
-0.138004	-0.0707515
0.222203	-0.10421
-0.0271555	0.175774
-0.658638	-0.15116
0.140378	-0.672303
-0.0926106	0.195975
-0.165012	-0.281947
1.00358	-0.399433
3.21676	1.1342
-0.0409363	3.19836
0.0272315	-0.0523678
0.094488	0.0231903
0.101384	-0.00588419
-0.113224	0.162335
-0.0295665	-0.15099
-0.260229	0.091147
-0.263753	-0.149742
-0.0629709	-0.405201
-0.101766	-0.249675
-0.339891	0.0119177
-0.134949	-0.613458
5.04469	-0.518891
-0.0723701	5.13556
0.00211256	-0.0479574
-0.0621743	-0.0200652
0.0155371	-0.160426
-0.285384	0.00276268
0.160268	-0.164782
0.0373397	0.0567037
0.173984	0.202841
0.0995961	-0.24235
-0.424977	-0.0920445
-0.0977426	-0.388817
1.6142	0.3403
6.5105	1.4973
0.0457435	6.63875
-0.050031	0.0345916
-0.164204	-0.043328
-0.129814	-0.202715
-0.46927	-0.145472
0.385531	-0.393877
0.190666	0.427679
0.102003	0.105663
0.112789	0.160736
0.064238	0.189215
0.032163	0.0343375
1.35525	0.0701953
5.08844	0.882348
-0.0131633	5.58131
-0.225879	-0.0532593
-0.23224	-0.14479
-0.0303162	-0.218463
-0.337772	0.0225405
0.298058	-0.281262
-0.203471	0.235985
-0.537552	-0.140589
-0.482384	-0.661552
0.603214	-0.333981
-0.210395	0.624956
1.99596	-0.0426971
4.57484	1.78117
-0.0963177	4.49975
-0.0644675	-0.209093
-0.0347257	-0.0982219
-0.111258	0.0364272
-0.170493	-0.168277
0.318457	-0.16542
-0.450771	0.380061
-0.577672	-0.47352
-0.348103	-0.600981
-0.263864	-0.317041
0.314674	-0.200054
1.89283	0.406693
4.55064	1.94819
-0.203605	4.57704
-0.0713067	-0.183043
-0.0999082	-0.0951357
-0.0224263	-0.077856
0.12316	-0.00317712
0.112505	0.176228
-0.20358	0.190326
0.154145	-0.172601
-0.299933	-0.0656528
-0.199252	-0.191333
-0.309104	-0.510563
1.15361	-0.126087
4.45447	1.17372
-0.0598984	3.72273
-0.0148589	-0.0976564
-0.106674	-0.110602
0.0776433	0.00941852
0.0459401	-0.0165531
0.111672	0.127014
-0.634189	0.14149
-0.300324	-0.676601
-0.286817	-0.341772
0.00962222	-0.241568
0.241243	0.0679372
1.85027	0.292029
4.60618	1.98657
-0.124226	4.64759
-0.057844	-0.071282
0.110725	-0.130647
-0.1559	0.110504
0.0208901	-0.0779497
0.146779	0.0531943
2.78459	0.943995
-0.0688947	2.96537
-0.0188581	-0.0763891
0.0170534	-0.0616597
-0.0143361	-0.133754
-0.0642567	-0.0383945
-0.091232	-0.103696
-0.0111296	0.123582
-0.313318	-0.0273359
-0.261267	-0.252451
-0.363284	-0.244045
0.216582	-0.247997
1.49629	0.159131
5.77494	0.791128
-0.0558538	5.71704
-0.0886225	-0.0624516
-0.144876	0.0286762
-0.0284758	-0.127373
-0.0916744	-0.255524
0.26291	-0.465112
0.0597863	0.146687
-0.189768	-0.124955
0.430379	-0.0864884
-0.09941	0.603775
-0.230939	-0.0500257
1.39497	-0.0831215
4.84741	1.80514
-0.0547952	4.80037
0.137028	-0.0565604
0.0628412	0.132366
0.0373695	-0.0312805
-0.140065	0.0579606
0.0502213	-0.261064
-0.0666003	0.166491
-0.0766413	-0.0171917
0.635182	0.0115437
0.485057	0.655992
-0.354182	0.239542
0.923985	-0.0643482
5.70134	0.0778683
-0.242892	5.31793
-0.0125328	-0.163704
0.0121671	-0.0398523
-0.045844	-0.145491
-0.336331	-0.0542996
0.0362056	-0.337205
-0.0225907	0.135297
-0.0593586	-0.312427
0.239672	-0.144606
0.0185391	0.307733
0.205885	0.158579
1.48294	0.0897369
6.77718	1.5228
-0.14664	6.62636
0.0263516	-0.189718
-0.156482	-0.076008
-0.140296	-0.19968
-0.399771	-0.0367194
0.159631	-0.242866
0.158646	0.167347
-0.0191927	0.0297902
0.0158457	-0.211505
0.0221118	0.099018
0.322028	-0.0280038
1.04174	0.272167
5.19577	0.899562
-0.068692	5.87485
-0.204085	-0.184706
-0.144871	-0.232922
-0.0956625	-0.14326
-0.248029	-0.120029
0.303366	-0.132935
0.0306318	0.201091
0.323705	0.10057
-0.178232	0.207994
-0.259996	-0.0491346
-0.0703932	-0.280684
1.07966	-0.305714
3.20494	0.805836
-0.166645	3.33685
-0.253421	-0.13091
-0.129881	-0.250822
-0.132943	-0.104194
5.3125e-05	-0.134378
0.0692855	-0.0744274
-0.333233	0.0544107
0.0855648	-0.355079
0.51913	-0.00475682
0.403834	0.655158
0.208526	0.263009
1.15712	0.331238
5.0356	1.18115
-0.12108	5.21906
0.0299333	-0.105843
-0.0241134	0.0760706
0.149509	-0.0608238
-0.0490813	0.137592
-0.0816704	-0.0545393
-0.363693	-0.154913
0.0245709	-0.37679
0.301961	0.157533
0.268933	0.219312
-0.751018	-0.00770349
1.35194	-0.564521
6.99751	1.4328
0.119654	6.96302
0.0264645	0.0869684
-0.139002	-0.0604759
-0.194768	-0.130712
0.0302725	-0.186055
0.133864	0.0970782
-0.454406	0.156458
-0.29449	-0.450728
-0.224241	-0.339282
-0.27827	-0.292013
-0.20302	-0.447384
1.46007	-0.228575
6.69854	1.5938
-0.0266699	6.13215
0.0506589	-0.135852
-0.0748346	-0.0888673
-0.10627	-0.0521303
-0.193301	-0.0789033
0.477265	-0.156065
-0.185922	0.467224
-0.181002	-0.101869
0.358465	-0.111033
-0.232861	0.132124
-0.0525982	-0.331002
1.16866	-0.103457
6.10822	1.43716
-0.00402469	5.33772
0.028384	-0.179031
0.0176499	0.137332
0.211189	0.0706487
-0.111359	0.212621
0.236421	-0.145118
-0.139696	0.221631
-0.421455	-0.219367
-0.0399577	-0.411006
0.296945	-0.0744034
0.0330471	0.342132
1.65502	-0.13245
5.6261	0.504488
-0.123731	5.2883
-0.0647402	-0.108264
-0.0966773	0.0278578
0.0247832	-0.125997
-0.337419	-0.0287135
0.175974	-0.225744
-0.0752498	0.0929196
-0.0142513	-0.0937538
-0.387741	0.189792
-0.363405	-0.218246
-0.633337	-0.0772934
0.402985	-0.586586
4.70326	0.729681
-0.000119149	6.03649
-0.0100716	0.0111859
-0.228246	-0.0133901
-0.1472	-0.236054
-0.28466	-0.143436
0.134477	-0.357185
-0.368911	0.134597
-0.199624	-0.4269
-0.0590725	-0.103828
-0.618434	0.0261686
-0.613903	-0.820477
1.63326	-0.459408
6.36854	1.5889
-0.0273099	5.75142
0.0599608	-0.0954709
-0.218925	0.0583853
0.0676742	-0.0561361
-0.191894	0.00286123
-0.0506628	-0.3026
-0.246245	-0.025997
-0.0160709	-0.148712
0.187383	-0.0220887
-0.647247	0.231935
-0.0484272	-0.225858
1.65592	-0.549401
6.28772	1.4169
0.118678	6.20334
0.205068	0.166526
-0.111991	0.232472
-0.0857511	-0.0961727
-0.392774	-0.102918
0.0673513	-0.355509
-0.152597	0.0680643
-0.279736	-0.132492
-0.0498186	-0.23145
-0.211072	-0.0250808
0.15182	-0.236492
1.60973	-0.0668934
3.49563	1.27449
0.136887	3.31665
0.161125	0.114942
-0.14024	0.109789
0.102513	-0.0639153
-0.159848	-0.0047914
-0.179741	-0.105576
-0.20479	-0.136212
0.0416761	-0.136651
-0.135803	0.126968
