2.8869	0.647587
-0.0209581	3.23053
0.0597148	-0.0664012
-0.180458	-0.0312855
0.25162	0.333316
-0.0306238	0.110409
-0.00983243	-0.0698348
-0.201842	0.149802
0.251496	-0.0891573
-0.111821	0.201464
0.0919901	0.115111
0.738706	0.644942
0.410058	0.844139
5.33189	0.31756
-0.00926301	5.30305
-0.168316	-0.0416625
-0.264481	-0.118502
0.0838794	-0.282429
-0.398952	-0.0292648
-0.0847856	-0.339532
-0.530442	-0.0957165
-0.00635737	-0.585257
0.0688734	0.0147537
0.459166	0.1021
-0.22295	0.552049
0.838956	0.265863
5.51938	0.202664
0.0623611	5.64763
0.0819862	0.0137375
-0.0219721	-0.0144368
-0.205902	0.0710701
-0.0128608	-0.164206
-0.0540738	0.0595151
-0.256658	-0.265133
-0.0738432	-0.333853
0.149904	0.07943
0.161556	0.128993
-0.324984	-0.0962871
1.1196	-0.559639
7.41354	0.72209
0.0997795	7.45463
0.174218	0.0778168
-0.0922221	0.202553
-0.025039	0.00469607
-0.0831279	-0.099595
-0.562916	-0.122363
-0.238345	-0.513458
0.259691	-0.273973
0.217228	0.295905
-0.145196	0.0373151
0.394792	-0.340171
0.00244056	0.111505
4.82714	0.911588
-0.0986194	4.8074
-0.0939739	-0.0198116
-0.176265	-0.102895
-0.0868693	-0.0940126
-0.10906	-0.132652
-0.193754	-0.147893
-0.0825766	-0.155876
-0.0624298	-0.0555541
0.102812	-0.140674
-0.433736	-0.29354
0.499753	-0.361333
1.21866	0.285667
6.52786	1.35501
0.193619	6.43596
-0.215019	0.127325
0.201206	-0.163137
-0.100458	0.141007
0.084057	-0.0326394
-0.262695	0.170467
-0.189398	-0.120509
-0.0166886	-0.0304985
-0.171833	0.079296
0.113992	-0.00747514
0.0709955	0.180865
1.84155	-0.0245902
5.57667	1.69868
0.0457588	5.73761
0.0750303	-0.0245744
0.0478896	0.0390087
-0.00475848	0.0202029
-0.0786805	0.0877607
-0.0522056	-0.117199
-0.659801	-0.24597
0.072048	-0.507783
0.0646487	-0.0641704
0.844461	-0.0147489
-0.604525	0.915759
0.532539	-0.613135
6.25263	0.654896
0.0320504	6.13524
0.00328253	0.0613428
-0.119776	-0.0262585
-0.0463868	-0.0747864
-0.320163	-0.116391
-0.250543	-0.147654
0.0106082	-0.241857
-0.227905	0.00629007
-0.0257717	-0.223303
0.452555	-0.146561
0.450494	0.334571
1.89706	0.344807
4.0581	2.08672
0.0308563	4.09489
-0.080813	-0.0564227
-0.162021	-0.0929619
-0.0469744	-0.0778474
-0.183251	-0.0886812
-0.210386	-0.185718
-0.0628706	-0.0540198
0.275722	-0.0613048
0.210505	0.286119
-0.0042101	0.167303
-0.535441	-0.0586682
0.784468	-0.690356
3.30576	0.729741
-0.0631551	3.28141
-0.150922	-0.083088
-0.281487	-0.0164287
0.131893	-0.0498329
-0.136123	0.067955
-0.113721	0.0116382
-0.092556	-0.0501187
0.0420156	-0.0226235
-0.0128096	0.0385157
-0.226995	-0.191756
-0.616533	-0.124418
0.738195	-0.704487
3.03283	0.898158
-0.0311909	2.91206
-0.00389774	0.0752264
0.0027689	-0.0384338
-0.0052131	0.110234
-0.179328	0.104122
0.0100758	0.0599803
-0.0996359	-0.119336
0.0545164	-0.258682
-0.0157231	-0.0747391
-0.149135	0.0634553
-0.943782	0.164284
1.53661	-0.0536211
5.09847	1.33129
-0.0963877	5.4048
-0.0544052	-0.183241
-0.299098	-0.122011
-0.267869	-0.381076
-0.185691	-0.318912
-0.338161	-0.241452
0.115797	-0.37756
0.365353	0.243976
-0.085295	0.456358
0.33054	0.0713483
-0.716964	0.558189
1.33119	-0.729524
6.83095	1.22154
0.103884	6.84011
0.126712	0.046566
-0.0403839	0.205035
0.0568514	-0.0341097
0.211401	0.035157
-0.38505	0.204325
-0.364365	-0.440906
0.150611	-0.179877
0.0294682	-0.201535
0.898472	0.0614455
-0.34189	0.948565
1.68754	-0.243325
4.89452	1.81022
-0.103818	4.90155
-0.14046	-0.0986458
-0.10028	-0.13487
0.0715427	-0.120322
-0.329992	0.0618872
-0.53268	-0.37429
0.13729	-0.498357
0.0865562	-0.144295
0.154716	-0.063361
0.971174	-0.0294223
-0.46712	0.947777
0.549037	-0.54683
6.6275	0.722032
-0.0451772	6.31184
-0.0805725	-0.103913
-0.0920329	0.0817493
-0.244959	-0.12594
-0.121524	-0.302644
-0.176306	-0.0374787
-0.0488063	-0.17598
-0.00770642	-0.00630724
-0.338865	0.154142
-0.039866	-0.334424
0.114752	-0.0935713
1.82949	-0.156486
5.27104	1.89778
-0.0905611	5.00251
-0.0822029	-0.194784
0.0410864	-0.0742442
-0.0114097	0.179315
-0.0841105	-0.0223044
-0.566838	-0.0774013
-0.169483	-0.564698
0.144121	-0.163378
-0.402301	0.157571
0.0524258	-0.2934
-0.693546	0.177681
1.36386	-0.621693
4.91352	1.48257
-0.0398341	4.54517
0.00817542	0.00265017
0.0243936	0.0136238
-0.00618278	-0.0863324
-0.140318	-0.0642771
-0.384622	-0.0800073
-0.340351	-0.252866
-0.0285119	-0.361389
-0.0592561	-0.0130595
0.890879	-0.0518733
-0.153156	0.937417
0.2321	-0.125288
6.34886	0.418168
-0.0189328	5.99204
-0.142023	-0.0521257
0.0349447	-0.168539
-0.402958	0.0379959
-0.0482044	-0.313212
0.0589056	-0.0156095
-0.27191	0.0349727
-0.0193058	-0.230924
-0.196742	-0.0184835
0.144307	-0.130903
-1.00772	-0.181032
0.0738738	-0.675869
5.24015	-0.00673867
0.0785313	5.03167
-0.17416	0.0786704
0.129436	-0.198503
-0.218664	0.195613
-0.4442	-0.108947
-0.226199	-0.389775
-0.16909	-0.236456
0.118482	-0.209799
-0.0755135	0.0789158
0.746674	0.0500573
0.93646	0.794576
0.59959	0.915539
5.00933	0.507318
-0.0544821	5.26465
-0.107001	-0.0945143
-0.317294	-0.155183
0.110884	-0.158595
-0.512046	-0.0719728
-0.183662	-0.325029
-0.460244	-0.309179
-0.108278	-0.427227
-0.0195186	-0.169742
-0.22228	0.110784
-1.04925	-0.177694
1.44577	-1.01451
6.23193	1.64678
0.0323123	5.85207
-0.192032	0.0543757
-0.0448967	-0.284124
-0.0013438	-0.114818
-0.210337	-0.00239022
-0.221913	-0.257582
-0.103021	-0.268767
-0.343006	-0.156311
-0.208856	-0.268056
0.863863	-0.284148
-0.800121	0.8083
0.762826	-0.802933
6.65815	0.723365
-0.00671946	6.78317
0.226894	0.0326112
0.110526	0.24731
-0.135189	0.122661
0.145698	-0.0943176
-0.335592	0.171673
-0.451053	-0.485028
0.345792	-0.304794
-0.339622	0.0918605
0.100189	-0.372434
-0.381221	0.298039
1.21203	-0.337264
4.32106	0.783369
0.0128163	5.37226
-0.00151418	0.00819851
0.0185905	0.134534
0.0526436	-0.0167726
0.006244	0.0626018
-0.438058	0.00715904
-0.053528	-0.391663
0.314511	-0.02152
-0.671934	0.388732
-0.527279	-0.553589
-0.325959	-0.505034
1.85907	-0.245107
5.39313	1.80553
-0.0244423	5.18629
-0.109613	-0.125132
-0.214807	-0.0886619
-0.0444469	-0.147276
-0.203718	-0.0166445
0.235333	-0.235887
0.119086	0.0621857
0.135148	0.1107
0.250505	0.217538
-0.165798	0.0941694
-0.550853	-0.113281
0.954614	-0.449153
3.09176	0.890793
-0.0550797	3.1405
-0.124181	-0.122191
-0.0416573	0.000444624
0.106234	-0.0431309
0.012633	0.167429
-0.0640784	0.0495964
2.87212	0.812189
0.115267	3.09311
0.0496938	0.049517
-0.0941438	-0.0515615
0.0603728	-0.0570759
-0.0355161	0.0260016
-0.00560647	-0.00539868
0.0188726	-0.0724113
-0.0882977	-0.181864
-0.0321377	0.0894024
-0.238258	-0.117827
-0.345154	0.110012
1.97332	-0.272326
5.90537	1.98144
0.0786171	5.36823
0.0804524	-0.00330636
-0.0380491	-0.115743
-0.116189	0.0154989
-0.439082	-0.0953003
-0.412381	-0.429248
-0.347319	-0.460049
0.322483	-0.447663
0.185161	0.331106
0.597133	0.177548
-0.023795	0.590039
0.592682	0.32056
5.84795	0.298402
-0.0756178	5.73151
-0.0846086	-0.0477049
-0.121441	-0.109677
-0.0279177	-0.154091
-0.469544	0.153379
-0.504169	-0.355179
-0.220764	-0.385778
0.24262	-0.139805
-0.285068	0.334694
-0.39052	-0.419294
-0.167109	-0.384263
1.50159	0.0383157
5.03933	1.58796
-0.0483565	5.01167
-0.0379166	-0.0330949
0.06048	-0.028805
-0.240168	-0.0463447
-0.0956094	-0.170771
-0.264958	0.0284393
-0.201254	-0.209868
0.205876	-0.123937
-0.452301	0.168371
-0.165292	-0.209043
-0.296712	0.0960985
2.24455	-0.222635
5.22773	2.28867
0.0394074	5.16975
-0.0775011	0.0381029
-0.225793	-0.131896
-0.0262856	-0.227123
-0.232728	-0.0349482
-0.0654534	-0.338284
0.145737	-0.159366
-0.0496672	-0.0423279
-0.312086	-0.0242433
-0.0383773	-0.100343
-0.933554	0.115389
1.71022	-0.444796
4.64218	1.30944
0.0689506	4.34416
-0.00282073	0.15352
0.16865	-0.00726181
0.0250089	-0.0452245
-0.0169613	-0.00356833
-0.120522	0.173437
-0.219188	-0.257442
-0.0237458	-0.0820885
0.049647	-0.00611651
-0.162878	-0.112599
-0.434575	0.0264686
1.70971	-0.107585
5.9732	2.03153
-0.00659547	5.80059
-0.0264903	-0.0562121
0.00184706	0.0688541
-0.136691	0.0274492
-0.27012	-0.229178
-0.178097	-0.398357
0.294803	-0.151255
0.0699336	0.0891194
0.292647	0.102338
0.192766	0.163332
-0.00519495	-0.00954756
1.81223	0.0467649
4.40441	1.98603
-0.146066	5.11867
0.00385934	-0.0936082
-0.0812551	0.0386909
0.0297412	-0.0807654
-0.0812848	0.0559368
-0.455087	-0.0848983
-0.0835149	-0.253328
0.0505175	-0.135941
0.230043	0.0683925
0.185099	-0.0744991
-0.550886	-0.025477
1.0947	-0.462386
3.29753	1.08294
0.0541081	3.32681
0.136836	0.110962
-0.400698	0.130869
0.0508053	-0.0311919
-0.302148	0.0624413
-0.0529724	-0.263914
0.220652	-0.10422
-0.201993	0.202397
-0.442416	-0.211253
-0.536982	-0.473241
-0.942697	-0.533696
1.50557	-0.895941
6.96927	1.69977
0.183517	6.70591
0.0523105	0.197327
0.0263751	0.0202396
0.142396	0.0553763
-0.253129	0.0368758
-0.0563863	-0.2877
0.0622464	-0.0346514
-0.297647	0.016364
-0.364571	-0.150433
-0.355844	-0.314854
-0.297811	-0.0936896
0.586392	-0.154035
6.3147	2.09544
0.0802186	6.48233
0.0848419	0.0585942
0.182408	0.0920171
0.076579	0.224723
-0.155855	0.093929
-0.275309	-0.120045
-0.0446611	0.0356961
0.353463	0.00369716
0.0700441	0.132691
-0.178531	-0.0235105
-0.633448	-0.0790728
1.16808	-0.61535
3.99654	0.807997
0.0135428	5.81138
-0.0236489	0.112736
-0.179322	-0.077423
-0.00437966	-0.187954
-0.101563	-0.0216098
-0.490355	-0.108578
-0.2861	-0.457702
0.0798368	-0.354895
0.259625	0.144019
0.85454	0.275027
0.267925	0.949097
0.399862	0.242718
5.41304	0.217227
0.0486114	5.40286
0.0201184	0.0635358
-0.194237	0.00534739
-0.102259	-0.227833
-0.169703	0.0329869
-0.227224	-0.426517
-0.10761	-0.34797
0.0693401	-0.0295664
-0.322693	0.10285
-0.386057	-0.437384
-0.21306	-0.495531
1.23077	-0.0754389
5.66747	1.3894
0.00815938	5.3603
-0.134741	0.0773876
-0.102545	-0.151073
-0.332523	-0.131666
-0.0210876	-0.261204
-0.0796382	-0.00387075
-0.179988	-0.135212
0.320109	-0.146884
-0.5225	0.345587
-0.341535	-0.5199
0.105056	-0.221844
1.28399	0.511769
5.0938	0.402754
-0.0197835	5.11069
-0.0412737	-0.161735
-0.00258841	0.0458858
0.117154	-0.108381
-0.059594	0.106177
-0.0239823	-0.0468877
-0.0920754	-0.18316
0.235273	-0.169261
-0.180007	0.399329
-0.394014	-0.179328
-0.132724	-0.321245
0.794275	-0.101939
4.7582	1.92203
0.0816266	5.25183
0.0882701	0.175297
-0.192892	0.125961
-0.0570319	-0.147083
-0.275832	-0.0660231
-0.220354	-0.284755
0.19069	-0.152056
-0.211743	0.236633
-0.553808	-0.176959
0.0257728	-0.332329
-0.0514578	0.0649759
2.06344	0.176051
3.4153	1.39828
0.055434	3.34716
0.0574259	0.0901039
-0.0479821	-0.111837
0.0238168	-0.0580397
-0.174218	-0.0281032
-0.00787895	-0.0608955
-0.136925	-0.034218
0.151807	0.0931686
0.216358	0.292661
-0.391141	-0.234527
-0.543264	-0.716617
1.41412	-0.602315
3.49435	0.92785
0.127637	3.8046
-0.108057	0.0542116
-0.0126266	-0.0741009
-0.1166	-0.18912
-0.108483	-0.149224
3.34215	1.09844
-0.0137611	4.24018
-0.0993765	-0.0596352
0.0750887	-0.195628
-0.0360143	0.0519058
-0.270961	-0.0434041
-0.202477	-0.30571
-0.269959	-0.180781
0.324597	-0.255839
0.0542618	0.175798
-0.0709096	-0.0688255
0.00445402	-0.475096
1.32257	0.0612495
6.33272	1.4928
-0.0111985	5.81494
-0.23772	-0.0435239
0.0135996	-0.1436
-0.174361	0.0296721
-0.103467	-0.155124
0.0491137	-0.184649
-0.207997	0.012459
0.192353	-0.246758
-0.0406934	-0.158276
-0.171489	0.00542605
0.689088	-0.167809
1.65335	0.770868
5.71067	1.60999
0.00100303	5.65999
0.0149866	-0.0193311
0.049263	-0.0149448
-0.0159925	0.0686273
-0.0344069	-0.0970795
-0.118876	0.133672
0.0805191	-0.187963
-0.117326	0.158411
-0.714851	-0.0481116
-0.256869	-0.433021
-0.879311	-0.0619356
1.14582	-0.871831
6.93889	1.17268
0.112533	6.22687
0.012546	0.0488159
-0.0729894	0.0356145
0.185325	0.103621
-0.159609	0.144291
-0.327491	-0.229156
-0.0739058	-0.26611
0.106472	-0.445733
-0.259872	0.120898
-0.00351826	-0.117406
-0.660668	-0.00749022
1.09213	-0.58451
3.49931	0.945214
-0.0161058	3.53972
0.0997698	0.145319
-0.0468641	-0.0499168
0.102984	-0.01037
-0.22449	0.212296
-0.195851	-0.359011
0.0341157	-0.22057
-0.135578	0.00824907
-0.379345	-0.0143064
-0.116529	-0.387621
-0.923657	-0.0162297
1.52554	-0.754883
5.10197	1.73814
-0.070242	5.01039
-0.0581186	0.0275784
0.0547583	-0.0957573
-0.201661	0.114059
-0.21215	0.0451573
-0.301024	-0.0548507
-0.138552	-0.127361
0.168046	0.0430079
-0.00970145	0.0232544
-0.0946068	-0.287834
-0.822508	-0.0910893
0.395691	-0.644118
5.02484	0.495454
0.107488	5.33744
-0.0808076	-0.105681
0.114478	0.00767607
0.123701	0.143605
0.0240975	0.0882304
-0.423726	-0.021094
-0.0898105	-0.453156
0.336655	0.0211155
-0.497929	0.45706
0.2264	0.0632337
-0.195888	0.282309
1.32447	-0.108741
5.24235	1.62352
0.0618552	5.75427
0.0854427	0.100429
-0.139624	0.132595
-0.315054	-0.156546
-0.141384	-0.366893
-0.271903	-0.181686
0.0788655	-0.211451
0.378306	-0.0343182
0.178359	0.0509753
-0.36734	-0.0377792
-0.305359	-0.376339
-0.361145	-0.0811909
5.46257	-0.591637
0.113267	5.34249
0.165711	0.0941761
-0.19343	0.0212593
-0.133019	-0.131434
-0.0852471	-0.0724962
0.0385908	-0.124923
-0.365374	-0.135259
0.0313332	-0.373144
-0.61489	0.0659269
-0.499466	-0.762536
-0.00677309	-0.00882996
1.67497	-0.111135
6.05873	1.51682
0.246619	6.2276
-0.0266842	0.214565
-0.0803195	-0.02089
0.0149196	-0.0919527
-0.244849	0.0400262
-0.0922532	-0.240762
0.158767	-0.163471
-0.266488	0.191898
-0.588078	-0.233468
0.0852203	-0.409573
-0.162525	0.00356451
1.74404	-0.314956
3.78656	1.49462
0.0638189	3.44465
-0.058082	0.138421
-0.0394003	0.0130575
0.116243	-0.0817099
-0.0744603	-0.217551
-0.274917	-0.254139
0.00575577	0.0257125
0.0866623	0.0337714
-0.393309	0.168819
0.347306	-0.200466
-0.0944182	-0.0675268
-0.525784	-0.151333
4.65841	-0.588317
-0.100847	4.58692
0.120044	-0.0632498
-0.113157	0.0365388
0.115596	-0.106638
-0.00995988	0.118094
-0.0140782	-0.0293805
0.00463638	-0.219889
-0.072026	-0.189844
0.0510252	0.12444
-0.313834	-0.024475
-0.297612	-0.243864
-0.367603	-0.4375
4.17886	-0.301733
-0.0639266	3.70725
0.277122	-0.0126289
0.00140268	0.082452
0.114348	-0.149318
0.0123651	-0.0882248
-0.0722425	0.126843
-0.185868	0.00170953
0.249297	-0.00882977
0.0782197	0.116497
-0.0852559	0.0554847
3.413	0.74582
-0.0202301	3.26153
-0.0354305	0.0514657
-0.0690676	-0.0936763
0.0733967	-0.072258
0.0528871	0.0469985
0.0140927	-0.0535966
-0.221105	0.064838
-0.0842954	-0.119127
0.0132979	0.187704
-0.139604	-0.196245
-0.529994	0.0533643
0.6283	-0.125671
4.82894	0.980356
0.0744504	5.60315
-0.193156	0.0395631
-0.218301	-0.158057
-0.170864	-0.196057
-0.0754735	-0.15995
-0.483591	-0.167686
-0.140881	-0.340673
-0.000351367	-0.24286
-0.227026	0.116395
0.391337	-0.168141
-0.287585	0.447526
0.776135	-0.426138
7.20043	1.03359
-0.14305	7.42885
0.0698673	-0.102841
0.122195	0.0587301
0.252227	0.109537
-0.0613813	0.219045
-0.29069	-0.0743607
-0.00920048	-0.281806
0.36177	0.0383366
-0.842933	0.332536
0.212446	-0.442251
-0.131083	0.239831
1.72331	-0.332922
4.02894	1.67642
0.00871758	4.0385
-0.0333906	0.0285333
-0.169961	-0.0823105
-0.0348976	-0.141375
-0.0523513	-0.0388334
-0.477317	-0.123789
-0.226406	-0.306113
-0.230726	-0.145061
-0.229941	-0.193854
-0.457405	-0.283987
-0.93693	-0.412885
1.42472	-0.865614
6.91257	1.63835
0.0971844	5.76401
0.0266551	0.169548
0.127093	-0.0709377
0.129829	0.208608
-0.20683	0.053956
-0.211998	-0.300264
-0.225306	-0.197855
-0.0472632	-0.111263
-0.311029	-0.174841
-0.187287	-0.13334
-0.813163	-0.0501611
1.18305	-0.616033
3.54126	1.04053
0.0315293	5.20899
0.00494112	0.0180608
-0.10789	-0.0486774
-0.124817	-0.152276
-0.157797	-0.0701181
-0.100628	-0.267309
0.137825	-0.240873
-0.00577156	0.0826727
-0.3334	0.0832764
0.105719	-0.238359
0.103063	-0.0832925
1.00476	0.45645
4.99696	1.00822
-0.148989	5.24406
-0.0245676	-0.106283
-0.0725722	0.0194273
-0.081907	-0.0512652
-0.222725	-0.0564982
-0.59908	-0.194213
-0.0155757	-0.589719
0.264507	-0.0730796
-0.246169	0.393592
0.188498	-0.0892474
0.0996438	0.551992
0.487678	-0.0218368
5.23895	0.332973
-0.217677	5.10592
0.0629834	-0.149437
-0.0198562	0.0184935
0.159348	-0.063515
-0.253366	0.0177699
-0.382961	-0.274196
-0.056779	-0.351981
-0.0862247	-0.0155612
0.270378	-0.153965
0.237555	0.169714
-0.645598	0.154716
0.625925	-0.618191
7.02174	0.427768
-0.0637313	6.97064
0.00896768	-0.111492
0.0214595	-0.145046
-0.196417	0.0330947
-0.387814	-0.157911
-0.0540562	-0.377878
-0.402149	-0.0505318
0.203746	-0.357695
0.330688	0.176686
0.622399	0.409101
0.466716	0.476823
0.615934	0.630431
5.17586	0.126941
-0.262953	5.24123
0.0554707	-0.152008
-0.240755	-0.0704694
-0.0610135	-0.197375
-0.141611	-0.108468
-0.304112	-0.27186
-0.147097	-0.336326
-0.156263	-0.0835099
-0.0736477	-0.137245
1.30314	0.029592
0.448896	1.13235
0.78553	0.00934375
5.51533	0.57371
0.046367	5.85101
-0.210775	0.0454258
0.21088	-0.01656
-0.131562	-0.0380599
-0.104949	-0.00122865
0.0721416	-0.0941031
-0.0361318	0.0434461
0.23306	0.0174713
0.00641789	0.33852
-0.144885	-0.136877
-0.706998	-0.173922
-0.430447	-0.451777
6.14295	-0.207452
-0.0572873	5.26676
-0.0731419	-0.102814
-0.105729	0.0992919
-0.172757	-0.0853189
-0.257269	-0.187805
-0.354698	-0.236106
0.104781	-0.352729
0.206927	0.0959867
-0.500083	0.318551
0.0424181	-0.376743
0.00613079	0.176646
1.16158	0.500897
4.53452	0.991109
0.111545	4.24854
0.1349	0.20846
-0.0141957	-0.0490061
-0.0662379	-0.0572807
-0.0944415	-0.00728737
-0.532174	-0.210479
-0.102292	-0.630541
0.314502	-0.159266
-0.366547	0.251068
-0.0264147	-0.396626
-0.536895	0.0627676
1.54175	-0.441043
6.0082	1.57256
-0.0637253	5.18589
-0.0158707	-0.146295
-0.144266	0.00543265
0.112726	-0.245558
-0.190284	0.162127
-0.250742	-0.209263
-0.0174591	-0.195909
0.223497	-0.181348
-0.12491	0.189741
-0.14855	-0.151719
-0.678387	-0.0315814
1.04368	-0.394871
3.3298	0.94337
-0.0116895	3.40232
-0.034426	-0.10426
0.0329737	-0.0166255
-0.128296	-0.0811845
-0.267815	0.157311
-0.0893643	-0.237754
0.066603	-0.15977
0.573826	-0.0713521
0.25989	0.264016
0.677588	-0.0184277
-0.994509	0.686076
1.02071	-0.788193
6.73892	0.700153
0.151353	6.68483
-0.0144747	0.11262
-0.248253	-0.104169
0.0763078	-0.199733
-0.395598	0.000872374
-0.287086	-0.29136
0.190335	-0.182838
-0.0844846	0.133522
-0.478601	-0.248167
0.142396	-0.430144
-0.00401769	0.0325761
1.86452	-0.152464
6.26521	1.85303
0.199748	6.6603
-0.0042191	0.259205
-0.0643448	0.0133091
0.0744728	0.00600464
-0.132884	0.0304879
-0.192182	-0.165581
0.0882757	-0.180961
0.139619	0.0310275
-0.0924083	-0.0186369
0.482522	-0.167102
-0.32309	0.542848
1.82584	-0.379333
6.02366	1.48764
0.00856327	6.53264
0.0854133	-0.0328012
-0.0365108	0.0173349
-0.0476651	-0.0472008
0.0201948	-0.156704
-0.0345536	-0.0567923
-0.429729	-0.0350112
0.0624581	-0.368239
-0.130699	-0.0155067
0.559035	-0.101621
0.250523	0.727491
0.383236	0.34089
5.94846	0.133789
-0.0333191	5.96772
-0.237197	-0.0193979
-0.129152	-0.121218
-0.107528	-0.191957
-0.221804	-0.11982
-0.219274	-0.202958
0.0629151	-0.127875
0.053704	0.0921963
-0.0606639	0.0866392
0.48604	0.228156
-0.121424	0.301531
1.31244	-0.519907
3.4811	1.07535
-0.0627786	3.36307
-0.179069	0.0346045
-0.100294	0.072476
-0.170324	-0.170517
-0.142979	0.0376794
-0.0773038	-0.206518
-0.096	0.0131244
-0.243681	-0.124303
-0.275347	0.0566266
-0.0924023	-0.428497
-0.951003	-0.34413
1.70514	-0.696801
5.61825	1.94082
0.100027	5.3775
0.0236022	0.0814173
-0.0189395	0.00337334
-0.0391249	0.00147591
-0.121896	-0.353308
-0.121588	-0.286604
-0.219963	-0.0262799
0.20419	-0.0824842
-0.171045	0.100309
-0.0431455	-0.238392
-0.537167	-0.131569
1.37723	-0.674558
6.62305	1.29047
0.0117059	6.60432
0.0537915	-0.0476934
-0.00827978	0.0223367
0.221438	-0.00963661
0.0845987	0.225981
-0.319773	0.139752
-0.219997	-0.32868
0.418038	-0.29002
-0.179911	0.414602
-0.047371	-0.0611785
-0.234572	0.191931
1.58912	-0.0510431
4.30952	1.62968
-0.0450573	4.17355
-0.0677968	-0.0610067
-0.001403	-0.0947087
-0.0786157	0.0177264
-0.152771	-0.0778237
-0.272363	-0.249726
-0.247005	-0.266924
0.262066	-0.190323
0.233918	0.200995
0.254193	0.310013
-0.0806287	0.325516
1.17785	-0.263045
4.26826	0.971476
0.0441311	3.88677
-0.0573849	-0.0754215
-0.0800148	-0.0112333
-0.068055	-0.229824
-0.162698	-0.0785942
-0.267122	-0.0804932
-0.262323	0.0249286
-0.100709	-0.157293
-0.363171	0.255313
-0.0693733	-0.468223
-0.346808	-0.209352
-0.268171	-0.205081
3.98864	-0.0896429
-0.167061	3.93398
-0.0143943	-0.0491489
0.0371279	-0.0380043
0.111106	-0.113828
-0.00466977	0.0389526
-0.11525	-0.0679442
-0.184837	-0.0858857
-0.088629	-0.0873604
-0.202474	0.0098557
-0.322407	-0.034097
-0.889022	-0.260499
0.767785	-0.834721
3.17434	0.724016
0.116406	3.2615
0.0772469	0.0850637
-0.130247	0.0755291
0.11567	-0.229656
4.92437	-0.262209
0.0311199	5.27302
-0.167281	0.0192703
-0.143066	-0.182031
-0.0944227	-0.173543
-0.249491	-0.156481
-0.426198	-0.0995405
-0.0330045	-0.500281
0.240804	0.23822
-0.153	0.267795
0.222754	-0.0117048
-0.516273	0.156104
1.75028	-0.63873
6.91517	1.50118
0.126873	7.16043
0.117969	0.175702
0.0965731	0.0989056
0.127027	0.0162329
-0.102634	0.100621
-0.67656	0.00145378
-0.357159	-0.449161
0.342575	-0.367517
-0.0705421	0.177535
-0.0406967	-0.152638
-0.461868	-0.0719998
-0.164339	-0.771797
5.53695	-0.0640645
0.157833	5.66704
-0.0180485	0.169878
-0.0262187	0.112666
-0.130671	0.118524
0.00646885	-0.281807
0.11454	0.164153
-0.394674	-0.0221252
0.160357	-0.402168
0.0250961	0.0398921
0.786867	-0.145423
-0.435139	0.721354
1.00829	-0.466171
6.21688	1.12872
-0.0128869	5.7353
-0.180318	-0.101098
0.0401622	-0.10261
-0.359335	0.0578814
-0.140949	-0.20187
-0.0954208	-0.165391
-0.0768525	0.00898379
0.25678	-0.0779826
0.304399	0.310938
0.44376	0.179421
0.106541	0.265236
1.34605	0.132383
5.59022	1.35495
-0.0860448	5.66785
0.0513862	-0.0695982
-0.11524	0.0650704
-0.0932769	-0.0630283
-0.430895	-0.0475934
-0.267603	-0.311252
-0.0769149	-0.252846
0.194727	-0.219284
-0.404987	0.137942
0.108508	-0.449581
-0.992895	-0.139701
1.11708	-0.797036
6.91088	1.00529
-0.0421525	6.90558
-0.11341	-0.0608082
-0.0637242	-0.0451386
0.154819	-0.0577344
0.253044	0.133533
-0.368449	0.139006
-0.379751	-0.189797
0.138642	-0.547941
-0.186486	0.183079
0.46921	-0.138487
0.0431913	0.472219
1.59661	-0.124457
5.8708	1.34248
-0.0120961	6.39285
-0.169297	-0.0877578
-0.0366062	-0.101429
0.203766	-0.059372
0.369048	0.169467
-0.0789324	0.325707
-0.198051	-0.0423946
0.138464	-0.271071
-0.228087	0.0682479
0.233309	-0.185749
-0.106759	0.272449
0.896775	0.304347
5.10389	1.58846
-0.142651	4.82459
-0.00648723	-0.101825
-0.0155362	-0.0157549
-0.0489778	-0.0265654
-0.184695	-0.0871768
-0.315653	-0.186912
-0.0299783	-0.38147
-0.142919	-0.06171
0.259508	-0.173427
0.659181	0.220199
0.44059	0.455992
2.11523	0.483723
4.20761	1.65427
-0.0706907	5.09907
0.0694092	-0.0672615
-0.198657	0.0233527
0.175683	-0.109728
-0.295828	0.184981
-0.00517899	-0.441465
0.0672808	0.0159205
0.324475	0.00299431
-0.0316173	0.260212
0.960429	0.0102343
0.823492	1.04865
0.219887	0.740329
5.60825	0.103658
0.0185609	5.72425
-0.216519	-0.0204222
-0.230238	-0.208315
0.0751908	-0.174704
-0.375089	-0.0182278
-0.253431	-0.376859
-0.201557	-0.228052
-0.135011	-0.351226
-0.388464	-0.136019
0.312429	-0.435655
-0.756589	0.0029182
1.30588	-0.74018
6.32723	1.24592
-0.0799204	6.25724
-0.21561	-0.105896
-0.147877	-0.214105
0.243254	-0.16518
0.171354	0.156365
-0.239209	0.218257
-0.420593	-0.183982
-0.101884	-0.522077
-0.118585	-0.0987153
0.690459	-0.00328418
0.00874711	0.709596
1.81849	0.181383
4.01684	1.86182
-0.0369014	4.04981
-0.0159556	-0.074831
0.0168025	-0.142147
-0.176845	-0.00271584
-0.443048	-0.100697
-0.134899	-0.29797
-0.148983	-0.288827
-0.0154663	-0.226456
0.198281	0.229655
0.309386	0.32737
0.0723298	0.400077
1.34796	-0.0527587
4.21073	0.731062
-0.0448396	4.4096
-0.0808855	-0.0365455
0.0111759	-0.164402
0.0280671	-0.108673
-0.088534	-0.1114
0.0982568	-0.159925
-0.230244	0.0736813
0.17384	-0.241115
-0.222463	-0.0662285
-0.0842377	-0.24393
-0.0536447	0.0361399
-0.740035	0.0776079
4.37476	-0.712977
-0.169112	4.71195
0.100188	-0.0638621
-0.0761504	-0.0262051
-0.242819	0.0368815
0.0665894	-0.147558
-0.177859	0.0552014
0.00675411	-0.232787
0.124874	-0.242763
6.91283	0.288956
-0.0718132	7.05369
-0.0134955	-0.078711
0.11959	0.0245186
-0.307786	0.0190808
0.00795097	-0.341331
-0.179224	-0.162069
-0.193351	-0.182504
-0.010321	-0.175923
0.109394	0.104434
0.414472	0.17744
-0.565177	0.416336
0.351735	-0.441726
5.45896	0.771281
0.0265911	5.54704
-0.0358764	0.0341831
-0.0384386	-0.00727981
-0.0248301	-0.0624609
-0.102553	0.0408153
-0.277995	-0.212934
-0.301484	-0.68913
0.258242	-0.290645
-0.401616	0.225377
0.0143446	-0.369066
-0.731686	-0.0584405
1.71989	-0.587037
5.24537	1.55434
-0.0852039	5.21505
-0.0293893	0.0136816
-0.010236	0.117567
-0.170441	-0.0176868
-0.0125894	-0.0436904
-0.0380515	-0.0522853
-0.159296	-0.0806819
0.23232	-0.078301
-0.205332	0.0163512
-0.186661	-0.200436
-0.501886	0.0214652
0.903864	-0.740413
3.2849	0.800762
0.069475	4.97394
0.0676191	-0.0115018
-0.15575	-0.0706286
0.128332	0.0505114
0.164996	0.194441
-0.397363	0.221608
-0.165322	-0.313811
0.394886	-0.151861
-0.426997	0.400512
-0.390916	-0.454539
-1.00649	-0.348364
1.02073	-0.987373
7.18132	1.03842
-0.106981	7.10433
-0.157538	-0.0425889
0.0859795	-0.166095
0.146376	0.0347157
0.125572	-0.00652335
-0.273598	0.0537567
-0.446751	-0.233999
0.242686	-0.402269
0.0533977	0.215856
0.36483	0.308284
0.136761	0.440866
1.86623	0.0430678
4.45743	1.41101
-0.0432581	3.94463
-0.114989	-0.0522109
-0.0069437	-0.173826
-0.0420137	-0.119716
0.109108	-0.038273
-0.0259794	-0.183871
0.126494	0.0455735
0.265302	-0.174058
-0.165498	0.243287
0.21532	-0.119488
-0.795377	-0.213217
2.04005	-0.366566
5.95761	2.14356
0.0190929	6.67389
0.16895	0.0210508
0.100181	0.185858
-0.0214025	0.179543
-0.244747	0.0769481
-0.531335	-0.232612
-0.0392426	-0.228931
0.0601688	0.104506
-0.548462	0.0822641
0.363752	-0.315204
-0.672552	0.193041
1.79153	-1.03341
6.59134	1.6969
0.0481462	6.61427
0.161388	0.0286364
0.0810267	0.214683
0.0986581	0.15787
0.0203882	0.136918
-0.41073	0.0829506
-0.165244	-0.359879
0.233181	-0.139893
-0.594396	0.220941
-0.327905	-0.51536
-1.00943	-0.280824
1.03088	-0.919106
7.33252	0.936537
0.11864	7.05882
0.0119188	0.184832
-0.0770006	0.0359716
-0.170342	-0.0677614
-0.241601	-0.126631
-0.0635793	-0.376462
-0.226295	-0.170832
-0.0681274	-0.0590548
-0.238487	0.137191
0.853461	-0.276799
0.640538	0.902152
0.344399	0.634639
5.54759	0.421543
-0.077048	5.34415
0.147086	-0.0909361
-0.116369	-0.0042877
-0.0434499	-0.0670803
-0.353854	0.00483248
-0.379869	-0.178956
-0.098701	-0.268124
0.16186	-0.122626
0.137202	0.531861
0.218515	0.0785427
-0.377869	0.0541428
1.27482	-0.286483
3.35077	1.10998
-0.0986987	3.33757
-0.142897	-0.181566
-0.181713	-0.097081
0.0214803	0.021499
-0.0575314	-0.015262
-0.0908995	-0.224503
0.0527809	-0.207482
0.213617	0.0185327
0.0322869	0.370039
-0.334661	0.158414
-0.712784	-0.334289
0.960956	-0.845791
3.03442	0.954794
-0.0579562	3.11789
-0.0910103	-0.0712036
-0.0821093	-0.139445
-0.0142084	-0.00613292
-0.0488605	0.13051
-0.535544	0.0660633
-0.0728329	-0.479614
0.247558	0.0312051
-0.622338	0.265032
-0.353223	-0.622267
-0.590973	-0.187794
1.88827	-0.516364
5.13012	2.06115
-0.0216238	5.11796
0.102294	-0.134024
-0.145	0.138623
-0.0531463	-0.0980068
-0.161472	-0.0506089
-0.492114	-0.212842
-0.135333	-0.472537
0.157714	-0.0708948
0.133189	0.219859
0.528799	0.0346179
-0.36726	0.712825
0.275729	-0.32115
6.94685	0.222837
-0.0969918	7.11807
-0.000572622	-0.0678706
0.259295	0.0894073
-0.0525949	0.258983
0.139239	0.0723851
-0.336319	0.159018
-0.0234533	-0.367919
0.12093	0.199137
-0.378947	0.0496942
0.389797	-0.073917
-0.27994	0.562231
1.94075	-0.0735251
4.78212	1.86187
0.0692063	4.4609
-0.107359	-0.0205641
0.182837	-0.0170334
0.103055	0.235248
-0.0815197	-0.09681
-0.000574571	-0.151392
-0.149606	-0.150882
0.271171	-0.017399
-0.393506	0.196524
0.107426	-0.384534
-0.407355	-0.0276257
2.11791	-0.299576
4.83189	1.74639
0.00275068	5.97309
-0.134936	0.128678
-0.130299	-0.148455
-0.144577	-0.158426
-0.515261	-0.149892
0.161129	-0.536433
0.0240927	0.144377
0.0639369	-0.0421403
-0.0575347	0.173702
-0.00421209	0.0662488
-0.792915	0.143308
1.43412	-0.838517
6.3035	1.11296
-0.0993986	6.29277
-0.0486499	-0.193406
0.0160976	-0.0763427
0.0724206	0.0651846
0.183176	0.0435915
-0.365551	0.202237
-0.576386	-0.278477
-0.0693029	-0.557795
-0.315195	-0.0871686
0.102278	-0.300689
-0.857195	0.0498453
1.20598	-0.789586
5.88423	1.56244
-0.0196864	5.31117
-0.00445301	0.115526
-0.217785	-0.0213062
-0.0798002	-0.171903
-0.100355	-0.121016
-0.127185	-0.117946
0.151148	-0.173144
0.127892	0.136682
-0.516294	0.299937
-0.479286	-0.475186
-0.697121	-0.39822
1.60367	-0.789302
6.79932	1.5227
-0.131134	6.79842
0.0108029	-0.125046
0.117667	0.0106625
0.0718614	0.12807
0.124006	0.0579332
-0.409862	0.0296936
-0.0432723	-0.186152
0.285449	0.093189
-0.286536	0.0913914
-0.44558	-0.270957
-0.471378	-0.46272
0.266672	-0.732834
5.05533	0.212236
0.078676	4.41935
-0.0499289	1.46778e-05
-0.0791801	-0.111058
-0.112257	-0.0641279
-0.12861	0.030828
-0.0475299	-0.0146373
-0.153888	-0.227523
0.223378	-0.33192
0.102402	0.226757
0.525646	0.0322314
-0.191567	0.126859
1.24804	0.0776379
5.99282	1.27125
0.0906985	5.91382
-0.0447813	0.119244
-0.15212	-0.108768
-0.169013	-0.137731
0.00677808	-0.181536
-0.199459	-0.0153067
0.117826	-0.208323
-0.0539762	0.143311
-0.160637	-0.166918
0.00608252	-0.104446
-0.574454	0.254312
0.562006	-0.526663
6.79526	0.39671
0.0265927	6.70716
0.0990601	-0.0928449
-0.190589	0.02754
-0.22501	-0.272172
0.0495405	-0.133036
-0.440778	-0.0586823
0.00903777	-0.279274
0.172088	-0.0374049
0.287058	0.234495
0.182283	0.185292
-0.75041	0.16977
0.660192	-0.236672
5.36713	1.62605
0.058848	6.26475
0.0352084	0.138386
-0.0423861	0.209005
-0.073174	-0.0310939
-0.201768	-0.0560038
-0.277266	-0.167513
0.179702	-0.227225
-0.0233627	0.213292
-0.0626013	0.0363341
-0.172272	-0.0400581
-0.509966	-0.147705
1.20877	-0.434961
3.4216	1.19176
0.199809	4.21991
0.137	0.0634835
-0.197551	-0.106256
-0.114144	-0.128053
0.107725	-0.288179
-0.172693	-0.0606939
0.0368474	-0.289055
0.489265	-0.00141687
-0.353346	0.514092
0.22939	-0.105647
-0.201106	0.467386
1.52127	-0.451902
6.28278	1.29275
-0.0510379	6.69166
-0.00452233	0.00252184
-0.0758602	0.104306
0.0338502	-0.0766592
0.11644	-0.0159111
-0.405944	0.0777819
-0.417093	-0.413477
0.192467	-0.299587
-0.0551448	0.1514
0.482327	0.0513399
-0.516357	0.177313
0.0117034	-0.585155
5.44293	0.145282
0.112685	5.6309
0.0345766	0.118267
-0.121106	0.277536
-0.153914	-0.193277
-0.0434895	-0.0673816
-0.00339579	0.0780361
-0.510012	-0.136493
0.203326	-0.405394
0.106338	0.293336
0.789111	0.137951
-0.137547	0.505792
0.672649	-0.52653
5.19602	-0.0989558
0.178433	5.0776
-0.0798989	0.165966
-0.132083	0.114469
-0.18021	0.00788154
-0.176118	-0.0890983
0.0494569	-0.222471
-0.322307	0.18787
-0.120867	-0.189456
-0.281295	-0.146303
0.457389	-0.237778
0.186031	0.904846
0.882755	0.464503
4.86529	0.792038
-0.0807123	4.68974
-0.0781142	-0.0686012
-0.0735567	-0.138088
-0.190019	-0.0797276
-0.316733	-0.242187
-0.26217	-0.184413
-0.299751	-0.191063
0.0941861	-0.329916
0.170574	0.0240768
0.507024	0.347888
0.353665	0.447705
1.76507	-0.0625656
3.34194	1.30023
-0.0383219	3.22859
-0.13799	-0.116878
0.00986655	-0.0849607
-0.102193	0.057043
-0.23431	-0.248571
-0.275775	-0.245951
-0.192539	-0.322079
-0.211225	-0.245825
-0.196611	-0.23978
0.70079	-0.300189
-0.808153	0.665775
1.19001	-0.835566
5.49187	1.24235
-0.0925992	5.30345
0.069171	-0.119417
-0.0244766	0.0125673
-0.00128505	-0.0319328
0.36107	0.0041272
-0.145067	0.348837
-0.257241	-0.0677983
0.476348	-0.113927
0.302025	0.721971
-0.172952	0.299548
-0.551396	-0.299314
0.879644	-0.657641
3.10452	0.849986
-0.137103	3.12984
-0.084134	-0.182099
-0.0150889	-0.077558
0.024345	0.108709
-0.0986617	0.162302
0.0430065	-0.0424783
-0.128703	-0.110487
0.218759	-0.0534382
-0.0560181	-0.0931375
4.88919	0.0858749
0.0804268	5.41088
0.126394	-0.0232949
-0.0499455	0.0402841
0.0706096	-0.0967163
-0.141317	0.0565791
-0.044405	0.161065
0.198176	-0.162141
0.265405	0.124149
-0.63318	0.0724635
-0.377768	-0.770584
-0.476076	-0.464434
1.47873	-0.445856
7.32151	1.30415
0.0326778	7.28952
0.125067	0.0113565
0.00243523	0.0811796
-0.0903649	0.0386298
0.101353	-0.0289651
0.0449375	0.0428307
-0.0362592	0.088277
0.403112	0.129111
-0.117436	0.529047
-0.340927	0.0179752
0.000698986	-0.262155
1.99697	0.0286416
5.09118	2.02248
0.176791	5.14356
-0.12277	0.0603225
0.0449918	-0.15612
0.00671574	-0.00440791
-0.0617075	0.060079
-0.203076	0.0533328
-0.478937	-0.210483
0.345943	-0.363573
-0.271666	0.286681
-0.167977	-0.191922
-0.781541	-0.0823983
0.894962	-0.609284
6.90641	0.803988
-0.11262	6.28724
-0.0186183	-0.104257
-0.057072	-0.0850915
-0.010024	-0.145465
-0.477272	-0.123332
-0.0400338	-0.465137
-0.160209	-0.0830707
-0.116723	0.0522815
-0.319634	-0.19018
0.808405	-0.356575
1.02803	0.709189
-0.0248289	1.11264
5.92863	0.0108361
-0.0284954	5.92549
-0.105613	-0.00950213
-0.130713	-0.0794314
-0.126793	-0.183399
-0.240228	-0.0661063
-0.45354	-0.288935
0.0438345	-0.466786
-0.0942506	0.11273
-0.301879	0.137211
0.777313	-0.187535
-0.0158975	0.699008
0.574356	0.452857
5.75932	-0.192439
-0.0347552	5.87065
0.00191138	-0.0430414
-0.34253	0.109414
-0.0898317	-0.308834
-0.275407	-0.0739326
-0.432212	-0.198264
-0.0951056	-0.434665
0.174723	-0.0682708
-0.218093	0.00124233
0.7486	-0.202227
1.12548	0.70962
0.885063	0.880019
4.25483	1.12383
-0.12177	3.78247
0.16019	-0.258067
-0.366504	0.00163448
-0.0649247	-0.364119
-0.192761	-0.0335578
-0.176563	-0.258517
-0.0598142	0.0688884
0.198152	-0.310313
-0.148527	0.0566445
0.271288	-0.0280009
-0.847915	0.151884
0.871358	-0.823465
4.36236	0.937727
-0.0938291	3.3556
0.0799505	0.0642128
-0.0874267	0.00685365
-0.152881	-0.103114
-0.0964536	-0.0518927
0.133804	-0.0907236
-0.236429	-0.119335
0.158453	-0.292136
0.0383834	0.395112
0.601023	0.0155359
-0.728518	0.55254
1.44236	-0.901321
6.88094	1.29267
0.167414	6.93802
0.0716846	0.102308
-0.107867	0.106615
-0.0587293	-0.0450209
0.00580156	-0.0989258
-0.342288	-0.0794256
-0.357158	-0.316303
-0.185146	-0.31998
-0.398247	-0.135933
0.970667	-0.408017
-0.0936962	0.979914
0.22785	0.010673
6.88499	0.190492
0.114841	6.7455
-0.13465	-0.00160991
-0.109826	-0.171474
0.00808483	-0.0896601
-0.377206	-0.12099
-0.00534343	-0.546618
-0.178792	0.0624333
-0.150502	-0.275352
0.026631	-0.177595
0.608179	-0.0637142
-0.450306	0.639618
0.864905	-0.527629
7.06278	0.851999
0.162639	6.9823
0.0079401	0.143846
0.16901	-0.0455769
-0.245445	0.134445
-0.219031	-0.268816
-0.0687495	-0.27261
-0.291163	-0.108875
0.0906375	-0.417506
-0.0476967	0.356058
0.365805	0.029317
-0.021134	0.305754
0.611143	-0.131137
5.11433	0.610923
-0.0788213	4.83811
0.144225	-0.144257
-0.0023677	0.11908
-0.0280795	-0.0373339
-0.156743	0.0144927
-0.0136982	-0.0109121
0.184238	-0.122258
0.0034451	0.0668773
-0.188615	-0.0280663
1.42607	-0.436808
0.615101	1.32359
0.215601	0.683149
5.56745	0.121457
-0.0182221	5.56574
-0.233854	-0.0278837
-0.145169	-0.261954
-0.0986391	-0.137017
-0.103848	-0.278957
-0.291056	0.12164
-0.454406	-0.433324
0.467345	-0.263654
0.285217	0.413727
0.443669	0.212592
0.088466	0.22521
1.89677	0.0244007
4.76382	1.86914
-0.0108784	4.77787
-0.0574484	-0.0338256
-0.112291	0.00725935
-0.103272	-0.00550046
0.0983061	0.00368001
-0.256439	0.106499
-0.110168	-0.335008
-0.245932	-0.0241234
-0.588657	-0.144234
0.100345	-0.634748
0.0208986	0.151882
1.83682	0.0303495
5.20745	1.88393
-0.04096	5.12148
-0.0303793	-0.103878
-0.128425	-0.0145534
-0.144606	-0.0722302
0.102449	-0.179114
-0.207595	0.0826708
0.0447316	-0.264243
0.390161	-0.00744264
-0.101899	0.341216
-0.00489611	-0.0200962
-0.285259	-0.335712
1.769	-0.347552
3.60889	1.44896
-0.106998	3.45576
-0.0677009	0.0163108
-0.171398	-0.0951268
0.065121	-0.0508283
-0.0229545	0.12848
0.0490123	-0.144362
0.00261309	0.0360405
0.0678096	-0.0757606
-0.125758	0.00742754
2.71033	0.671793
0.0453562	2.95113
-0.0600667	-0.122066
0.0826976	-0.0767743
-0.115936	0.113494
-0.315102	-0.159297
-0.155689	-0.299328
-0.445516	-0.19448
-0.0364045	-0.37256
-0.10397	-0.0475988
0.620039	-0.0337418
-0.115527	0.595735
0.546151	-0.0482938
6.49154	0.639963
-0.110475	6.03876
-0.141358	-0.102791
-0.151239	-0.117115
-0.0847025	-0.154662
-0.594186	-0.122497
0.0583021	-0.546625
-0.463983	0.0653219
0.201159	-0.382606
0.150546	0.00927674
0.561649	0.270445
0.0468917	0.809117
1.20834	-0.117625
6.30244	1.39995
0.110192	6.75436
-0.0284042	0.0244562
0.0317467	0.125154
0.126107	0.0329743
-0.026269	0.138716
-0.512457	-0.126503
0.163852	-0.39179
0.107425	0.164629
-0.190458	0.0735354
0.421334	0.0376685
0.110964	0.360304
2.21388	0.0310774
4.27817	2.16361
0.115241	3.85652
-0.0769176	-0.18579
-0.0499569	0.0360346
0.063594	-0.102858
-0.425117	-0.212144
-0.233203	-0.467413
0.0720019	-0.324834
0.398982	0.0731726
-0.217406	0.523959
-0.0823715	-0.330126
-0.0717221	-0.0731465
1.79011	0.0776399
5.46902	1.77419
-0.0545638	5.62265
-0.0268201	-0.0348802
-0.0330692	-0.0278664
-0.259218	0.0501792
-0.250426	-0.2442
-0.514375	-0.223158
-0.234454	-0.593595
0.472211	-0.236498
0.0664553	0.424548
0.692024	0.130137
-0.360766	1.0166
0.707889	-0.379733
6.18907	0.59714
-0.251308	6.02831
-0.143049	-0.259543
0.041322	-0.0998394
-0.223561	0.0283844
-0.0620711	-0.01822
-0.0991624	0.00741023
0.00325703	-0.133853
0.147855	-0.0324781
-0.0999415	0.171483
0.192823	-0.2208
-0.666629	0.108908
1.21957	-0.844917
7.0735	1.33523
0.033594	7.06807
0.0792213	0.0555026
-0.00149068	0.110584
0.0571579	-0.00141524
-0.036882	-0.0896344
-0.227677	-0.131925
-0.740715	-0.157461
-0.0603951	-0.598835
0.433266	-0.0803877
0.712248	0.398907
0.0084454	0.719631
1.20462	0.171759
5.30045	1.11911
-0.0786293	6.22701
-0.0747347	0.080191
-0.0335273	-0.00668333
0.147784	0.0426438
0.0686506	0.265942
-0.520955	-0.060332
-0.123298	-0.443344
0.0415879	-0.232619
-0.392205	0.169148
0.139428	-0.268927
-0.531505	0.180721
1.9336	-0.887174
6.20736	1.98578
0.0228801	5.34112
0.00850304	0.102457
-0.130985	-0.114074
-0.0885672	-0.150585
-0.11733	0.054956
-0.166752	-0.0899479
0.210374	-0.181559
-0.0681093	0.128245
-0.482581	0.0630692
-0.436819	-0.533234
-0.886352	-0.399301
1.38801	-0.976962
6.76228	1.40056
-0.123696	6.6084
-0.0163751	-0.10696
0.174968	-0.0135219
-0.0274884	0.140395
-0.255657	0.051879
0.0332748	-0.0723287
-0.00787505	-0.0973237
-0.163561	-0.0552412
-0.185129	-0.00228298
-0.0503772	-0.218539
-0.565045	0.273217
1.16428	-0.740548
6.26583	1.32332
-0.00200385	5.47133
0.036318	-0.0936443
0.0885892	0.0609948
0.196558	0.167005
0.00756931	0.203704
-0.42127	0.0246668
-0.346541	-0.379921
0.0504857	-0.493077
-0.26037	0.00508651
0.224794	-0.235367
-0.562306	0.355352
1.0014	-0.305342
4.69149	1.79852
0.0172698	4.44063
-0.0566195	-0.106672
0.094073	-0.115982
-0.0367601	-0.00231429
-0.0248547	-0.0158565
-0.203571	-0.0400504
-0.11886	-0.190205
0.122338	-0.227121
-0.022812	0.142156
0.463492	0.0774203
-0.412798	0.436447
1.20874	-0.565283
6.65903	1.23715
0.0980544	6.65326
0.163318	0.134699
0.0208729	0.128343
0.208604	0.0700414
-0.18976	0.212744
-0.420773	-0.254925
-0.0921055	-0.485956
0.0686695	-0.114762
0.138796	0.0834062
-0.0221752	0.0287263
-0.262778	0.0303799
1.39979	-0.402738
3.20286	1.15767
0.109068	3.25438
0.0753963	0.179956
-0.0677022	-0.111056
0.0528231	-0.0363971
-0.204778	0.140242
-0.518179	-0.149729
-0.266309	-0.548467
-0.0360487	-0.336537
-0.323592	-0.00642181
0.364706	-0.241094
-0.79075	0.554279
1.45968	-0.458751
4.70755	1.66313
-0.273639	4.39898
-0.0406888	-0.258224
-0.0763262	-0.0957362
-0.0720267	-0.182335
0.107903	-0.272628
-0.216553	-0.10162
-0.211077	-0.254316
0.101058	-0.248113
-0.245647	0.0380473
0.999835	-0.12369
0.0149344	0.561921
0.666133	-0.0862132
5.4974	0.510041
-0.141814	5.76352
-0.308284	-0.0761288
-0.111177	-0.290949
-0.037236	-0.109087
-0.305537	-0.0126062
-0.308288	-0.355688
-0.221064	-0.268976
0.179406	-0.200244
0.0115535	0.13858
0.958921	0.0798614
0.406737	0.756551
0.499235	0.440848
4.5409	0.281337
0.0175591	4.60096
-0.0468437	-0.0260928
-0.207192	-0.0168678
0.0699524	-0.121687
-0.183539	0.0464957
0.127675	-0.197058
-0.11967	-0.0397524
0.356809	-0.252277
-0.150515	0.115059
1.24377	-0.288202
0.524406	1.18436
0.0136484	0.438179
6.12158	-0.102189
0.0788843	6.14917
-0.289849	0.0828874
-0.00471632	-0.249509
-0.205464	0.139755
-0.254166	-0.242819
-0.111703	-0.216964
-0.0630202	-0.0491645
0.223795	-0.0075235
-0.056751	0.351432
0.1061	-0.274878
-0.413388	0.243985
0.877168	-0.393345
3.13244	0.68124
-0.248216	4.11981
0.0122688	0.10359
-0.180197	-0.154195
-0.0317564	-0.0635427
-0.230115	0.00243416
-0.205204	-0.165044
0.000644583	0.118182
0.164584	-0.146475
-0.0634102	0.12395
0.0680502	-0.15552
0.0705502	0.310992
1.23444	-0.104414
3.21349	0.823624
-0.0767924	3.40806
-0.260706	-0.0185809
0.0102187	-0.0519344
-0.127889	0.039863
-0.381398	-0.149612
-0.0896747	-0.406139
-0.0248435	0.00275075
0.260765	-0.0405486
0.0262458	0.215722
0.635796	-0.0828891
0.131756	0.615457
1.56356	0.235807
5.19175	1.3263
-0.0314517	5.27911
-0.131616	-0.0178459
-0.138717	-0.0946022
-0.187943	-0.205885
-0.0819419	-0.0956492
-0.00154125	-0.0392857
0.1317	0.044236
-0.0390588	0.112564
-0.371688	0.0516989
0.208729	-0.360321
-0.592469	0.386355
1.38518	-0.483665
5.16698	1.51179
-0.0853488	5.03934
-0.179577	-0.0866215
-0.0910832	-0.105476
-0.214596	0.0422675
0.013972	-0.238278
0.0494246	-0.18805
-0.246613	0.0239159
0.15396	-0.374334
0.0481488	0.102761
1.28656	-0.0941001
0.380197	1.19343
0.169605	0.305715
6.08421	0.0520256
-0.00604453	6.19505
-0.224152	0.025639
-0.0390507	-0.17651
-0.245639	-0.0284255
-0.0376906	-0.218095
-0.332372	0.0339885
-0.289605	-0.406818
0.0211523	-0.227286
-0.265684	0.0457205
-0.27044	-0.330497
-1.16054	-0.256608
1.62161	-0.981711
5.66337	1.85802
-0.0300219	4.83403
0.0473095	-0.0682725
-0.117773	-0.009276
-0.111821	-0.0453838
-0.20711	-0.0304626
-0.229153	-0.156629
-0.146323	-0.0433983
0.0141986	-0.0425272
0.478215	0.104018
0.690677	0.0840844
-0.0861433	1.08924
0.68588	0.0811613
5.54005	0.490866
-0.154676	5.4205
-0.20727	-0.0759313
-0.307859	-0.158692
-0.0444057	-0.242924
-0.273927	0.0543829
-0.394565	-0.247885
0.066911	-0.328811
0.0123233	-0.155873
0.0998602	-0.0196574
0.661972	-0.0921494
-0.519857	0.558484
1.21342	-0.899603
6.67951	1.46418
0.0565069	6.65354
0.120927	0.0630297
-0.025175	0.0628542
0.0245734	0.0583873
0.117092	0.0042271
-0.457645	0.1624
-0.241301	-0.267847
0.30669	-0.150564
-0.0479977	0.285164
0.260786	0.0498974
-0.138462	0.30016
0.852711	0.187966
3.94567	0.518775
-0.0390448	4.08768
0.134695	0.174383
0.105419	0.0837118
0.129886	-0.0960703
0.127586	0.112219
-0.543267	0.0902245
-0.134574	-0.462238
0.180806	-0.09513
-0.450489	0.201288
-0.377169	-0.421934
-0.771784	-0.384614
1.20932	-0.759133
6.29283	1.31325
-0.259518	6.17658
-0.120279	-0.245233
-0.0416221	-0.223538
-0.0290892	-0.00586941
0.215136	-0.0806569
-0.195658	0.0830726
-0.313975	-0.314868
0.357754	-0.351413
-0.17868	0.298574
0.680239	-0.102425
-0.0125199	0.521599
1.74816	0.128625
3.83332	1.77994
0.0196537	3.8479
-0.130223	0.126385
-0.102187	-0.206898
-0.0224563	-0.230161
-0.128092	-0.00735791
-0.0794987	-0.144121
-0.0550934	0.0732828
0.552877	0.0128386
0.197059	0.429333
0.319083	0.117024
-0.287997	0.137378
0.979982	-0.453721
3.22522	0.79247
0.0367308	3.09263
-0.106564	0.164599
0.052604	-0.0522563
0.138516	0.134697
-0.202074	0.179287
-0.00105598	-0.135384
3.40184	0.904808
-0.00223269	3.0022
-0.0701755	0.0480697
0.141962	-0.0100338
0.122836	-0.116146
0.194229	0.163887
-0.368764	0.207311
-0.178291	-0.414241
0.280374	-0.260593
-0.463052	0.335816
-0.0812001	-0.286094
-0.418065	0.241727
1.21551	-0.321757
5.73054	0.493258
-0.0399166	5.29339
-0.151508	0.063453
0.0274601	0.0987403
0.0565748	0.0753627
0.0852792	0.11942
0.0436842	0.270103
0.00122661	0.117635
0.155314	0.0140484
-0.0633676	0.0297871
-0.254825	-0.12494
-0.756315	-0.0719734
2.01549	-0.597372
6.92367	1.75071
-0.0265223	7.44784
0.128817	-0.0576101
0.174872	0.0729773
0.0755255	0.198855
0.0424342	-0.0189676
-0.558103	-0.161658
-0.307102	-0.538299
0.379097	-0.187934
-0.221393	0.426589
0.106979	-0.253707
-0.259133	-0.223398
1.35759	-0.570381
4.15738	0.465781
-0.0790628	5.87118
-0.0611102	-0.144653
0.0506799	-0.0155048
-0.316387	0.113656
-0.230587	-0.369467
-0.0740984	-0.196965
-0.16022	0.059311
0.182086	0.00402653
-0.189006	0.046932
0.374976	-0.296404
0.311173	0.286888
2.24578	0.315216
4.85624	2.19922
-0.00574758	4.65724
-0.20786	-0.0220701
-0.107341	-0.108112
0.0891834	-0.0806895
-0.147841	0.140641
-0.177284	-0.0626488
-0.0727185	-0.260072
-0.165845	-0.0633873
-0.811741	-0.137422
-0.382119	-0.831786
-0.456141	-0.379396
1.6734	-0.549368
6.51798	1.59027
-0.0355251	6.30462
-0.0121353	-0.0311034
0.16639	-0.13025
-0.0732545	-0.0868157
-0.347741	-0.0372762
-0.236254	-0.384004
-0.219795	-0.301305
0.45662	-0.183726
-0.229232	0.460069
-0.530981	-0.280798
-0.47805	-0.582571
1.00259	-0.535316
6.88458	0.978962
-0.13839	6.88333
-0.254088	-0.132662
0.0537915	-0.248285
0.140226	0.0139173
0.269564	0.142957
0.035561	0.203581
-0.530793	0.106255
-0.0526061	-0.520808
-0.0914117	-0.0946451
0.412393	0.00260246
0.0342305	0.459987
1.10176	0.159127
4.41505	1.55431
0.0533373	4.31465
0.029911	0.0519976
-0.0850267	-0.0222949
-0.0399315	-0.00758439
-0.553735	-0.0616867
-0.129317	-0.437394
-0.0154268	-0.145975
-0.132405	-0.209947
0.364341	-0.0496309
0.48796	0.575059
-0.000202053	0.356014
1.71133	0.04375
3.58188	1.60032
-0.0276872	3.48576
-0.0786099	-0.0268754
0.0459175	-0.0599521
0.221403	-0.0961763
0.0395801	0.21627
0.209758	-0.0467545
0.062271	0.0260453
0.15813	-0.0427712
-0.0755004	0.149053
-0.173319	-0.017381
-0.675145	-0.299544
0.829878	-0.62886
3.13713	0.812067
-0.128557	3.18789
2.61333	0.892163
-0.0454265	2.94423
0.0999684	0.10209
-0.118793	0.00615998
0.0715079	-0.192185
-0.194179	0.0748244
-0.231597	-0.150675
-0.276934	-0.314357
-0.0257685	-0.122169
-0.298923	-0.00656905
0.512942	-0.140524
0.275778	0.542597
1.77468	0.190127
4.95583	1.74407
0.0377981	4.9392
-0.0578269	0.0370378
-0.166871	-0.0369861
-0.164003	-0.190964
-0.240663	-0.156492
-0.42049	-0.192521
-0.0666086	-0.60499
0.379577	-0.0996001
-0.0952345	0.355954
0.2038	0.00917597
-1.13553	0.161723
1.63092	-1.21115
7.17133	1.76816
0.055298	7.25333
0.0870539	0.0850757
0.0662767	0.117237
0.206673	0.100544
0.131301	0.157154
-0.558043	0.124472
-0.190414	-0.606564
0.190454	-0.0811716
-0.190388	0.318215
0.0324015	-0.188313
-0.550884	0.0775688
1.92605	-0.624076
6.55364	1.904
-0.0959758	6.66073
0.131182	-0.11701
0.182871	0.1095
0.066305	0.253075
0.133163	0.0695056
-0.476195	0.143896
-0.182029	-0.486482
0.18185	-0.0439471
-0.317884	0.287669
0.152965	-0.447123
-0.586224	0.00295604
1.88305	-0.501915
4.60897	1.73047
-0.100487	5.70966
0.108251	3.4314e-05
0.0476547	0.19103
-0.102913	0.0640864
-0.0915073	-0.128269
-0.450656	-0.0866749
-0.115951	-0.496851
0.339526	-0.174192
-0.524285	0.275018
-0.0852625	-0.402652
-0.797791	0.0866255
0.529981	-0.688603
7.02833	0.411171
0.0567733	6.83476
-0.0417177	-0.0158467
0.0855778	-0.151267
-0.0434471	-0.0185193
-0.250599	-0.0198586
-0.43526	-0.262827
-0.319657	-0.417133
0.168312	-0.270232
-0.36092	0.141266
1.1621	-0.462549
0.689072	1.21909
0.147078	0.620211
5.77292	0.259348
-0.00609329	5.70092
-0.0648642	-0.044122
-0.132856	-0.0889807
-0.0384486	-0.206911
-0.113965	-0.0859686
-0.387856	-0.176352
-0.0696066	-0.415858
-0.0420587	-0.108855
-0.00717965	0.117433
0.77006	-0.242457
0.248025	0.703865
1.5843	0.322128
5.09758	1.58499
0.0407151	4.97565
-0.212069	0.106043
0.0115472	-0.150841
-0.106408	-0.0158456
-0.162675	0.00321701
-0.470121	-0.0910923
-0.249914	-0.533749
0.279641	-0.224818
-0.0765266	0.191994
0.141704	0.0593518
-0.492463	0.264595
1.03663	-0.437895
5.06493	1.37808
-0.121504	4.93543
-0.0126869	-0.0568314
-0.224272	0.014245
0.129712	-0.112712
-0.00890964	-0.0174446
-0.321902	0.041849
-0.188602	-0.231324
0.0284698	-0.0126484
0.0130516	0.114013
-0.308145	0.0896651
-0.289907	-0.381921
-0.0695305	-0.335781
4.75919	1.02675
-0.209473	5.08879
0.0306649	-0.180694
-0.0377374	0.0258084
-0.152204	-0.0384101
-0.298932	-0.112801
-0.491712	-0.225751
-0.124092	-0.372462
0.435259	-0.0581132
0.210542	0.164885
0.306988	0.103984
-1.11746	0.232797
0.081941	-0.909207
4.97295	0.568565
-0.141436	4.85409
0.0379284	-0.217218
-0.0922688	-0.150516
-0.114662	0.0106032
-0.221872	-0.215403
-0.0689422	-0.0731092
-0.119328	0.123012
0.133297	0.00210183
0.12719	0.00390708
0.0691588	-0.183662
-0.340875	-0.236518
-0.222259	-0.538455
4.45471	-0.540592
0.0589877	4.60314
0.124179	-0.0914354
0.127382	0.00487959
-0.195832	-0.0415044
-0.172953	-0.217068
0.139645	-0.145385
0.0245857	-0.0759949
0.108538	-0.112025
-0.467461	0.143414
1.3643	-0.393809
0.199595	1.24269
0.339903	0.00870509
5.74642	0.42286
-0.0942038	5.74505
-0.0324503	-0.103068
0.108154	0.103675
-0.175275	0.110144
0.0644197	-0.22153
-0.0963552	0.144958
-0.547147	-0.0724399
0.025192	-0.62402
0.0639326	0.145402
0.680943	0.289364
0.0235636	0.574097
1.69611	0.0889733
4.09989	1.7361
0.0708782	4.07713
-0.0760541	0.0731439
0.0109157	-0.108731
-0.0973943	-0.0489433
-0.318333	0.0679357
-0.129513	-0.189076
-0.233212	0.000878967
0.386541	-0.185242
2.94345	0.67417
0.136301	3.0257
-0.152843	-0.00429294
-0.154035	-0.171633
0.118242	0.0208528
0.127197	0.0793268
0.0865855	-0.106864
0.0710479	0.168778
0.117839	0.0301782
0.0720457	0.135515
-0.0874093	-0.136625
-0.384633	0.319317
0.451975	0.726602
5.32566	0.129376
0.0596919	6.15458
-0.184716	0.064148
0.021325	-0.117961
-0.212326	0.070467
-0.0443172	-0.271634
-0.268524	0.0542695
-0.577908	-0.304157
0.246845	-0.636955
0.0764906	0.479789
0.830871	0.12491
-0.133663	0.740483
0.999351	-0.319754
3.82693	0.971838
0.130472	4.67013
0.30658	0.0734436
-0.118947	0.129011
-0.0673864	-0.0925548
-0.387244	-0.137719
0.132688	-0.37132
-0.0599076	0.0869662
-0.0362832	-0.391496
-0.0172404	0.0554427
0.871702	-0.106742
-0.0766958	0.916089
0.123566	-0.255788
6.38416	0.570622
0.0701453	6.33014
-0.0120385	0.0377788
-0.101646	-0.0618995
0.183757	0.020032
-0.0725052	0.232537
-0.352539	-0.119195
-0.302986	-0.402823
-0.0606498	-0.399336
-0.306996	0.0700889
0.0966478	-0.35885
-0.592341	0.270651
1.79805	-0.209413
4.23517	1.92566
0.0274277	4.1802
-0.109025	0.00600313
-0.0935969	-0.0795629
0.0288736	-0.106179
-0.161207	-0.0209188
-0.296275	-0.105591
0.103704	-0.20816
0.101792	0.0483513
-0.247498	0.0144801
0.458494	-0.16024
0.193369	-0.113741
1.53316	0.378945
5.78489	1.57145
-0.112031	5.89129
-0.00730981	-0.0038471
-0.131322	0.00072264
0.0189047	0.011148
-0.133284	-0.263413
0.12939	-0.1857
0.089433	-0.0184396
0.240557	0.0838687
-0.875091	0.29161
-0.504303	-0.800647
-0.366404	-0.544415
1.45025	-0.277182
5.97635	1.7018
0.0673822	5.35854
-0.0606	-0.158894
-0.129448	-0.0825295
-0.0359766	-0.129475
0.0126387	0.0346268
0.0785323	0.0422012
0.263255	0.0898223
-0.0190691	-0.113526
-0.267418	0.191499
-0.202729	-0.219265
0.330857	-0.050019
1.83621	0.418141
6.0035	1.69417
0.0177818	6.33563
-0.0269502	0.0137163
0.211087	-0.0398355
-0.112886	0.118226
-0.16512	-0.0409602
-0.606307	-0.122337
-0.591677	-0.567189
0.400666	-0.545058
-0.321444	0.378647
0.261164	-0.271251
-0.553022	0.408783
1.6016	-0.422771
4.67728	1.56706
-0.214461	4.54406
0.0211801	-0.272085
-0.0461651	0.0576559
-0.0844416	-0.0463987
-0.0856914	-0.0409716
-0.702452	0.0576916
-0.402994	-0.617204
0.243446	-0.530714
-0.230049	0.241748
0.190343	-0.0560282
-0.150334	0.554794
0.899672	-0.326501
5.2606	0.281984
0.146934	5.36256
0.0887481	0.0852299
-0.0231735	0.18457
0.0241662	0.0649531
-0.0442949	0.0146223
-0.0359554	-0.127008
-0.348823	0.0942645
0.109133	-0.312182
-0.415893	0.0811424
0.449816	-0.241876
0.203502	1.12211
0.822413	0.0721604
5.41919	0.841446
-0.202056	5.28082
-0.0306058	-0.123568
-0.177907	0.014585
0.0418302	0.0106819
-0.140601	0.183108
-0.0921567	-0.208734
0.00849856	-0.114547
0.0626657	-0.14831
-0.0624541	0.163723
0.0577624	-0.0965374
-0.947868	-0.0150367
1.25381	-0.69267
5.05223	1.71657
-0.0214927	5.35904
0.0620534	0.00288839
0.179034	-0.0506392
0.136061	0.102075
-0.243015	0.0881358
-0.41636	-0.151465
0.0625629	-0.418304
0.100467	0.0395281
-0.41336	0.147667
-0.139445	-0.400085
-0.230905	0.0618822
1.6583	-0.0157782
5.08546	0.779979
0.00387156	5.53034
0.0324358	-0.144685
-0.000370947	-0.002004
0.103421	0.0824215
0.0880536	-0.0432586
-0.261984	-0.165883
-0.0135878	-0.354269
0.151785	-0.140301
0.196471	0.180617
0.376061	-0.0187481
-0.180476	0.471709
1.89409	-0.154654
4.69677	1.92071
0.0504075	5.3125
-0.0743215	0.0989646
-0.10748	0.0203377
-0.106523	-0.0467461
0.000476255	-0.00400766
-0.267097	0.012078
-0.292215	-0.279276
0.468497	-0.385065
-0.161623	0.498295
0.078053	0.0921571
0.204624	0.606637
1.58941	0.0963875
4.46903	1.46992
0.0242448	4.56258
-0.0391051	-0.0176493
0.0309962	-0.0624076
-0.246593	-0.0278969
-0.113622	-0.287277
0.111865	-0.066024
-0.165658	0.113412
-0.0981688	-0.197453
-0.118417	-0.108618
-0.206178	-0.122755
0.564672	-0.334695
1.50783	0.60096
4.94235	1.52245
-0.097401	5.0886
-0.102061	0.0177645
0.0698292	-0.134936
-0.144832	0.0598663
-0.0523083	-0.10451
-0.0910849	-0.183468
-0.277823	-0.11918
0.232673	-0.00464225
-0.0979249	-0.0649326
-0.48893	0.214015
0.337232	-0.589322
-0.534863	0.288607
4.33001	-0.487213
-0.144629	4.18537
0.0926823	-0.073027
-0.0959403	0.0600119
-0.0018967	0.145214
-0.050189	-0.0282834
-0.138926	-0.0754268
-0.187924	-0.173931
0.219566	-0.272713
-0.00802804	0.234443
-0.504968	-0.0377047
0.0857022	-0.285795
-0.740544	-0.025187
4.47554	-0.859516
-0.13098	4.37382
0.192634	-0.105692
-0.204319	0.1023
-0.118073	-0.0611841
-0.144232	0.00152478
-0.0269578	0.0261436
-0.0979775	-0.0405221
-0.068817	-0.0827922
-0.203071	0.121113
-0.284773	-0.0678687
-0.767553	-0.31384
0.664978	-0.709219
3.01729	0.571198
-0.0326848	2.94391
0.06438	0.0762862
-0.0278327	-0.0224498
3.47789	1.0998
0.0226503	4.00131
0.00732378	-0.0596976
-0.0535227	-0.0663261
0.144663	-0.183737
-0.208333	0.108792
-0.0160162	-0.229535
-0.142583	0.0665355
0.242041	-0.126675
0.147381	0.393854
-0.103245	0.11003
0.0702991	0.393955
1.95955	0.305209
5.5234	1.93476
0.0668846	5.34801
-0.0274565	0.097058
-0.0499519	-0.00320446
-0.107688	0.0465725
-0.245586	0.00819641
-0.0553011	-0.0395807
-0.124583	0.101591
0.224514	-0.0159207
0.0142614	0.103424
0.105409	0.144143
-0.30383	0.148985
0.0247656	-0.548792
5.68957	0.643918
-0.160968	6.47067
-0.228745	0.0057236
-0.0053302	-0.225255
-0.103115	-0.0968191
-0.276696	-0.120532
-0.228508	-0.325632
-0.251912	-0.242949
-0.044191	-0.359025
-0.0702053	0.156277
0.36416	0.0763915
-0.229582	0.391939
0.757042	-0.295939
4.04766	1.01239
-0.0851588	3.9781
-0.205403	-0.10332
-0.1776	-0.0435274
0.0155014	-0.210416
-0.106514	-0.0699788
-0.382294	-0.130087
0.123335	-0.312871
0.0554162	0.236101
-0.586734	0.170924
0.12975	-0.621333
-0.450259	0.268795
2.16671	-0.559219
6.22668	2.20054
0.0718201	6.02529
0.175612	0.0419472
-0.100351	0.139174
-0.202841	-0.211193
0.0398876	-0.289011
0.06266	0.0711626
0.0945777	0.0244638
-0.0503345	-0.181571
0.292244	0.190704
0.114366	0.108054
-0.471231	0.276951
0.89219	-0.568784
5.93211	0.669156
0.0800642	5.83711
-0.00308125	0.0472393
-0.148879	-0.0946285
-0.166076	-0.120417
-0.0908675	-0.10219
-0.392988	-0.0215564
-0.377115	-0.435311
0.135636	-0.442285
-0.00942948	0.245582
0.652753	-0.0478521
-0.528714	0.167971
-0.0900978	-0.387138
5.73896	-0.157786
0.0457327	5.69129
0.0342022	-0.0994392
-0.00220482	0.142458
0.163433	0.0264427
-0.248347	-0.0759629
-0.117328	-0.0299935
-0.184471	-0.0638052
-0.068146	-0.128763
0.00522746	0.0203754
-0.087396	-0.141255
-0.0502243	-0.38605
1.61059	-0.222741
4.82395	1.41632
-0.0571924	5.38214
-0.133573	0.0165011
-0.311449	-0.20966
-0.0698313	-0.352327
-0.186041	-0.000151159
-0.0133134	-0.365584
-0.0510082	-0.128278
0.424612	-0.0370039
0.0971842	0.353213
0.964698	0.0482628
0.0217949	1.03032
0.336809	0.314918
5.99917	0.170349
-0.0358877	6.00575
-0.195097	-0.0399405
-0.186349	-0.201283
-0.00390895	-0.206797
-0.23801	0.0238646
-0.520127	-0.223954
-0.168774	-0.50082
0.12849	-0.249001
-0.0372979	0.214471
0.343399	-0.125609
-0.399474	0.273204
1.78357	-0.430885
5.9295	1.88994
0.242414	5.89039
0.165402	0.262518
-0.0955716	0.144021
0.0184072	-0.12471
-0.333213	0.00660462
-0.399839	-0.291407
0.125669	-0.399606
0.100872	0.0974132
-0.240866	0.119989
0.18935	-0.10739
-0.033028	0.238807
0.668774	-0.142879
5.33528	0.0320159
-0.0815588	4.95417
0.154326	0.0419051
-0.23573	0.219332
0.0561875	-0.167702
-0.111031	0.25064
0.000790015	-0.0397457
-0.00628777	-0.0102109
0.0788664	-0.0428354
0.052879	0.120205
-0.459952	0.0181539
-0.303144	-0.362196
-0.400236	-0.196644
4.62692	-0.333066
-0.0462567	4.60701
0.146695	0.167663
-0.0781563	0.0517366
0.103021	-0.210189
-0.0990158	0.0481749
0.108637	-0.039046
0.00648156	-0.0622955
0.183348	-0.160211
-0.0318158	-0.01783
-0.0734293	-0.0641378
-0.711459	-0.13041
0.739032	-0.865166
3.52761	0.730166
-0.0399126	3.42726
-0.022059	-0.0501484
0.0841792	-0.124926
0.0321943	-0.0948483
-0.206771	-0.0607314
3.80647	0.755702
-0.0353026	3.2533
0.0275297	0.010039
-0.147296	-0.0725488
0.0665351	0.000899407
-0.0645389	0.186102
0.0936633	0.0701043
-0.249567	-0.116037
0.0527403	-0.459359
-0.11419	-0.0904826
-0.088538	-0.112177
0.165938	-0.327631
1.41758	-0.011288
5.84066	1.47288
-0.0540601	5.32952
-0.150824	0.0405168
0.0617509	-0.225196
0.178203	0.0420692
-0.393561	0.170463
-0.347618	-0.270969
-0.542932	-0.286965
0.378292	-0.511898
-0.508475	0.281242
-0.441607	-0.524054
-0.849074	-0.473505
2.09167	-0.774986
6.00528	2.12338
0.131579	4.52487
0.091985	0.0957237
0.0160345	0.0249418
0.0382036	0.0535342
0.0497274	0.20403
-0.00958381	-0.0588679
-0.147037	-0.242248
-0.00775269	-0.0973133
-0.0482582	-0.00224437
-0.19894	0.113697
-0.794507	0.530996
1.86485	-1.03303
6.91508	1.81796
0.04284	6.84688
0.0425178	0.0378799
0.0606692	0.0533034
0.147956	-0.0154593
0.241808	0.0340788
-0.389053	0.175059
-0.129317	-0.0360801
0.0189687	-0.30364
-0.128229	0.262878
-0.368901	-0.106514
-0.681469	-0.323852
0.127283	-0.719845
5.11527	0.0224799
0.118769	5.30379
-0.0215291	-0.0334198
0.0682057	-0.0661559
-0.165208	0.0162997
-0.0654309	-0.401711
-0.0671672	0.0300908
-0.0946304	-0.377163
-0.0973781	-0.154953
0.108759	-0.0112396
0.840558	0.10105
-0.36043	0.725782
1.06878	-0.343711
6.13985	1.23812
-0.119175	5.71838
-0.14092	-0.18375
-0.124543	-0.127566
0.0265416	-0.175366
-0.220425	-0.0264368
-0.256427	-0.190758
-0.0903324	-0.371271
0.313581	-0.0592184
-0.315084	0.214413
-0.350882	-0.391806
-0.608486	-0.357878
1.94666	-0.618193
6.20783	1.97348
0.0374915	5.72846
0.10042	0.0228775
0.0216227	0.0423086
0.177609	0.0191348
-0.0265785	0.0545103
-0.137645	-0.141767
-0.0487213	-0.106292
0.0716538	0.0082
-0.000533965	0.118813
-0.316071	-0.198069
-1.1039	-0.112205
-0.200607	-0.968043
5.16205	0.149757
0.0772504	4.84123
0.128131	0.0658337
-0.11871	0.000547089
0.137642	-0.143823
-0.169431	0.0840686
-0.183015	-0.210384
0.00597655	-0.149154
-0.187387	-0.032086
-0.758459	-0.123797
-0.57747	-0.744161
0.0698114	-0.643826
1.4563	0.144887
6.53415	1.44916
-0.105969	6.58655
0.0313199	-0.0945533
0.163374	-0.100847
-0.0226861	0.193352
-0.237511	0.0316412
-0.291775	-0.190522
-0.393842	-0.230239
0.276795	-0.321622
0.0398107	0.276764
0.628154	-0.0159084
-0.0905167	0.626941
1.66336	-0.128267
3.79991	1.42147
-0.00350094	3.58858
-0.00963721	-0.0933414
0.18233	-0.0170549
0.0637883	0.263554
0.0610963	0.107953
-0.181806	0.0347725
0.099593	-0.151831
0.217049	0.187116
-0.548697	0.243736
-0.699026	-0.510512
-0.44349	-0.714452
1.38965	-0.408259
6.60484	1.50353
-0.0145216	6.54013
0.124866	0.024057
-0.04799	0.185486
0.0732543	-0.027337
-0.0536068	-0.0883746
-0.298659	-0.0832137
0.0240411	-0.320864
0.231883	-0.0309585
-0.520989	0.0410944
-0.450411	-0.508036
-0.728295	-0.268404
1.10508	-0.768279
7.17277	0.933987
0.047562	7.1486
0.0377349	0.0530231
0.153152	-0.0236678
-0.187963	0.116475
-0.262157	-0.225992
-0.240414	-0.275464
-0.345047	-0.181361
-0.022892	-0.336584
-0.191383	0.080213
0.502336	-0.0645966
-0.327726	0.633607
0.873516	-0.550688
7.01232	1.03601
0.107094	7.0231
0.0205487	0.0668827
0.0392508	0.0696949
0.260009	0.041175
0.123735	0.219133
-0.403554	0.131805
-0.663111	-0.325293
0.10963	-0.594957
0.272964	-0.00928571
0.918112	0.315483
0.0863691	1.08844
1.10328	0.0431444
5.37945	0.759933
-0.162274	5.35427
-0.121879	-0.115551
-0.2242	-0.086198
0.0265707	-0.205851
-0.382427	-0.011023
-0.209416	-0.319643
-0.24006	-0.340553
0.254284	-0.0926768
-0.29326	0.043691
1.11703	-0.159721
0.076373	0.719422
1.66907	0.0277297
5.11854	1.86035
-0.0148323	4.98804
-0.102732	0.00866367
-0.314905	-0.203248
-0.00122901	-0.256387
-0.144156	0.118979
-0.101292	-0.243792
0.153985	-0.108105
0.239402	-0.0613604
0.0985184	0.426037
0.18776	0.375858
-0.604816	0.644606
1.57648	-0.717586
5.82583	1.61838
0.0917108	5.51227
-0.00502738	-0.0327483
0.0987992	0.0276285
0.0838192	0.0431544
-0.145575	0.00543702
-0.28928	-0.0161806
-0.0155434	-0.25849
0.388645	0.0307877
-0.275797	0.412296
-0.172382	-0.212457
-0.0591929	-0.114794
1.55448	-0.0548451
3.85483	1.76274
-0.136521	3.72304
-0.0172901	-0.000736749
-0.0278071	-0.084083
0.201482	-0.00346891
0.0272912	0.124931
0.0214409	-0.000285441
-0.055514	0.115234
0.0510477	-0.316566
-0.191931	0.140096
-0.198375	-0.217255
-0.739916	-0.196785
0.921767	-0.87542
3.13511	0.896156
2.90948	0.833991
0.0349778	3.00083
-0.00957719	-0.0621621
0.0413791	-0.0815492
0.172792	0.21474
0.105891	0.161888
0.0306834	0.0557344
-0.266278	0.0544972
0.23618	0.103452
0.123613	0.158253
-0.185171	0.0829621
-0.808484	-0.105457
0.734813	-0.55496
5.39946	0.513244
-0.0130435	5.1846
-0.0431845	-0.183681
-0.148774	-0.0440576
-0.0498054	-0.288115
-0.265424	-0.082739
-0.128282	-0.284706
-0.125106	0.0907768
0.166808	-0.0518762
-0.151201	0.404771
-0.0696763	0.161794
-0.0243508	0.0483911
1.79205	-0.0458066
5.20704	1.47154
-0.0678028	4.97383
0.0243395	-0.065481
-0.245527	-0.0658071
-0.136071	-0.106138
-0.0413466	-0.0267798
-0.0173113	0.14412
0.0097604	0.0521274
0.134534	-0.0858423
0.188559	0.123892
-0.229945	-0.154912
0.0171395	-0.0443398
1.42282	0.0905064
5.97927	1.45358
-0.0499857	5.91806
-0.0630855	-0.152607
-0.200393	-0.108273
-0.228395	-0.110848
-0.0480553	-0.152769
-0.186804	-0.128933
-0.342386	-0.123873
0.136428	-0.207917
-0.673528	0.208059
-0.142615	-0.695204
0.00689984	-0.19806
1.41685	-0.104714
7.09098	1.32926
-0.0210342	7.35759
0.312329	0.0306139
0.103773	0.150537
0.208362	0.0937516
-0.0179258	0.124628
-0.62722	0.010734
-0.150984	-0.534319
0.149911	-0.217298
0.022369	0.186692
0.156647	-0.0182396
0.17877	0.218555
1.42119	0.0852603
4.9296	1.61519
-0.110396	4.70356
-0.0263887	-0.120308
0.00732144	-0.00599032
0.00401491	0.0101875
-0.222505	0.0438199
-0.341051	-0.20086
0.111227	-0.260134
0.075247	0.214168
-0.380189	0.175561
-0.194115	-0.540926
-0.789116	-0.290098
1.47631	-0.84894
7.02404	1.34038
-0.103097	7.13289
0.0152917	-0.0753637
0.107388	0.0284911
0.10684	0.0516909
0.164087	-0.113177
-0.232965	0.0907783
-0.17657	0.0269388
0.0658311	-0.330463
-0.2532	0.180719
1.11661	-0.304549
0.789879	0.902031
-0.0474443	0.926768
5.70406	-0.0576951
-0.172304	5.65245
-0.0728047	-0.153052
-0.280331	-0.00174447
-0.116013	-0.31289
-0.282033	-0.0769292
-0.329463	-0.353873
-0.0585789	-0.19419
0.0118198	-0.36069
0.018495	0.0623544
0.644788	-0.0198983
0.31028	0.697624
1.6373	0.245162
5.12553	1.51399
0.230161	6.08888
-0.069298	0.115767
0.0117072	-0.110481
0.113707	-0.0137669
0.0917315	0.0461251
-0.0651803	0.0614997
-0.389596	-0.0369572
0.486951	-0.307862
-0.192774	0.468571
-0.355402	-0.235844
-0.694011	-0.250371
1.54369	-0.679586
6.20578	1.60613
-0.0737988	5.90232
-0.226745	-0.108675
0.130223	-0.23467
0.208713	0.11737
0.245457	0.113188
-0.152638	0.259152
-0.314451	-0.161571
0.320399	-0.214712
-0.0592644	0.279963
-0.327708	-0.0403556
-0.537171	-0.404513
-0.127223	-0.590925
4.52278	0.0184137
0.0965828	4.87405
0.00306496	-0.0903703
-0.248818	0.130444
0.0802717	-0.103169
-0.220913	0.00906494
-0.222967	0.0455912
-0.337498	-0.104095
-0.0697767	-0.2678
-0.177719	0.232291
0.373966	0.0882382
-0.300025	0.309311
0.907183	-0.595466
3.13645	0.808391
-0.0624297	3.12879
0.0116093	0.00613511
0.00914073	0.0548776
0.134905	0.0593571
-0.0221148	0.0461033
-0.0874183	-0.044904
-0.0408147	0.0564286
0.275033	0.139285
0.13009	0.270744
0.486643	-0.229571
-0.212356	0.604648
1.98057	-0.385439
4.95479	1.90557
-0.0638156	5.11609
-0.0591181	-0.0348841
-0.221537	-0.0652835
-0.028927	-0.28299
0.0381158	0.0440366
-0.19501	0.131475
0.212461	-0.254188
0.28853	0.197842
-0.301558	0.29686
-0.632665	-0.299939
-0.870002	-0.445176
1.3691	-0.736693
6.67727	1.38159
-0.209626	6.26641
-0.185362	-0.149895
0.113873	-0.263331
-0.0441943	-0.00244914
-0.346022	-0.0183391
-0.162272	-0.250348
-0.126044	-0.179577
0.231496	-0.130395
-0.000256966	0.162848
0.399262	-0.104896
0.0124646	0.437149
1.5164	0.0779122
6.28292	1.54529
0.115008	6.15031
0.121275	0.0982483
-0.0480579	0.184794
-0.0866043	0.0191962
-0.0472087	0.112122
-0.592939	0.0515332
-0.113363	-0.57836
0.236649	-0.22172
-0.230326	0.265143
0.163939	-0.000635565
-0.140492	0.300917
1.68282	0.122323
4.86596	1.39307
-0.0593424	4.6612
-0.010974	0.0182652
-0.0650463	-0.0892845
-0.295755	-0.0435091
-0.193249	-0.374458
-0.303267	-0.281401
-0.0227948	-0.357319
0.155598	0.0101103
-0.334982	0.0675188
1.10046	-0.134464
0.08489	0.342743
1.13426	-0.112028
3.38878	1.13107
-0.120798	3.38733
-0.0552823	-0.0442756
0.0401006	-0.190628
-0.0453142	-0.0301744
-0.314286	-0.117676
-0.1285	-0.378647
-0.241907	-0.199988
0.00632062	-0.169391
-0.378983	-0.224581
0.13681	-0.38115
0.211696	0.172361
1.80133	-0.00322663
5.83872	1.64343
0.214964	5.7814
0.00952168	0.0223736
-0.0662516	0.0513998
-0.0919123	-0.0425606
-0.238956	-0.118605
-0.4572	-0.251429
-0.17113	-0.401572
-0.118539	0.00356652
-0.466076	0.00413387
-0.594089	-0.443411
-0.688256	-0.576129
1.61612	-0.77702
6.39441	1.57079
-0.0474547	6.34556
0.068189	-0.0900971
0.0522834	0.0646159
0.234241	0.0382898
0.285156	0.133586
-0.383521	0.239109
-0.626785	-0.224016
0.111616	-0.643679
0.282473	0.226422
0.614954	0.340462
-0.0278311	0.626671
1.36174	0.045079
4.55071	1.38323
-0.189043	4.26011
0.0282499	-0.166835
-0.00299118	-0.136886
-0.177097	-0.0389279
-0.142559	-0.172041
0.0459863	-0.134741
0.0322408	-0.157752
0.248088	0.0524034
0.243292	0.189833
0.578337	0.325665
-0.356571	0.356019
1.31324	-0.171084
3.48812	1.25874
-0.0516328	3.4487
0.0679015	-0.0405017
-0.00267007	-0.0682502
-0.0249055	-0.0474113
-0.0643142	-0.185759
-0.0243617	-0.0660767
-0.302683	-0.0640902
0.169473	-0.386013
-0.130843	0.214766
-0.226319	-0.0942258
-0.932978	-0.195609
0.420263	-0.82532
3.22471	0.751809
0.0331714	3.11068
-0.136266	-0.083717
-0.16394	-0.102784
0.0342748	-0.0938551
0.0347387	0.173884
0.105981	0.0403342
-0.203413	-0.219538
2.57035	0.797966
0.0138651	3.09531
0.0619857	0.174019
-0.0656292	0.0974808
0.111319	-0.0430823
0.0544945	0.0721293
0.0232202	0.0002143
-0.23794	-0.0439822
0.0988699	-0.103247
0.0151513	0.227754
0.133587	0.171636
-0.0727096	-0.134035
1.65297	-0.164922
6.45838	1.60303
-0.0481046	6.59606
0.1393	-0.0791926
0.0694958	0.175123
0.0886516	0.0457889
-0.0797595	0.0406639
-0.336531	-0.247111
0.153649	-0.289134
0.245182	-0.0251576
-0.175742	0.0323131
-0.2587	-0.20198
-0.356862	-0.189415
1.35392	-0.498884
4.00124	0.879915
0.17699	5.98708
0.0416788	0.189366
-0.0148386	0.0724269
0.185285	0.0542545
-0.232663	0.270371
-0.194372	-0.167978
0.00106335	-0.17448
-0.0577352	-0.0672431
-0.23189	-0.0968125
0.111886	-0.320687
-0.772813	0.206206
1.42675	-0.511614
6.17763	1.95561
0.0355466	5.47566
-0.0255747	0.0350657
0.0380094	-0.110747
0.273434	0.236275
0.0313191	0.333542
-0.277924	-0.125306
-0.056647	-0.270343
-0.0381484	-0.0769488
-0.226604	0.215917
-0.0495646	-0.0509941
-0.915393	0.112621
1.95954	-1.07103
6.71889	1.87464
0.0883004	6.76368
0.111989	0.0651711
0.0743219	0.0782518
0.134155	-0.0658372
-0.196322	0.103312
-0.26459	-0.224823
0.272417	-0.340722
0.122855	0.290198
-0.151669	0.0370684
-0.574025	-0.395218
-0.6198	-0.645025
1.42052	-0.732175
7.10656	1.27611
-0.074925	7.16369
0.0575659	-0.111044
0.110775	0.0412055
0.260716	0.0997356
0.167176	0.201762
-0.439449	0.0745022
-0.0418971	-0.501372
0.166556	-0.0395413
0.115008	0.00204421
0.248402	0.240519
-0.0525392	0.269836
1.55479	-0.378097
3.53447	1.34046
-0.0974741	3.55677
-0.133932	-0.119688
-0.104406	-0.129881
0.166661	-0.0925727
-0.0712739	0.21592
-0.562762	-0.0524288
-0.303985	-0.582774
0.0823496	-0.288745
-0.554403	0.146091
-0.0153201	-0.533739
-0.273746	0.0189917
2.21004	-0.144476
4.78275	2.15783
-0.0247332	5.39971
0.108457	0.0905428
-0.0176616	0.210547
0.0124776	0.0561322
-0.12313	0.0792876
-0.409515	-0.0997895
0.100331	-0.356264
0.0952686	0.0445017
-0.83142	0.135215
0.387839	-0.641441
-0.727753	0.344456
2.11151	-0.646602
4.4416	1.88209
0.110342	4.29045
0.0410846	0.0961117
-0.0572798	0.157049
0.0504629	-0.036955
0.0261995	-0.209989
-0.401099	0.0128891
-0.371729	-0.229915
0.00785553	-0.248144
-0.37728	0.192957
1.01885	-0.328792
0.755281	0.931295
0.0553162	0.748748
5.91369	0.105917
0.0100361	6.03614
-0.149592	0.0512602
-0.0619782	-0.240333
-0.0959046	0.0921954
-0.169715	-0.148896
-0.265163	-0.00854347
-0.612793	-0.345757
-0.00714032	-0.493443
-0.150239	-0.0941456
-0.190646	-0.073122
-0.905504	-0.169968
1.45952	-0.836312
6.26229	1.47597
0.119173	6.16235
0.0620805	0.150702
-0.016215	0.00508181
-0.124368	-0.046546
0.0462874	-0.0729763
-0.0703471	-0.189987
-0.242551	-0.0766312
0.208959	-0.14298
0.22873	0.132223
0.0928768	0.30019
-0.668929	-0.0196447
0.887496	-0.622689
3.37426	0.806037
-0.0453097	4.81141
0.0135078	-0.0654044
-0.102749	-0.0105176
-0.351021	0.0670242
-0.108901	-0.460745
0.0780107	0.207199
-0.406743	-0.294676
0.260143	-0.461254
-0.0458048	0.247819
0.313076	0.0526311
-0.539578	0.201906
1.67462	-0.467679
4.94678	1.81044
-0.112541	4.7809
-0.0575353	-0.136262
0.0355729	0.0161487
-0.128508	-0.0133355
-0.0597574	-0.0419017
0.0210581	-0.0575469
-0.114852	0.157958
0.378511	0.0474101
0.042984	0.431511
-0.116091	-0.0647292
-0.477346	-0.029207
1.02656	-0.580756
3.2699	0.819478
-0.112776	3.0052
-0.129301	0.0036165
-0.1059	-0.0754585
0.238845	-0.0322912
-0.0610377	0.159423
0.0958517	0.0167366
-0.144979	0.0678753
-0.18878	-0.157721
2.37616	1.10973
0.116412	3.03514
0.0985349	0.0571789
-0.049027	-0.11738
0.199752	-0.0488136
0.075655	0.151671
0.136684	0.168825
-0.0201715	0.0645787
0.041127	-0.0077405
0.0705933	0.033774
-0.223683	-0.0368272
-0.773839	-0.276277
1.08848	-0.248007
3.81226	1.77288
-0.0145029	4.82306
-0.0782146	-0.0641987
-0.0206395	-0.184077
0.138794	-0.198573
-0.205238	0.00600012
-0.183736	-0.0547098
-0.0551016	-0.206104
0.352371	-0.0909707
0.0587228	0.196645
0.432997	0.146389
0.381591	0.259337
1.90966	0.191039
3.32885	1.4942
-0.0195476	3.14726
-0.0052135	-0.0721939
-0.0616777	-0.107179
0.0500829	-0.0927505
0.183743	0.185715
0.0536233	0.102157
-0.245459	-0.223567
-0.0855465	0.064703
-0.458567	-0.0191306
-0.299763	-0.403746
-0.791606	-0.25947
1.93554	-0.46335
5.37288	1.96836
0.130951	5.39673
0.0342255	0.0640957
-0.136882	-0.127929
-0.0173472	-0.0555833
-0.0333639	0.143478
0.0259859	-0.0917907
-0.174965	0.0574338
0.188027	-0.236442
-0.210481	0.157283
-0.158574	-0.207268
-0.556975	-0.0928153
0.400041	-0.805859
5.20181	1.48013
0.152771	6.23622
0.0442586	0.138061
0.178697	0.101446
-0.188654	0.208647
-0.135289	-0.170068
-0.105357	-0.158698
-0.63987	-0.0955747
-0.179347	-0.651351
-0.0751824	-0.212944
0.575296	0.00344198
-0.0696585	0.748586
1.35098	0.0843224
3.98823	1.30625
0.13483	3.67422
0.199984	-0.0189738
0.229344	0.0874985
-0.195615	-0.0136646
-0.0884844	-0.0590542
-0.0242052	-0.199151
-0.220214	0.0867754
0.0793044	-0.244396
-0.206206	0.237685
-0.0308047	-0.0459988
-0.563472	-0.274237
-0.129029	-0.786506
3.45236	0.622458
0.081084	3.25681
0.07086	0.0248602
0.0494479	-0.0150193
-0.0703216	0.0897634
-0.0614783	-0.0831045
-0.00936091	-0.0360606
-0.211498	-0.135918
0.211724	-0.154241
0.33485	0.104416
0.464869	0.062054
-0.563982	0.380903
1.42966	-0.732703
6.80978	1.38254
0.0714213	6.82325
0.0758435	0.0447215
0.00574819	0.113729
0.0699016	0.00246426
0.128914	0.0217748
-0.72682	-0.0428073
-0.172481	-0.820082
0.444915	-0.194253
-0.274584	0.323509
0.0697813	-0.403356
-0.64091	-0.172171
1.67697	-0.556695
6.6852	1.66618
-0.100975	6.60196
0.156826	-0.0532705
0.078876	0.111174
0.155873	0.00721782
-0.108145	0.0636763
-0.188565	-0.124443
-0.0286478	-0.48907
0.151399	0.0460401
-0.363317	0.341595
-0.0606911	-0.662455
-0.73225	-0.1398
1.72893	-0.663989
6.35747	1.82203
-0.000626237	6.32025
0.151376	-0.031852
0.10137	0.0995988
0.11734	0.115412
0.00160993	0.13944
-0.37835	0.203371
-0.195458	-0.168967
0.386637	-0.185126
-0.136878	0.220467
-0.211317	-0.311046
-0.225828	-0.230266
0.542094	-0.287891
3.48553	0.910893
0.115808	3.17993
0.00184653	0.122241
0.0838659	0.0509489
0.0264164	-0.0834674
-0.105431	-0.00313182
-0.0209852	-0.158925
-0.245437	-0.191671
0.204103	-0.066325
-0.483682	0.0622657
-0.187331	-0.600677
-0.568494	-0.242196
1.85222	-0.404659
5.68579	2.00648
0.192285	5.51515
-0.0604307	0.1464
-0.196511	-0.0704829
0.15356	-0.186735
-0.217803	0.202148
-0.172323	-0.243812
-0.0690144	-0.0297866
0.0336959	-0.110313
-0.0775829	0.43259
-0.0448112	0.0415407
-0.290053	0.0782123
1.91435	-0.883865
6.13066	1.78015
0.0619145	6.15531
0.0842544	0.0244572
0.192158	0.0341495
0.278188	0.112033
-0.017375	0.276391
-0.337741	-0.00173057
-0.00132432	-0.319069
0.123958	-0.0557504
-0.114163	0.187799
-0.141289	-0.0928116
-0.813331	0.00754941
1.58878	-0.613402
4.83096	1.7118
0.0102552	4.26299
-0.175702	0.0714611
0.0428073	-0.163272
-0.135168	-0.0846527
-0.13017	-0.0123927
-0.209495	-0.155088
-0.231281	-0.398056
0.294927	-0.300678
0.172091	0.11368
0.560754	0.157433
0.261096	0.31872
1.56658	0.159124
3.38311	1.51834
-0.00826685	3.29421
0.0963597	-0.0264361
0.0530173	0.0119419
-0.0322168	-0.166791
-0.192693	-0.137192
-0.0869629	-0.0973113
-0.205352	-0.0962093
0.095211	-0.326157
-0.127323	0.0137272
-0.0819232	-0.0836894
-0.498399	-0.216104
-0.432698	-0.512575
4.38142	-0.0995862
-0.0997118	4.49457
0.252553	-0.0978225
-0.219865	0.160353
0.099987	-0.240686
-0.134907	0.103522
-0.186734	-0.21393
-0.228221	-0.370329
0.144464	-0.118127
-0.0588709	0.15435
-0.144101	-0.120584
-0.844193	-0.0679626
0.878797	-0.752043
2.99801	0.609654
-0.0985845	2.97072
0.0709762	0.0633047
0.157248	0.00962724
0.0363484	0.160821
0.0420515	0.0216552
0.0727995	0.0699943
-0.0765891	0.0202667
2.90347	0.787342
-0.0705377	3.09874
-0.077094	-0.0349426
0.0222323	-0.0742354
0.0538255	-0.0200926
0.0704918	0.269981
0.0490558	-0.162597
-0.185037	0.0635027
0.0373376	0.103878
-0.0302966	0.13056
-0.214793	0.0539754
-0.446751	-0.0581663
1.02879	-0.405318
3.32962	1.20714
-0.0498469	5.42994
-0.134822	0.0782181
0.0598248	-0.083855
0.01216	0.0835444
-0.0525224	-0.036869
-0.480457	0.0185834
-0.236764	-0.686084
0.284998	-0.178516
-0.509251	0.368352
-0.00861594	-0.385772
-0.653208	-0.307425
1.09343	-0.789505
7.67627	1.10037
-0.0907949	7.65019
-0.0385269	-0.112205
-0.00432972	-0.0843442
0.251244	-0.00767881
0.229611	0.169837
-0.31863	0.232346
-0.465404	-0.3762
0.377294	-0.451616
0.230176	0.154838
0.225479	0.328979
0.140882	0.173798
1.88182	0.144295
4.31572	1.64947
0.00489313	4.40348
-0.0755239	-0.0659777
-0.111756	-0.0217391
-0.0980467	-0.139839
-0.0840114	-0.0802093
0.0919705	0.0757157
-0.0785358	0.124551
0.179679	0.0565458
-0.008722	0.0930071
0.0649607	0.0437294
-0.493624	-0.155686
0.740834	-0.662335
3.13781	0.885097
-0.128851	3.30412
-0.101111	-0.0725424
-0.0448344	-0.0323435
0.0505463	-0.0235371
-0.0302271	0.0562191
-0.5951	0.0879771
-0.313777	-0.583401
0.285596	-0.275602
-0.406669	0.249246
-0.175878	-0.357124
-0.827643	-0.166995
1.50982	-0.672903
6.32132	1.62652
0.00820979	5.73075
-0.101855	-0.0752238
-0.0577092	-0.108916
0.232186	-0.0739004
0.217478	0.214837
-0.17399	0.0514915
-0.30918	-0.243985
0.30336	-0.191018
-0.216043	0.564976
0.0515569	-0.207967
0.16708	-0.00957557
1.4079	0.188627
5.19031	1.46195
-0.0855596	4.57891
-0.0180165	0.00195212
-0.169425	-0.059795
0.142036	-0.201582
-0.132284	-0.0524038
-0.134513	-0.159434
-0.335171	-0.195953
0.171017	-0.594949
-0.025818	0.495867
0.231233	-0.0267998
-0.559025	0.313845
1.19328	-0.32412
4.54396	0.0438566
-0.167278	5.89974
0.0830228	0.0277005
-0.0524527	0.120962
-0.0562419	-0.106079
-0.249744	0.0319877
-0.619039	-0.123887
-0.0605093	-0.650447
0.322546	0.0848078
-0.267938	0.478166
0.296255	-0.325033
0.0616066	0.33835
1.66726	0.0615698
5.66382	1.5438
-0.0118866	5.75831
0.161952	0.00574278
-0.124532	0.13512
-0.231745	-0.205006
-0.0309163	-0.194746
-0.430834	-0.0133126
-0.168619	-0.419811
0.206075	-0.20856
-0.722942	0.081393
0.0320628	-0.747914
-0.0827683	0.0655416
1.53977	-0.209816
6.52171	1.45795
0.193794	6.70897
0.207709	0.054493
0.0772619	0.207052
0.0837832	0.0433126
0.116512	0.013121
-0.329801	0.0993579
-0.575085	-0.288912
-0.11786	-0.585334
-0.302899	-0.119689
0.37293	-0.204243
-0.478499	0.446656
0.740364	-0.38666
6.79016	0.836114
0.00168817	6.46135
-0.116587	0.0134391
-0.0496735	-0.111274
-0.268934	0.100421
0.0106643	-0.264612
-0.123304	0.0353933
-0.283253	-0.20546
0.104434	-0.511204
-0.29731	-0.0409554
-0.0375608	-0.0965392
-0.54111	-0.178866
0.671264	-0.375758
3.43267	0.953468
-0.0518221	3.41741
-0.0227429	-0.0837564
0.0897441	0.0335663
-0.0228958	0.0502326
-0.00558514	-0.16827
0.0563328	-0.0475864
0.115467	-0.0738089
-0.16254	0.048954
-0.399483	-0.138796
-0.278629	-0.40118
-1.17203	-0.0952498
1.75939	-1.19673
6.72316	1.72496
0.0180797	5.25834
0.151902	0.0462637
-0.0608266	0.157432
-0.0693403	-0.0388874
-0.225843	-0.0490806
-0.357718	-0.224242
0.0739207	-0.345619
-0.0784608	0.0646753
-0.354799	-0.0944952
-0.380818	-0.281305
-0.559247	-0.346023
1.97613	-0.340881
5.55324	2.11401
0.141007	4.99692
-0.2515	0.0971622
-0.18344	-0.213417
0.0117768	-0.141597
-0.117457	0.0219311
-0.0800374	-0.0853752
0.062532	-0.161253
-0.44281	0.0707078
-0.152029	-0.425346
0.276861	-0.152408
-0.715482	0.185236
2.03598	-0.639903
5.3051	2.12594
0.00361348	4.968
-0.184374	-0.0691529
-0.251694	-0.199309
0.0636469	-0.199718
-0.106103	0.0874062
0.0629114	-0.155114
-0.023228	0.0144856
-0.0499165	0.0566756
-0.520302	0.0726507
-0.484786	-0.506477
-0.529307	-0.38874
1.66581	-0.701904
6.39368	1.61398
0.0252683	5.94032
0.154008	0.00121738
0.0395471	0.174744
-0.00562342	0.121229
-0.0937853	0.122819
-0.442363	-0.0464049
-0.155943	-0.476061
0.0514284	-0.193882
-0.36798	0.198134
0.16678	-0.25122
-0.106869	0.14068
1.39417	-0.387649
5.16479	1.06272
-0.00371419	5.57949
-0.00344168	0.0336307
-0.064704	0.0694734
-0.109152	-0.181804
-0.147611	-0.244057
-0.135895	-0.038789
-0.414517	-0.135835
-0.158384	-0.260307
-0.264956	-0.060425
0.309927	-0.129347
-0.640454	0.695114
0.250194	-0.671728
5.17242	1.3081
-0.0208161	5.9993
-0.164761	-0.0827784
-0.139248	-0.0214171
-0.122811	-0.195714
-0.279816	-0.0988607
-0.301017	-0.156641
0.0401082	-0.250185
-0.208414	0.0191479
-0.643086	-0.287492
0.0666717	-0.618168
0.354063	0.105085
1.79342	0.163809
5.62988	1.97509
0.111342	5.49043
-0.08562	0.0846737
-0.251446	-0.0696093
-0.204262	-0.0337282
-0.0866634	-0.178767
-0.226573	-0.0369308
-0.0713309	-0.218721
0.0193211	-0.0795482
0.158228	0.134303
0.322652	0.172165
0.0832393	0.366047
2.05121	0.0636569
4.74997	2.15455
-0.0252779	5.53612
-0.0322588	-0.01089
-0.019334	0.0159785
0.0325152	0.020667
-0.236922	0.103352
-0.021201	-0.21587
0.107376	-0.0746549
0.127925	0.112876
-0.342516	0.163982
-0.441452	-0.324823
-0.61859	-0.366099
1.28681	-0.622434
5.97959	1.30609
-0.140364	5.63232
-0.102319	-0.118386
0.0318197	-0.134774
-0.0114684	-0.00557754
-0.0975999	-0.079472
-0.231141	-0.0957695
-0.388445	-0.287982
0.282	-0.331461
-0.0213012	0.376487
-0.101642	-0.0572044
-0.476377	-0.248204
1.79692	-0.505492
5.43475	1.75952
-0.148945	5.19021
-0.114459	-0.122013
0.0820348	-0.125865
-0.125176	0.102975
-0.223369	-0.11855
0.0348424	-0.210992
-0.0824845	0.188061
0.247121	-0.063009
0.328054	0.548011
-0.150518	0.139374
-0.406195	-0.273002
1.27839	-0.46134
3.31787	1.16592
-0.0741444	3.36091
-0.0438493	0.0761947
0.0270631	-0.086743
0.215641	0.124283
0.114107	0.0583319
-0.107977	0.208352
-0.0958907	-0.0651318
-0.0623909	-0.0739482
-0.0310144	0.0181174
-0.231418	-0.11191
4.62067	-0.35162
0.137735	4.98731
-0.142888	0.00381946
0.0891939	-0.0561156
0.09618	0.00340782
0.153231	0.0711932
-0.536087	0.218661
-0.315469	-0.555401
0.457414	-0.293822
-0.0528188	0.567506
0.430956	0.284891
0.317692	0.406906
1.86968	0.169371
4.04636	1.48062
-0.0703997	3.93385
-0.0282318	-0.106679
-0.030396	0.0917484
0.0776472	-0.0244812
-0.0382273	-0.0309313
-0.0760091	0.0719099
-0.0956287	-0.154539
-0.02526	-0.0497029
0.139695	0.119492
0.0313745	0.0295054
-0.73668	-0.13133
1.05549	-0.531368
3.69075	0.599334
-0.0374338	5.20249
0.0796232	-0.0440742
0.0759706	0.0689791
0.142752	0.0592636
-0.269296	0.175146
-0.21563	-0.357417
0.0149929	-0.372805
-0.0228614	0.0540664
-0.471252	0.244459
0.196718	-0.553817
-0.847469	0.148547
2.23468	-0.866825
5.52656	2.37142
0.0679143	4.63667
-0.0129587	0.0402765
-0.202345	-0.175727
-0.0141138	-0.197219
-0.401045	0.013632
-0.400623	-0.364587
0.0113293	-0.460637
-0.0766379	0.0298023
0.289446	-0.0717644
0.0137922	-0.0760905
-0.848429	0.110011
0.557764	-0.857315
7.46088	0.464741
0.0315095	7.41509
0.162378	0.0251897
0.102936	0.0850137
-0.214035	0.0992473
0.0514628	-0.224468
-0.400346	0.0667646
-0.223849	-0.0439246
0.256805	-0.0684228
-0.0950001	0.0419822
0.254462	0.0438092
-0.498141	0.177859
0.963598	-0.483815
3.53676	1.02948
0.151849	3.64512
0.233852	0.123542
0.0288775	0.13182
-0.0753153	0.0306212
-0.113118	-0.185324
-0.546158	0.00246583
-0.512449	-0.633174
0.406248	-0.592069
-0.290002	0.25629
0.0966116	-0.357982
-1.08125	0.116433
1.28443	-1.17936
7.43993	1.18674
-0.0384721	7.30894
-0.0484647	-0.0350879
-0.0841413	-0.0406956
0.0675832	-0.0892548
0.0195115	-0.0369059
-0.449441	-0.290788
-0.162902	-0.433167
0.24775	-0.1649
0.232773	0.144935
0.348512	0.328449
0.0628006	0.271279
1.18273	-0.433861
3.50166	0.981225
-0.0885025	4.00494
-0.0643826	0.0635854
-0.137979	-0.0778096
0.177462	0.00969104
-0.316001	0.2139
-0.310675	-0.278162
0.00813079	-0.200641
-0.15716	0.0914918
-0.420703	-0.148659
-0.539533	-0.521681
-0.506867	-0.530208
1.5051	-0.346995
6.34515	1.7291
0.0892003	6.14287
0.125615	0.0839318
-0.204815	0.0935519
-0.12954	-0.146291
-0.0976173	0.0616101
-0.478571	-0.0883156
0.00416644	-0.445705
0.0662139	0.0224263
-0.56811	0.0933524
0.0756223	-0.523089
-0.74478	0.305286
1.51895	-0.361753
5.86361	1.76806
0.0379779	6.03919
0.130904	-0.00958643
-0.0507901	0.0885467
0.0103558	0.0376263
-0.0605897	0.0613948
-0.695349	-0.0556202
-0.213524	-0.393648
0.266575	-0.322951
-0.144	0.165623
0.690066	-0.159504
-0.690087	0.781136
0.851959	-0.569625
6.76186	0.775797
-0.0481996	6.71014
0.0700136	-0.0826554
-0.0212279	0.00190142
-0.207444	-0.0169953
-0.195034	-0.22316
-0.381847	-0.173229
-0.220063	-0.478083
0.189968	-0.227333
0.147371	0.12236
0.577617	0.23494
-0.272618	0.37546
1.75722	-0.588112
5.50819	1.80441
0.133141	5.79229
0.0526194	0.119053
-0.183879	0.010505
-0.266348	-0.234009
-0.20471	-0.208278
-0.278874	-0.19225
0.0901776	-0.299962
0.0464841	0.0677851
-0.389989	0.176204
-0.355029	-0.354909
-0.689873	-0.332528
1.93161	-0.844119
5.75094	1.83825
-0.0290695	5.60695
0.100779	-0.0763089
0.0698706	0.111281
0.194821	0.0727903
0.0628446	0.133036
-0.440462	0.081873
-0.20408	-0.368591
0.357262	-0.213039
-0.0833346	0.51754
-0.0771849	-0.0774414
-0.645285	0.0686182
0.369393	-0.651084
4.66475	0.169777
0.0363225	4.66773
-0.00613769	0.135144
-0.0483178	0.0683976
-0.0433262	-0.0738928
-0.0108138	0.0125789
-0.231183	-0.127728
-0.314865	-0.262958
-0.0457598	-0.208694
-0.0887523	-0.0720084
-0.247578	-0.068006
-0.933008	-0.249902
0.364122	-0.81729
4.48627	0.49091
0.00692358	4.2922
-0.0305747	-0.0731543
0.00137243	-0.00653733
-0.0157335	0.0778819
0.00498508	-0.0288652
-0.214837	-0.0252845
-0.225506	-0.0867024
0.148168	-0.19271
-0.0533225	0.0586945
-0.289103	-0.213305
-0.734966	-0.228569
0.870178	-0.897333
3.20092	0.791577
0.201146	3.14558
-0.0689633	0.139713
0.173891	0.0809601
0.0479899	0.0237119
2.64508	1.04366
-0.00287425	3.17299
-0.0541171	0.00873997
-0.187722	-0.11467
0.0606021	-0.10892
-0.00143295	0.0381578
-0.0970423	-0.0820866
-0.212043	-0.130497
-0.151595	0.143556
-0.624451	-0.15565
-0.340019	-0.583361
-0.649169	-0.464428
1.48344	-0.644737
7.3796	1.32679
0.0101479	7.17144
0.27257	0.0503773
-0.0615471	0.155748
-0.13761	-0.0816044
-0.14388	-0.134486
-0.383377	-0.124342
-0.0572788	-0.368895
0.102082	0.0205817
-0.351481	0.0256988
-0.330228	-0.305921
-0.856898	-0.17765
1.35318	-0.97452
6.97376	1.40704
0.0723731	6.70193
0.0513514	0.0806049
-0.103331	-0.0177935
0.11079	-0.143839
0.00129325	0.0624244
-0.628242	0.0069509
-0.329498	-0.569411
0.143277	-0.341636
0.022806	0.0707941
1.02483	-0.0227883
-0.484797	1.10992
0.856566	-0.47898
5.26321	1.28511
-0.083318	6.08775
-0.0588704	-0.206949
-0.0651331	-0.193326
-0.177128	-0.140528
-0.235362	-0.150012
-0.37254	-0.254803
-0.282428	-0.395157
0.158569	-0.230552
-0.351134	0.174628
0.875525	-0.203987
0.412376	1.09921
1.67955	0.337165
5.0755	2.01311
0.105693	5.08825
-0.0256224	0.0550019
-0.00662771	-0.156765
-0.244217	-0.00452362
-0.192539	0.0395516
-0.0253619	-0.0812356
0.0473739	0.0169426
0.453495	0.0905896
-0.0359735	0.295914
0.0706845	-0.25938
-0.479231	-0.149273
0.475779	-0.287946
4.22316	0.59678
-0.158107	3.65644
-0.103886	-0.0975129
0.00598681	-0.0566003
-0.110201	-0.194303
-0.281042	-0.115539
-0.398153	-0.302293
0.0319537	-0.469088
0.176649	-0.0174572
-0.537311	0.171129
0.124783	-0.402321
-0.783157	0.195689
1.8528	-0.6222
5.41642	1.83155
-0.141089	5.58245
0.0332436	0.00291235
-0.0296365	0.124778
-0.0903447	0.0257205
-0.0330955	-0.0745509
-0.29183	-0.0963203
-0.208706	-0.0974963
0.0710445	-0.13148
-0.177459	0.0519253
-0.282512	-0.0933865
-0.618207	0.0256657
0.280207	-0.533194
5.35702	0.452353
0.0655294	5.23066
-0.188906	-0.0286645
-0.0256479	-0.340007
-0.0867082	-0.175507
-0.363122	-0.0258807
-0.318709	-0.375809
-0.317317	-0.334569
0.0748929	-0.273037
-0.212515	0.0983836
0.581675	0.0696502
0.670509	0.494541
1.60282	0.453781
4.02027	1.5402
0.0854174	4.545
-0.0655456	0.0376213
-0.141052	-0.0141922
-0.0485825	-0.0818625
-0.140491	-0.0535021
-0.0285636	-0.167324
-0.286488	-0.0781072
0.329214	-0.44007
-0.201046	0.359843
0.0594536	-0.340868
-0.65995	-0.150307
1.56404	-0.821734
6.89858	1.65108
-0.222264	6.74773
0.0897094	-0.21724
0.0456054	0.0725995
-0.00647092	-0.0632191
-0.228835	0.0191147
-0.335934	-0.208223
0.0848718	-0.266776
0.00169148	0.116919
-0.271082	0.0474361
0.495128	-0.171939
-0.0312277	0.493559
2.14676	0.0119305
5.57111	1.57602
0.108788	6.74949
0.212455	0.128616
0.115495	0.22702
0.139608	0.0855865
0.0425	0.16363
-0.492957	0.119399
-0.152431	-0.379842
0.492285	-0.375545
-0.00820638	0.613207
-0.0505526	0.187281
-0.467926	-0.0960295
0.332286	-0.338167
3.82619	0.740575
0.0689929	3.45659
0.0635881	0.0439136
0.125503	0.040244
0.198892	0.13401
-0.118715	0.323324
-0.147354	-0.221867
-0.148653	-0.0704427
-0.22577	-0.111945
-0.0783548	-0.218918
0.51605	0.051072
0.0533742	1.23913
0.936596	0.276929
5.59476	0.410533
0.0193431	5.68795
-0.295175	0.018977
-0.13477	-0.30106
-0.122369	-0.0566979
-0.290752	-0.153976
-0.147886	-0.136268
-0.141187	-0.194358
0.435235	-0.142284
0.0176702	0.473199
0.281242	0.309039
-0.227358	0.239449
0.0618552	-0.146422
5.13694	0.575151
-0.0124181	4.98157
-0.115162	-0.0132184
-0.0607951	-0.0678725
0.0520401	-0.106707
-0.151197	0.200172
0.173946	0.0150489
0.0413725	0.130082
0.325266	0.135967
-0.123587	0.0636119
-0.0842718	-0.216752
-0.639926	-0.340029
1.66347	-0.613207
7.20008	1.48437
0.0696521	7.21733
0.0952784	0.129675
0.164277	0.107692
0.0826663	0.000967387
-0.268038	0.0539962
-0.524135	-0.267026
0.0805808	-0.531054
0.109855	0.10011
-0.0223779	0.290665
0.0878536	-0.0662582
-0.0683361	0.165689
1.98849	-0.254193
4.98079	1.85812
-0.04194	4.96081
-0.142351	-0.0649691
-0.0905188	-0.140734
0.0416361	-0.111293
0.113094	-0.0454974
-0.164113	0.165236
-0.385166	-0.0602019
-0.113487	-0.373022
-0.42158	-0.112189
0.573924	-0.415571
-0.0978952	0.550833
0.227	-0.0221899
6.6964	0.238801
-0.194254	6.45434
-0.100523	-0.172738
-0.133593	-0.104784
-0.125211	-0.091632
-0.502977	-0.110055
0.00585292	-0.49174
-0.115476	0.0955982
-0.0670507	-0.333169
0.34951	0.0299965
0.853472	0.182651
0.20485	0.367865
0.54072	0.0455526
5.28229	0.728659
-0.0545177	5.25272
-0.225009	-0.124587
0.0972987	-0.325706
-0.237417	-0.000950232
-0.323067	-0.185764
-0.269388	-0.333119
-0.13272	-0.298657
0.315827	-0.106722
-0.107781	0.199614
0.414196	-0.0596609
0.112928	0.327103
1.84415	-0.152948
4.55178	1.9663
-0.0265381	4.81926
0.060161	0.00729152
-0.131238	-0.0228696
-0.202479	-0.136853
-0.2565	-0.295383
-0.411768	-0.358041
0.29243	-0.532031
0.300543	0.279642
-0.613127	0.247732
-0.0772357	-0.735128
-0.472785	-0.504842
1.38304	-0.471518
6.80073	1.36093
-0.0892747	6.82239
0.167472	-0.0830212
-0.0308487	0.157644
0.0264844	-0.0562921
0.0334475	0.0382601
-0.198015	0.0548769
0.126073	-0.214248
-0.0256234	0.116219
-0.812049	0.00974541
-0.227103	-0.689838
0.256843	-0.104466
2.00693	0.347273
4.38494	2.08762
-0.0110131	4.37852
-0.014363	-0.0300414
0.107142	0.0406884
-0.257862	0.149589
-0.0276473	-0.0645689
-0.219544	-0.155072
-0.0606725	-0.117003
0.136657	-0.114452
0.08794	0.281409
0.0992152	0.061692
-0.166077	0.191725
0.819159	-0.0327011
4.39932	0.189687
-0.03938	4.61536
-0.0814461	0.130792
0.000486234	-0.0286529
0.0580304	-0.120943
-0.256997	0.0995215
-0.231125	-0.333343
-0.327446	-0.1053
0.170333	-0.323929
-0.293369	0.00992888
-0.0871422	-0.215971
-0.191058	-0.0210634
-0.505978	-0.387449
4.88783	-0.303101
0.018954	4.78201
0.0260029	0.0218649
-0.0887306	-0.0839334
0.119031	0.0135708
-0.291287	0.0765235
0.107928	-0.0917437
-0.264065	-0.176409
0.0835311	-0.225748
-0.0694174	-0.0625967
-0.262494	-0.0953674
-0.933256	-0.313283
0.511561	-0.671239
2.94104	0.843531
0.223809	3.13065
-0.0287524	0.0842048
-0.0495036	-0.0816702
