0.412059	-0.742901
0.703265	-0.756444
0.72345	-0.706782
0.56945	-0.77702
0.61333	-0.871035
0.728211	-0.578287
0.833633	-0.712696
0.599288	-0.488366
0.545278	-0.616552
0.702233	-0.79844
0.529078	-0.844302
0.568252	-0.822276
0.678919	-0.881401
0.736683	-0.850786
0.671513	-0.642824
1.85898	-0.100245
2.04634	-0.216364
1.97339	0.188216
2.18661	-0.231905
2.14897	-0.169881
1.96545	-0.132767
1.96212	-0.196069
1.86973	-0.179268
2.05733	-0.453771
1.98387	-0.412785
1.94282	-0.337655
1.96741	-0.485066
1.99016	-0.577412
1.98702	-0.681032
2.01869	-0.713387
2.08704	-0.807427
1.97033	-0.804728
2.01005	-0.858976
1.85578	-0.803555
1.86686	-0.825861
1.85136	-0.837768
1.52854	-0.664555
1.65062	-0.747717
1.48398	-0.879231
1.33314	-0.951657
1.27175	-0.920421
1.43939	-1.01219
1.40279	-1.06034
1.15858	-0.8558
1.32575	-0.839445
1.26758	-0.647023
1.20101	-0.515385
0.857943	-0.368468
0.574552	-0.642021
0.79488	-0.841824
0.568374	-0.666621
0.102551	-0.458588
-0.0585463	-0.396847
-0.0588684	-0.360527
0.134188	-0.426782
0.288337	-0.483084
0.501377	-0.563338
0.843324	-0.704144
1.26609	-0.371992
1.3748	0.0301723
1.47665	-0.0606022
1.62059	-0.235721
1.68368	-0.416579
1.77817	-0.496338
1.70966	-0.521454
1.73203	-0.705222
1.74889	-0.696756
1.54156	-0.673757
1.59208	-0.598252
1.68334	-0.593197
1.56168	-0.52526
1.45909	-0.491084
1.44839	-0.497924
1.24385	-0.454774
1.07988	-0.428518
0.943384	-0.117733
0.764619	0.0732725
0.425737	0.370932
0.392717	0.399127
0.477711	0.15378
0.54317	0.0186211
0.560616	0.0211603
0.903158	0.010569
1.02878	-0.00542965
0.95356	0.011331
0.965351	-0.167928
1.10006	-0.441261
1.2347	-0.579593
1.44224	-0.527615
1.8275	-0.330985
1.84806	-0.107406
1.95042	0.0721476
1.95559	0.0956945
1.83612	0.316551
1.09061	0.294388
0.914764	0.115925
0.743212	-0.0527417
-0.296286	-0.270465
0.0706184	-0.209961
-0.129859	0.042277
-0.139337	-0.165797
0.48408	-0.415801
0.510172	-0.54408
0.831521	-0.639478
0.990174	-0.392321
1.94687	-0.393968
2.08896	-0.397398
1.87701	-0.419021
0.467786	-0.492668
0.941118	-0.542919
1.5819	-0.547201
1.87999	-0.657054
2.04442	-0.515588
1.9642	-0.111952
1.79555	0.0755735
1.39289	-0.038189
1.16157	-0.250848
0.713775	-0.423347
0.268863	-0.411183
-0.0836987	-0.204338
-0.440783	-0.0570283
-0.82153	0.0666848
-0.892829	-0.280379
-1.33917	0.0247204
-1.00075	-0.38721
-0.633688	-0.614659
-0.558802	-0.76615
-0.03235	-0.708422
0.0501166	-0.66643
0.473784	-0.759795
0.627836	-0.829915
0.33455	-0.892317
0.66834	-0.81059
0.553147	-0.682388
0.728198	-0.66216
0.652339	-0.532485
0.697599	-0.250051
1.18503	-0.351065
1.28673	-0.699247
1.31189	-0.873017
1.30788	-0.614905
1.47108	-0.0695376
0.154786	-0.533994
0.774236	-0.459511
1.22323	-0.622745
1.2104	-0.52343
1.25629	-0.620852
1.30987	-0.672825
1.40887	-0.739881
1.42302	-0.741088
1.21502	-0.473545
1.26312	-0.370778
1.5868	-0.386003
1.67121	-0.362178
1.85671	-0.449593
1.99723	-0.283118
2.04243	-0.0742186
2.04045	-0.205327
2.19222	-0.107389
2.26922	0.0831491
1.89883	0.212238
1.79664	-0.00514595
1.59997	-0.00104928
1.66346	0.0595129
1.64413	-0.204849
1.58774	-0.35117
1.41256	-0.204882
0.82356	-0.426379
0.300728	-0.680693
0.912612	-0.517584
1.04267	-0.507994
1.1649	-0.694003
1.09961	-0.655187
1.04152	-0.699852
1.47651	-0.133716
1.68402	0.0497126
1.7144	-0.241223
1.71213	-0.367458
1.97079	-0.266236
1.57185	-0.240536
2.01356	-0.09156
2.34845	-0.683964
1.75178	-0.566346
1.47862	-0.685141
1.57631	-0.417445
2.15665	-0.152753
1.94862	-0.110983
1.93191	-0.0354524
1.71395	-0.352654
1.53715	-0.214418
1.4851	-0.331735
1.27643	-0.387521
1.24079	-0.43299
1.21071	-0.56255
1.07802	-0.680717
0.826717	-0.820318
0.651608	-0.822141
0.518978	-0.924548
0.552852	-1.03977
0.617023	-0.780368
0.594955	-0.980277
0.524836	-0.825973
0.51334	-0.800561
0.61567	-0.812065
0.508214	-0.893545
0.695468	-0.398566
-0.138069	-0.607102
0.0557989	-0.79932
0.715671	-0.902259
0.588775	-1.00166
0.665077	-0.83988
0.675649	-0.542827
0.706996	-0.643187
0.655977	-0.76453
0.424277	-0.922427
0.327406	-0.892389
0.531805	-0.768825
0.326625	-1.04303
0.457538	-0.623238
1.47297	-0.599962
1.35275	-0.352582
1.32558	-0.110179
0.951849	0.102442
1.29671	-0.12536
1.51135	-0.281469
1.43395	-0.452983
1.47409	-0.499005
1.41865	-0.613579
1.50254	-0.698312
1.35317	-0.62745
1.31563	-0.656397
1.37628	-0.675167
1.2949	-0.688916
1.16866	-0.569125
1.19119	-0.553564
1.19426	-0.663911
1.18375	-0.708206
1.17153	-0.734728
1.12209	-0.69462
0.859452	-0.622183
0.521522	-0.497224
0.495982	-0.591046
0.415482	-0.63808
0.445902	-0.74761
0.558708	-0.844721
0.758647	-0.773688
1.00401	-0.576726
1.1679	-0.273106
1.30367	-0.0452696
1.4483	-0.0141754
1.41206	0.0305957
1.53758	-0.199997
2.03469	-0.481972
2.29754	-0.396179
1.661	-0.300738
1.43038	-0.77211
1.81399	-0.467548
2.11075	-0.57631
1.58743	-0.39241
1.70176	-0.548486
1.76699	-0.838145
1.49566	-0.896697
1.36011	-0.892209
1.19021	-0.854434
1.03747	-0.888283
1.08854	-0.941012
0.988716	-0.827731
0.997715	-0.813788
1.0677	-0.806901
1.10358	-0.800327
1.20672	-0.772214
1.36591	-0.817627
1.53509	-0.873314
1.4965	-0.707698
1.43647	-0.595403
1.4235	-0.64706
1.37155	-0.720121
1.51278	-0.963726
1.51552	-0.981656
1.5433	-0.956897
1.60196	-0.995993
1.65241	-1.01391
1.61435	-1.02341
1.53012	-1.00856
1.62287	-0.689374
1.29978	-0.661405
1.28217	-0.695799
1.41754	-0.810301
1.57565	-0.940576
1.56219	-0.928017
1.79712	-0.886107
1.83258	-0.768412
1.79459	-0.667886
1.81993	-0.350785
1.95369	-0.313595
1.76773	-0.458209
1.84295	-0.45276
1.41009	-0.168411
1.05144	-0.397763
1.04288	-0.615574
0.892021	-0.663733
0.575176	-0.948662
0.573753	-1.08776
0.527271	-0.622446
1.70377	-0.990604
1.43112	-0.878621
1.87234	-0.651065
2.286	-1.05263
2.32098	-0.156447
1.80948	-0.203501
1.52835	-0.177749
1.63434	-0.175591
1.06783	-0.465366
0.755248	-0.962617
1.09636	-0.579852
1.41027	-0.35421
1.87653	-0.226313
1.28184	-0.223117
1.26621	-0.189975
1.31981	-0.156026
1.50188	-0.11556
1.57321	-0.109564
1.52187	-0.120774
1.24618	-0.0917477
1.18601	-0.222158
0.623309	-0.844796
0.585738	-0.829937
0.865613	-0.650319
1.14455	-0.666521
1.79837	-0.444471
1.67592	-0.0957388
1.79346	-0.488602
1.47818	0.100475
1.25527	0.0540516
0.459319	0.324623
-0.211772	-0.00410821
-0.452514	-0.20111
-0.838141	-0.192838
-1.20983	-0.311531
-1.18718	-0.239765
-1.22246	-0.468311
-0.922382	-0.557738
-0.674366	-0.517027
-0.258163	-0.293086
1.22808	-0.237524
1.03926	-0.0935181
1.04628	-0.590827
1.29417	-0.246489
1.12425	-0.39374
1.31184	0.138862
0.518072	0.443847
-0.137919	0.383261
-0.389639	-0.126289
-0.0467655	-0.391892
0.120786	-0.555422
0.356387	-0.771848
0.320679	-0.625995
0.239568	-0.508783
0.345116	-0.525102
0.896828	-0.542073
0.586718	-0.688702
0.769147	-0.673417
1.95327	-0.466723
2.25364	-0.581081
2.42715	-0.578359
2.30631	-0.924152
1.73631	-0.884405
1.79885	-0.787831
1.85447	-0.637736
1.66441	-0.368992
1.37279	-0.147136
1.08919	0.105468
0.881613	0.109243
0.828814	-0.127291
1.41454	-0.406881
1.85698	-0.333226
2.09963	-0.473111
1.91063	-0.320167
1.76922	-0.246384
1.82631	-0.253028
1.68534	-0.0698626
1.60596	0.114846
1.43038	-0.132308
1.33427	-0.126828
1.13317	-0.277423
0.978048	-0.867599
0.945244	-0.905001
0.733247	-1.03344
1.0896	-0.523648
1.86146	-0.099129
2.04227	-0.395855
1.98585	-0.329719
2.09649	-0.431026
2.11819	-0.378176
1.88196	-0.222369
1.50405	-0.228468
1.66123	-0.242641
1.45069	0.223505
1.16693	0.157887
1.18165	-0.210413
1.00988	-0.558293
0.950608	-0.751366
1.01619	-0.592172
0.867528	-0.706149
1.24915	-0.819818
1.01173	-0.425447
1.69526	-0.623884
2.00276	-0.645022
2.03206	-0.827646
1.74546	-0.769069
1.75544	-0.867455
1.6035	-0.7802
1.64143	-0.774729
1.71058	-0.752183
1.86087	-0.741198
1.97308	-0.68908
1.83382	-0.701225
1.84615	-0.716324
1.81442	-0.399172
1.92891	-0.279642
1.80411	-0.0188635
2.01103	-0.107764
1.88073	-0.0181084
1.68775	-0.0423653
1.50767	0.0467948
1.47426	-0.120809
1.20979	-0.469901
1.11597	-0.279337
1.16406	-0.162434
1.15348	-0.266112
0.421962	-0.771049
0.495717	-0.922276
0.60031	-0.884772
0.530125	-0.745699
0.350512	-0.80621
0.598885	-0.819506
0.483006	-0.820103
0.671717	-0.742716
0.793567	-0.592828
0.703931	-0.785253
0.518892	-0.692757
0.501729	-0.345706
0.852699	-0.352091
1.0795	-0.580106
1.11462	-0.4074
1.17072	-0.280379
1.07582	-0.0825855
0.62376	0.123654
0.299405	0.115836
0.281724	-0.15061
-0.167478	-0.301654
-0.172432	-0.375294
-0.375556	-0.50393
-0.278342	-0.770192
-0.131591	-0.709008
-0.0410566	-0.637114
-0.0019965	-0.614555
0.0624319	-0.509519
0.073545	-0.753795
0.12374	-0.776278
0.493455	-0.773213
1.38205	-0.233355
2.02162	-0.271288
1.86552	-0.355626
1.94127	-0.453629
1.93071	-0.308909
2.01009	-0.108381
1.94172	0.0899217
0.799394	0.201876
0.0528437	0.142613
-0.207638	-0.228819
-0.4543	-0.306888
-0.587176	-0.0679057
-0.522408	-0.333887
-0.0393281	-0.312686
0.939309	0.11633
1.18105	-0.224356
1.25915	-0.540997
1.03746	-0.414566
1.36302	-0.455898
1.55773	-0.86674
1.68069	-0.896002
1.87437	-0.802056
1.80998	-0.669672
1.70529	-0.343365
1.78372	-0.249039
1.81344	-0.239506
1.85496	-0.546598
1.94548	-0.620078
1.91991	-0.548727
1.84569	-0.348269
1.91872	-0.272101
1.86992	-0.0213182
1.84618	0.251122
1.8434	0.118057
1.36941	-0.138759
1.23147	-0.0473309
1.38586	-0.224784
1.57358	0.144709
1.73527	0.000127553
2.2089	-0.102225
2.38363	-0.2588
2.28146	-0.27178
2.04323	-0.0479485
1.96369	0.0769944
1.96278	0.16927
2.14989	0.151282
1.89352	0.191286
1.66015	-0.0151075
0.774107	-0.469043
0.38676	-0.813573
0.169423	-1.07013
0.0849537	-1.10964
-0.100162	-1.12277
-0.0583745	-1.22484
-0.150465	-1.07686
0.425145	-0.906557
0.538758	-1.02383
0.898954	-0.823769
1.00778	-0.54554
1.08331	-0.594773
1.14543	-0.649676
1.06245	-0.601093
1.25627	-0.501397
1.52581	-0.378022
1.7183	-0.155035
1.85057	0.176949
2.02249	0.14699
1.90832	0.208573
2.17068	0.339088
2.00157	0.225991
1.8798	0.356505
1.85707	0.138122
1.84221	-0.0970732
1.81416	-0.479852
1.68566	-0.665857
1.52701	-0.269102
0.956414	-0.439571
0.373782	-0.648726
0.698444	-0.529224
1.87712	-0.564027
1.77003	-0.576177
1.7264	-0.658459
1.55775	-0.900922
1.69919	-0.982654
1.56723	-1.09809
1.43185	-1.03303
1.28444	-0.994997
1.1648	-0.92974
0.902522	-0.792558
0.49359	-0.492987
0.239288	-0.345197
0.0957823	-0.264396
0.176213	-0.405328
0.522443	-0.462668
0.864815	-0.483607
1.03688	-0.481638
1.01751	-0.277497
1.10957	-0.25805
1.27741	-0.280214
1.31801	-0.305282
1.29097	-0.16302
1.38426	-0.355184
1.20495	-0.252625
0.697994	-0.0358382
0.0776761	-0.282221
-0.411493	-0.368518
-0.741442	-0.415568
-0.720807	-0.292517
-0.884442	-0.271512
-0.928379	-0.398627
-0.996078	-0.202838
-0.898199	-0.304365
-0.658191	-0.215355
-0.278686	-0.314256
0.289805	-0.355115
0.911323	-0.510775
1.68821	-0.553844
1.95677	-0.510667
1.8891	-0.641624
1.60569	-0.749137
1.64893	-0.656337
1.76619	-0.770594
1.99159	-0.538471
2.12026	-0.950839
2.1605	-0.740136
2.28471	-0.70224
2.51648	-0.554344
2.22844	-0.313857
2.15802	-0.186696
1.98716	-0.125692
1.83756	-0.0570766
1.49513	0.0100995
1.16676	-0.00477957
1.22559	-0.193459
1.10748	-0.40151
1.13448	-0.720886
0.89825	-0.722224
0.783355	-0.876221
0.787483	-0.782978
0.683225	-0.649052
0.684834	-0.843823
0.539299	-1.02793
0.729252	-0.83642
0.558376	-0.947036
0.727972	-0.463801
0.784144	-0.818831
0.671611	-0.824916
0.515853	-0.940031
0.740613	-0.940434
0.663192	-0.81535
0.581569	-0.675882
0.756531	-0.721764
1.05364	-0.84788
1.22671	-0.388417
1.70605	0.104065
1.60249	0.0896618
1.55249	0.0109778
1.71884	-0.160982
1.6522	0.0438787
1.35495	0.0478612
1.01194	-0.431951
1.04571	-0.545
0.8783	-0.431343
1.00919	-0.475983
0.966535	-0.371605
0.802505	-0.0918997
0.726796	0.213263
0.532836	-0.0157063
0.418223	-0.151308
0.1934	-0.389066
-0.030988	-0.42278
-0.213647	-0.507135
-0.519169	-0.499223
-0.341254	-0.387439
-0.515771	-0.462268
-0.478272	-0.420441
-0.429636	-0.660521
-0.198654	-0.547245
0.596069	-0.376
1.28485	-0.647972
1.59908	-0.740055
1.5563	-0.770936
1.68936	-1.03778
1.6254	-1.07957
1.52101	-1.0086
1.51427	-0.976242
1.50092	-0.894608
1.58156	-0.765978
1.86556	-0.618581
2.00005	-0.641301
2.04319	-0.526498
2.10793	-0.594899
2.05167	-0.533769
1.9521	-0.391821
2.05129	-0.484428
1.92343	-0.441081
2.02442	-0.350649
1.93349	-0.364064
1.14431	0.0956304
0.252435	0.123234
0.744819	0.129422
0.207137	-0.636065
-0.00635398	-0.317557
0.317567	-0.338782
0.655329	-0.408151
0.553031	-0.265514
0.242459	-0.125931
0.00991239	0.0557304
0.360936	-0.0244652
1.15424	-0.453608
1.32995	-0.991369
1.45536	-0.991289
1.62628	-1.06793
1.70373	-1.00423
1.92251	-0.963709
2.16551	-0.813743
2.23055	-0.481889
1.94543	-0.0449162
1.25236	-0.196032
0.291082	-0.604438
-0.0688909	-0.915482
-0.377036	-1.17478
-0.0774183	-1.18675
-0.280139	-0.91221
-0.30428	-0.901591
-0.114409	-0.92328
1.23083	-0.556997
0.642066	-0.681057
0.191091	-0.554566
0.107253	-0.533755
0.223846	-0.566146
0.620471	-0.469238
1.23727	-0.128951
1.20271	-0.291537
0.929078	-0.510563
0.567776	-0.736731
0.568121	-0.860611
0.655837	-0.871194
0.847591	-0.726048
1.45561	-0.721407
1.75875	-0.620476
1.95565	-0.63422
2.03419	-0.601744
1.98566	-0.44195
2.23648	-0.778364
2.07794	-0.979742
1.84359	-0.842548
1.89047	-0.812519
2.03022	-0.790719
1.90767	-0.775995
1.91069	-0.728565
1.9026	-0.686388
1.90508	-0.415724
1.96733	-0.383553
2.09317	-0.231541
1.78133	-0.053343
1.94879	-0.184145
1.78388	-0.00821654
1.92185	-0.270533
2.01485	-0.338964
1.74597	-0.399549
1.70619	-0.413377
1.66694	-0.204878
1.60819	0.0726027
1.64429	0.0167188
1.6303	-0.0192774
1.5096	-0.0360013
1.57262	-0.0410835
1.1346	-0.243738
1.30088	-0.26397
0.932097	-0.45965
-0.309571	-1.49911
-0.267888	-1.42263
0.0594918	-0.514932
0.0481406	-0.0791559
0.354898	-0.170636
0.736762	-0.0104824
0.593536	-0.52898
0.956956	-0.674835
1.57758	-0.928217
1.4319	-0.896402
1.24949	-0.885666
1.0837	-0.668339
0.913333	-0.375864
1.15077	-0.401778
1.01211	-0.462292
0.949221	-0.555832
0.783797	-0.676424
0.846577	-0.58246
0.82342	-0.771177
0.88606	-0.689887
0.833744	-0.605813
0.381539	-0.976639
0.641042	-0.799288
0.795907	-0.555402
1.57816	-0.521641
1.665	-0.388243
1.82795	-0.697401
1.85187	-0.812711
2.11619	-0.777551
2.16498	-0.246
1.8235	0.0871663
1.084	0.115536
0.199777	-0.255764
-0.147202	-0.423884
0.00212574	-0.498148
-0.00245698	-0.465693
0.0480021	-0.401642
0.125394	-0.667884
0.460175	-0.627337
0.126811	-0.665754
-0.0347793	-0.390918
-0.277127	-0.326395
-0.498085	-0.186384
-0.535213	-0.317628
-0.374414	-0.271261
0.26945	-0.220784
1.6026	-0.643471
1.56712	-0.735072
1.05489	-0.878941
1.29626	-0.703247
2.12877	-0.30243
2.38561	-0.460035
2.44069	-0.167697
2.209	0.104981
1.95999	0.29424
2.04981	0.48203
2.06441	0.601163
2.12572	0.213063
2.14034	0.120639
2.09366	0.0401766
2.01873	-0.00286236
2.10774	-0.183029
2.0382	-0.288842
1.8883	-0.356054
1.95379	-0.469031
2.02395	-0.604954
2.03698	-0.35068
2.1444	-0.514636
2.15122	-0.539181
2.09238	-0.546122
2.11999	-0.41336
2.13656	-0.448653
2.12915	-0.494898
2.01814	-0.52845
2.01592	-0.522916
1.87899	-0.335359
1.41913	-0.382853
1.06902	-0.471811
0.987308	-0.498141
1.01998	-0.264431
0.990523	-0.33973
0.894772	-0.67728
1.01754	-0.660728
0.482374	-0.607184
0.3198	-0.742774
0.423841	-0.780545
-0.0370497	-0.701112
-0.328535	-0.544031
-0.431845	-0.396826
-0.207413	-0.549445
-0.232595	-0.451993
-0.224172	-0.196749
-0.230425	-0.337398
-0.484861	-0.412505
-0.581755	-0.225297
-0.26482	-0.260739
-0.0586617	-0.177276
-0.190585	-0.0244353
-0.123464	-0.185565
-0.155617	-0.331417
0.186045	-0.236604
0.542219	-0.51309
0.673909	-0.730019
0.434376	-0.829662
0.56701	-0.751027
0.647597	-0.857867
0.615528	-0.61461
0.421059	-0.639001
0.613983	-0.736043
0.701326	-0.796553
0.415656	-0.728981
0.69473	-0.655131
0.633383	-0.783886
0.651009	-0.322599
0.610487	-0.795007
0.557599	-0.71616
0.62555	-0.858424
0.648208	-0.920075
0.638716	-0.770328
0.571574	-0.67957
0.665944	-0.645193
0.681407	-0.763076
0.425985	-1.00418
0.666646	-0.822134
0.953639	-0.459955
1.52048	0.0653163
1.66918	0.0789676
1.61684	-0.0161984
0.744733	0.0541894
0.851296	-0.137438
1.59523	-0.247098
1.58238	-0.205176
1.58282	-0.0641528
1.52608	0.142699
1.4994	0.177129
1.43303	0.362135
1.4798	0.307359
1.32908	0.1322
1.04461	0.0621645
0.635903	-0.14682
0.57118	-0.302168
0.12548	-0.332292
0.183329	-0.236676
0.000434557	-0.135721
0.0239732	-0.160308
0.105829	-0.362725
0.446656	-0.241663
1.26285	-0.0960271
1.70193	0.0516063
1.8996	-0.0167456
1.85988	0.0263436
1.82073	-0.0888143
1.8425	-0.30601
1.94921	-0.609459
2.13451	-0.684022
2.00163	-0.493422
2.23301	-0.571167
2.06614	-0.335357
2.08932	-0.353387
1.98435	-0.235767
1.82621	-0.392698
2.00448	-0.0612783
1.9827	0.0184834
1.91526	0.185321
1.45216	0.520761
0.561237	0.556504
0.00226904	0.446413
-0.133607	0.24011
0.239613	0.357993
0.864506	0.522061
1.31353	0.292182
1.40597	0.187444
1.45121	0.347632
1.59901	0.223083
1.70515	0.202302
1.64909	0.0876573
1.75041	-0.0405683
1.59561	0.050455
1.31309	0.217342
0.783189	0.072941
0.0470031	-0.136921
-0.214445	-0.209651
-0.450162	-0.0462737
-0.584355	-0.176071
-0.947081	-0.447424
-0.645046	-0.32058
-0.325917	-0.483924
-0.125935	-0.359902
-0.158953	-0.476541
0.127783	-0.775298
0.528477	-0.676338
0.539958	-0.578919
0.485661	-0.436892
1.09024	-0.415765
1.0436	-0.640556
1.62629	-0.899112
1.24168	-0.867485
0.952922	-0.820335
1.18814	-0.884896
1.4203	-0.906531
1.31002	-0.633865
1.1786	-0.46791
1.09804	-0.29248
1.09144	-0.204754
1.11185	-0.0115753
1.19277	0.0475588
1.22883	-0.0411721
0.997676	0.0580087
1.0385	0.138323
0.813837	0.26348
0.777497	0.195803
0.58842	0.288157
1.00087	-0.0160491
1.20818	-0.234931
1.04615	-0.296661
1.40508	-0.275636
1.60605	-0.122096
2.06399	-0.170178
2.0275	-0.0977503
1.95336	-0.110092
2.14137	-0.132552
2.19076	-0.0504101
2.30504	-0.253539
2.46142	-0.328087
2.20464	-0.16258
2.64861	-0.0439438
2.43643	0.324075
2.18775	0.462333
2.15959	0.261378
2.03452	0.393624
1.96007	0.344327
1.90493	0.376559
1.91342	0.294737
2.11228	0.223466
2.22359	0.179368
2.22821	-0.169086
2.16051	-0.355802
2.0726	-0.522497
2.14462	-0.795957
1.92018	-0.848366
1.77152	-0.90172
1.99208	-0.990996
1.98036	-0.383782
1.96389	-0.195257
2.08583	0.0194768
1.72382	-0.0207173
1.63815	0.0394
1.82304	-0.128635
1.79439	-0.476694
1.681	-0.705758
1.75874	-0.804835
1.8322	-0.968127
1.8569	-0.967963
1.60164	-0.582693
1.98921	-0.520846
1.82302	-0.469641
2.09319	-0.312085
2.20443	-0.451673
2.08209	-0.68664
1.91884	-0.504136
1.71372	-0.484372
1.5794	-0.490175
1.4286	-0.711924
1.27177	-0.451284
0.494159	-0.658155
0.648785	-0.644957
0.859634	-0.725154
0.878116	-0.838202
0.803517	-0.953096
0.797287	-0.800542
0.738356	-0.945232
0.424303	-0.879492
0.51251	-0.879585
0.45608	-1.08322
0.643739	-0.666737
0.820001	-0.94575
0.82923	-0.99779
0.668085	-1.04882
0.57424	-0.743984
0.657404	-1.00987
0.521674	-0.748458
0.833305	-0.877049
0.611439	-0.923669
0.531044	-0.765319
0.521822	-0.990671
0.478078	-1.04549
0.531308	-0.951372
0.574474	-0.974632
0.446452	-0.798991
0.504571	-0.921195
0.842811	-0.63422
-0.0703293	-1.15218
-0.045734	-0.938426
0.242024	-0.420652
0.806244	-0.463467
1.82214	0.0100753
1.85254	0.201888
1.73581	0.191938
2.0028	0.100298
1.93883	0.105083
1.96408	-0.101527
1.84103	-0.0593712
1.9828	-0.202076
1.84854	-0.140493
1.67417	-0.170069
1.70071	-0.661298
1.63721	-0.683819
1.66886	-0.727698
1.70335	-0.72599
1.66238	-0.613173
1.71162	-0.584547
1.73742	-0.532246
1.73148	-0.443274
1.36251	-0.373869
1.52589	-0.538369
1.32961	-0.537292
1.08348	-0.568472
0.944563	-0.530648
1.25865	-0.766331
1.41573	-0.926331
1.29468	-0.920074
1.28342	-0.844365
1.46762	-0.869004
1.51311	-0.86121
1.59025	-0.862567
1.48549	-0.779876
1.52447	-0.747428
1.46189	-0.553969
1.58814	-0.3937
1.76512	-0.244366
1.97426	-0.231686
1.72647	-0.0463393
1.62072	-0.197713
1.34398	-0.562194
1.03398	-0.52187
1.1221	-0.55754
0.905211	-0.684762
0.901734	-0.800336
0.710715	-0.754703
0.684118	-0.877528
1.06461	-0.384257
1.71126	-0.475531
1.9442	-0.606362
1.78568	-1.04173
1.41564	-0.452183
1.80623	-0.750751
1.69729	-0.784561
1.69448	-0.613719
1.89306	-0.808131
1.80825	-0.670169
1.72893	-0.884129
1.65768	-0.915734
2.34002	-0.920127
2.18448	-0.521065
2.16788	-0.436519
2.1342	-0.258926
1.98368	-0.3004
1.83664	-0.132142
1.97514	-0.291799
1.54007	-0.401728
1.19875	-0.480529
1.19336	-0.505642
1.20871	-0.420728
0.886136	-0.498222
0.813078	-0.646492
0.422051	-0.88007
0.43537	-0.660119
0.408483	-0.490547
0.000337936	-0.623549
0.151024	-0.798373
0.534604	-0.538258
0.398782	-0.314405
0.484597	-0.277004
0.889505	-0.114643
0.920369	-0.281808
1.09925	-0.565476
1.14189	-0.731029
0.947114	-0.67387
0.872644	-0.574135
0.961158	-0.524923
1.02526	-0.480449
1.28764	-0.507547
1.57247	-0.657798
1.83579	-0.594029
1.85396	-0.412496
1.97375	-0.374437
1.78551	-0.297751
1.89394	-0.32466
1.79478	-0.0534316
1.65256	-0.188149
0.984903	-0.16968
0.414253	-0.385718
0.0700069	-0.566712
-0.178456	-0.588939
-0.226233	-0.704855
-0.404146	-0.426247
-0.521396	-0.503107
-0.325966	-0.605421
-0.18713	-0.443446
0.0472428	-0.577044
0.723912	-0.777296
1.2522	-0.583976
1.64864	-0.554909
1.53138	-0.451245
1.37347	-0.440396
1.57517	-0.468066
1.60073	-0.54025
1.7488	-0.406979
1.59377	-0.490742
0.907726	-0.0742836
0.659058	0.25211
0.980348	0.28225
1.66637	0.382308
1.81146	0.148219
1.42621	-0.326159
1.10105	-0.48342
1.03547	-0.578296
0.885032	-0.631814
0.950433	-0.689348
0.664764	-0.754751
0.687168	-0.845527
0.70555	-1.03667
0.779447	-1.08518
0.736328	-0.995572
1.01916	-0.889273
1.38137	-0.595092
1.62142	-0.177892
1.73447	-0.24303
1.93098	-0.424629
2.00845	-0.612382
1.92753	-0.545628
2.06615	-0.626655
1.9972	-0.482735
2.11752	-0.630941
2.11229	-0.746196
2.18907	-0.778316
1.90253	-0.496085
1.40933	-0.0323203
0.896346	0.10547
0.483728	0.10015
0.732721	-0.0188615
1.13284	-0.400093
1.03132	-0.505564
0.72507	-0.452136
0.545711	-0.474743
0.823286	-0.179039
0.575443	-0.121178
0.615567	0.182341
0.65531	0.170606
0.880445	-0.0985202
0.774094	-0.0940507
0.947754	0.00610196
1.1704	-0.168679
0.788354	-0.321313
0.639403	-0.530066
0.669858	-0.494999
0.672842	-0.889159
0.704568	-0.802614
0.622221	-1.04397
0.42546	-0.76485
0.512732	-0.938065
0.598868	-0.786934
0.625639	-0.861463
0.500241	-0.929513
0.703869	-0.74502
0.729192	-0.884714
0.776754	-0.731766
0.802904	-0.512156
0.799187	-0.478726
0.362549	-0.654992
0.773686	-0.649209
0.963481	-0.670744
0.670483	-0.771219
0.412256	-0.84024
0.652188	-0.875349
0.717865	-0.898656
0.668611	-1.02008
0.561274	-0.884709
0.618757	-0.788318
0.447597	-0.881863
0.463073	-0.90406
0.629745	-0.856718
0.538644	-0.717035
0.764092	-0.55831
0.408413	-0.807018
0.593404	-0.825987
0.55127	-0.695367
0.49771	-0.81103
0.633393	-0.896383
0.552661	-0.818739
0.627982	-0.86056
0.811847	-0.690984
1.20834	-0.285118
1.41928	-0.264926
1.45208	-0.757098
1.04596	-1.18973
1.54073	-1.04497
1.67105	-1.12284
1.4657	-1.29064
1.19369	-1.19624
1.1328	-1.12842
1.39723	-1.05406
1.49949	-0.933493
1.3972	-0.339951
1.30844	-0.544927
1.12671	-0.398921
1.14574	-0.875744
1.05668	-0.849287
0.429909	-1.3434
0.593494	-1.1423
1.10439	-0.62437
1.12691	-0.640844
0.952157	-0.39398
1.00027	-0.373359
1.09488	-0.342775
1.25198	-0.310025
1.45467	-0.199572
1.54783	0.0674938
1.46562	-0.0304573
1.3071	-0.176731
0.909909	-0.321377
0.395481	-0.650007
0.6306	-0.711753
0.88083	-0.752949
1.38391	-0.289424
1.52825	-0.532535
1.37504	-0.378951
1.38331	-0.361179
1.36285	-0.335529
1.35242	-0.219011
1.39816	-0.114244
1.40234	-0.138803
1.0854	0.22548
0.713673	0.262523
0.276835	0.298597
0.120524	0.144866
0.45619	0.0433556
1.05681	-0.534736
-0.0326738	-0.396849
0.312993	-0.434766
0.816284	-0.284578
1.56608	0.0334434
1.56876	0.105897
1.62022	0.240057
1.5171	0.225799
1.05686	0.256505
1.49706	0.321924
1.67153	0.198925
1.8203	0.0709162
1.89459	-0.151035
1.85789	-0.132396
1.74138	0.0175737
1.82064	0.00994397
1.94656	0.0216321
2.01695	0.0172301
1.94338	0.142141
1.26427	0.247032
1.13533	0.0731343
0.61722	-0.12113
0.217453	-0.277405
-0.247302	-0.196665
-0.348008	-0.120425
-0.65268	-0.299982
-0.856066	-0.255408
-0.347732	-0.411371
-0.233764	-0.543481
-0.222674	-0.693907
0.236582	-0.575738
0.867524	-0.427941
0.760591	-0.493788
0.834217	-0.248527
0.76691	-0.32105
0.698006	-0.42016
0.679391	-0.468769
0.605418	-0.480444
0.693048	-0.528364
0.848666	-0.63273
0.893535	-0.673442
0.897363	-0.65047
0.94226	-0.705313
1.11362	-0.825352
1.01835	-0.826048
0.910755	-0.799466
0.92835	-0.799841
0.986267	-0.795519
1.08517	-0.800429
1.09824	-0.729041
1.19516	-0.634589
1.37865	-0.580261
1.52935	-0.723591
1.88547	-0.950656
1.76473	-0.846496
1.60057	-0.6905
1.76698	-0.827679
1.70523	-0.725836
1.77372	-0.729472
1.81022	-0.864994
1.94516	-0.912343
1.81929	-0.783605
1.97001	-0.825172
2.00351	-0.884362
1.58333	-0.801669
1.48445	-0.596546
1.69834	-0.625745
1.63906	-0.40871
1.73642	-0.293709
1.79765	-0.0713786
1.66732	0.104769
1.33207	0.309839
1.01023	0.182785
0.497168	0.272008
0.343139	0.182143
-0.0125168	0.141317
0.320517	-0.018732
0.611696	0.0639726
1.2028	-0.357315
1.38388	-0.507533
1.31727	-0.628378
1.20189	-0.6916
1.33676	-0.750065
1.36324	-0.701769
1.42151	-0.483484
0.710116	0.173883
0.219393	0.0563345
1.14108	-0.215196
1.47872	-0.452112
1.55448	-0.415807
1.55325	-0.204352
1.64456	-0.106539
1.59502	0.0982097
1.84968	0.00212281
1.75174	-0.0599555
1.78688	-0.0698113
1.84259	-0.0835463
1.86789	-0.0504733
1.80119	-0.020076
1.78352	-0.111353
1.89158	-0.160246
1.77261	-0.21537
1.77625	-0.3157
1.67758	-0.410462
1.50642	-0.421673
1.53015	-0.47054
1.66464	-0.504162
1.78294	-0.552474
1.74402	-0.476691
2.00092	-0.451903
2.05212	-0.270001
1.99415	-0.0448418
1.8713	-0.117502
1.03507	0.108968
0.412756	-0.117947
0.0173782	0.0257688
-0.329387	0.169381
-0.574129	-0.362441
-0.51902	-0.488613
-0.184707	-0.512687
-0.17287	-0.677141
0.126148	-0.608607
0.772226	-0.457553
1.48244	0.0594452
2.04845	0.0790189
1.95162	-0.179194
2.0093	-0.197297
1.81875	-0.0321766
1.86573	-0.0621508
1.64677	0.0255667
1.66962	-0.0302618
1.60114	0.0226479
1.50066	0.125931
1.51327	-0.119489
1.31648	-0.031281
1.22633	-0.234801
1.24738	-0.242964
0.844469	-0.470064
0.831406	-0.687318
0.84943	-0.673582
0.525019	-0.7847
0.582207	-0.624602
0.656951	-0.260689
0.87856	-0.216326
0.932013	-0.210858
1.33894	-0.330534
1.71588	-0.248263
1.78722	-0.308859
1.92846	-0.408253
1.96957	-0.424902
1.92357	-0.260834
1.92033	-0.170169
1.9036	0.0251442
1.7756	0.0512191
0.941398	-0.35303
-0.112775	-0.141878
-0.216315	-0.144885
-0.158659	-0.268991
-0.270898	-0.404296
-0.0748382	-0.42848
-0.221594	-0.701011
-0.0909723	-0.689937
0.160931	-0.59078
0.404751	-0.63016
0.588422	-0.626238
0.531822	-0.619783
0.635001	-0.577355
0.726843	-0.323558
1.61483	-0.363704
0.741687	-0.395777
-0.427102	-0.415016
-0.703733	-0.0776323
0.189433	0.143893
1.20709	-0.558573
1.26444	-0.514278
1.33919	-0.507976
1.3805	-0.232502
1.25488	-0.178569
0.54788	0.00446863
-0.0890198	0.0525756
-0.0882547	-0.0044878
-0.342395	-0.266591
-0.50335	-0.257268
-0.341046	-0.210164
-0.31124	-0.143235
0.102749	-0.30513
0.673554	-0.341999
1.10558	-0.646556
1.11108	-0.638189
1.06542	-0.786875
1.53873	-0.571373
1.76775	-0.785079
1.76813	-0.660945
1.97364	-0.686724
1.88582	-0.904718
2.17937	-0.512413
2.05924	-0.669006
1.49186	-0.719172
1.14898	-0.374769
2.16596	-0.499072
2.29823	-0.837651
1.71811	-0.634564
1.79025	-0.278121
1.78725	-0.731856
1.77696	-0.693912
1.75839	-0.359991
1.66066	-0.324714
1.71266	-0.0570043
1.70501	-0.040323
1.55396	0.105529
1.5584	0.0114731
1.42568	0.22086
1.52785	-0.110149
1.30597	-0.23057
0.935721	-0.242237
0.799269	-0.438297
0.076708	-0.214432
-0.161891	-0.0786989
-0.803774	-0.196429
-0.795712	-0.281144
-0.753034	-0.269698
-0.666883	-0.230064
-0.633714	-0.316281
-0.628953	-0.248547
-0.485307	-0.27279
-0.664023	-0.427501
-0.522766	-0.467826
-0.238196	-0.594822
0.101985	-0.610654
0.632756	-0.872987
0.614688	-0.751577
0.689149	-0.649967
0.649039	-0.655073
0.592115	-0.910418
0.651429	-0.78752
0.576284	-0.839666
0.486289	-0.710735
0.475954	-0.881402
0.487004	-0.852962
0.305793	-0.948461
0.474359	-1.05028
0.538177	-0.750689
0.568432	-0.785992
0.715556	-0.779137
0.628076	-0.694879
0.629985	-0.954843
0.796127	-0.717519
0.669377	-0.787672
0.676838	-0.905352
0.495065	-0.693142
0.586533	-0.776939
0.502839	-0.73685
0.850715	-0.346555
1.04854	-0.0376503
1.12014	-0.281352
0.219014	0.184057
-0.0349597	0.304473
-0.0665107	0.185482
-0.00250773	0.172069
0.070486	0.0219151
-0.026805	-0.0496322
0.279626	-0.103102
0.276274	-0.30638
0.557732	-0.495198
1.07067	-0.821352
1.35948	-0.882991
1.68313	-0.970047
1.76796	-0.579779
2.0316	-0.310625
1.9874	-0.262844
1.80132	-0.575445
1.82389	-0.531691
1.70403	-0.423171
1.77266	-0.564048
1.54413	-0.202577
1.4221	0.129768
2.35423	-0.324872
1.97444	-0.0309382
1.88221	0.0945537
1.83021	0.223553
1.82118	0.324622
1.72777	0.347107
1.783	0.409538
1.78919	0.261935
1.66584	0.236194
1.66392	-0.121835
1.75151	-0.204958
1.3514	-0.276882
1.09096	-0.301392
-0.27208	-0.593122
0.0581039	-0.912926
0.550331	-0.773634
0.563891	-0.522355
1.57668	0.0585502
1.26316	0.211996
1.02788	0.301638
1.00841	0.313922
1.03773	0.303248
1.07584	0.377996
1.34635	0.031718
1.46415	0.0070538
1.28329	-0.364781
1.23652	-0.4925
0.349727	-0.354686
0.276744	-0.441218
0.450931	-0.900217
1.11146	-0.727895
1.18482	-0.2858
1.63611	-0.270801
1.87651	-0.388774
1.48131	-0.427103
1.47957	-0.430788
1.43567	-0.392265
1.44534	-0.397006
1.50358	-0.697522
1.4087	-0.701134
1.6566	-0.806174
1.88136	-0.827536
1.91095	-0.67401
2.17759	-0.719527
2.00161	-0.520096
2.06867	-0.591761
1.98005	-0.651309
1.90099	-0.683989
1.8156	-0.709186
1.84841	-0.78455
1.94696	-0.850274
1.7106	-0.637261
1.80749	-0.751708
1.71685	-0.743672
1.61933	-0.664068
1.55568	-0.576919
1.55541	-0.473267
1.68258	-0.403469
1.68414	-0.0678818
1.61075	0.182046
1.55457	0.215665
1.45397	0.253813
1.42536	0.278271
1.47278	0.249968
1.46563	0.322067
1.49245	0.307119
1.49549	0.355918
1.59228	0.298054
1.64432	0.221808
1.78537	0.0814494
1.6631	0.142697
1.59551	0.00247627
1.70846	-0.110917
1.45374	-0.0606075
1.25897	0.0114818
1.34029	-0.0911629
1.68467	-0.296488
1.80104	-0.565341
1.86211	-0.696483
1.99583	-0.892216
1.68973	-0.813936
1.49541	-0.681088
1.45463	-0.583166
1.42629	-0.529486
1.29348	-0.380568
1.2732	-0.279318
1.52485	-0.296098
1.61368	-0.251632
1.64048	-0.254673
2.07037	-0.258372
2.00082	-0.042843
1.77815	-0.177329
1.90398	-0.0937024
1.79375	-0.109411
1.61398	-0.238652
1.75014	-0.161989
1.56861	-0.352093
1.72281	-0.0829035
1.45958	-0.361784
1.50635	-0.142832
1.33979	-0.334392
1.75245	-0.282418
1.59032	-0.389088
1.70457	-0.523892
1.68056	-0.648584
1.76918	-0.675338
1.70917	-0.669729
1.87522	-0.643381
2.2715	-0.756474
2.53501	-0.797472
2.44161	-0.762415
2.24809	-0.74272
1.91895	-0.634689
2.00484	-0.370764
2.19873	-0.510632
1.93632	-0.330877
1.80814	0.0423423
1.76599	0.216812
1.6232	0.0323496
1.46789	-0.203502
0.707915	-0.0640648
-0.131669	-0.224959
-0.286142	-0.361972
-0.418259	-0.679548
-0.423891	-0.434992
-0.429233	-0.374072
-0.433765	-0.493125
-0.38717	-0.57963
-0.372146	-0.49068
-0.299796	-0.572617
0.163049	-0.583366
0.598599	-0.358561
1.0946	0.119719
1.14021	-0.61263
0.875643	-0.538937
1.01388	-0.447752
1.16575	-0.520106
1.38387	-0.734445
1.43507	-0.269058
1.72869	-0.63904
1.73014	-0.164377
1.4654	-0.0973168
0.877075	-0.28388
0.340824	-0.436921
-0.000930771	-0.353406
-0.287011	-0.357845
-0.569448	-0.353757
-0.476134	-0.617569
-0.214807	-0.868561
0.36088	-0.673113
0.962375	-0.725888
0.685906	-0.574934
0.657357	-0.614377
0.634723	-0.71844
0.612012	-0.578904
0.652751	-0.45454
0.185064	-0.742198
0.896082	-0.871335
1.68094	-0.577636
1.97844	0.281408
2.09558	-0.0399453
1.93334	-0.269806
1.99696	-0.506121
2.2308	-0.662922
2.23708	-0.558251
2.11535	-0.452773
1.99396	-0.19109
1.85886	-0.226751
1.88103	-0.487544
1.90244	-0.452906
1.73845	-0.351078
1.22435	-0.390818
0.557371	-0.392235
0.23955	-0.302661
0.0865405	-0.46923
-0.13757	-0.631124
-0.276826	-0.565854
-0.286557	-0.401145
-0.0797454	-0.329361
0.0664768	-0.643347
0.235301	-0.46235
0.480166	-0.383211
1.04669	-0.227609
0.98959	-0.38798
0.891333	-0.254688
1.17506	-0.0861039
1.2055	-0.118704
1.14684	-0.350786
1.23677	-0.392019
0.976959	-0.533011
0.820387	-0.649071
0.731817	-0.652015
0.616857	-0.581962
0.638812	-0.679651
0.60412	-0.844715
0.717647	-0.730143
1.44052	-0.388168
1.49816	-0.25152
0.939689	-0.543333
1.5082	-0.160545
1.22269	-0.360278
1.29629	-0.193251
1.79022	-0.0207297
2.30561	0.348335
2.38115	0.0918322
2.2356	0.237528
2.02164	0.347471
1.96443	0.183928
1.98854	-0.0045408
1.88554	0.0807506
1.87918	0.108998
1.69755	0.177082
1.58171	0.0479116
1.22491	-0.289785
1.10144	-0.610163
0.835728	-0.723585
0.66123	-0.397674
0.545152	-0.71113
0.262293	-1.03688
0.486647	-0.854489
0.649221	-0.858745
0.75619	-0.76686
0.949108	-0.639806
1.37215	-0.197713
2.03262	-0.258387
2.0232	0.00463262
1.91106	-0.37589
1.97713	-0.756031
1.70312	-0.553385
1.7523	-0.368266
2.1769	-0.0508946
2.04583	0.353411
2.02178	0.325363
2.0336	0.367733
1.92656	0.323217
2.07287	0.296406
2.00578	0.318673
1.91156	0.222906
1.92574	0.392552
1.6937	0.229227
1.6391	0.00633097
1.32772	-0.292802
1.19541	-0.307933
1.16658	-0.293143
1.20838	-0.157874
1.26547	-0.188441
1.32424	-0.29701
1.0367	-0.323363
1.11474	-0.477296
0.799987	-0.526378
0.871914	-0.6867
0.856963	-0.690727
0.661188	-0.769423
0.505729	-0.849499
0.729261	-0.864055
0.605922	-0.924827
0.652865	-0.967331
0.668157	-1.00744
0.657008	-0.981156
0.564802	-0.934205
0.563958	-0.850553
0.592128	-0.775285
0.43222	-0.8416
0.578313	-0.80722
0.732432	-0.966429
0.609728	-0.831032
1.42617	-0.601917
1.42287	-0.80586
1.34839	-0.61989
1.69967	-0.489371
1.51495	-0.432472
1.41049	-0.543026
1.387	-0.459523
1.519	-0.472565
2.103	-1.04978
1.97654	-0.616177
1.72938	-0.470077
1.87003	-0.420092
1.87691	-0.2652
1.90673	-0.225826
1.99899	-0.197542
2.01381	-0.261364
2.05647	-0.371889
1.90628	-0.466787
1.7104	-0.529204
1.41952	-0.544522
1.32914	-0.604578
1.42385	-0.716604
1.47943	-0.744346
1.60422	-0.822252
1.78802	-0.827248
2.05745	-0.695035
2.2204	-0.857502
1.79322	-0.248302
1.79402	-0.13115
1.83909	-0.0293
1.83426	0.0543067
1.93256	-0.0756287
0.288185	-0.169239
0.218271	-0.268894
-0.24276	0.185952
-0.431906	0.296864
-0.307724	0.0859228
-0.281785	-0.244298
-0.0311067	-0.461209
0.632555	0.0608611
1.10728	0.219717
1.28061	0.145675
1.15738	0.350474
1.1165	0.402776
0.933402	0.419546
1.00935	0.330693
0.931302	0.517442
0.849708	0.539623
0.630679	0.582687
0.480437	0.787421
0.70871	0.684728
0.713263	0.622658
0.729766	0.532764
1.0211	0.39803
1.13419	0.228776
0.957188	0.169115
0.895839	0.072882
1.24535	-0.334359
1.37277	-0.361382
1.75137	-0.533211
1.64268	-0.435342
1.6447	-0.66267
1.64803	-0.957349
1.48869	-1.00946
1.30685	-0.884236
1.32254	-0.987697
1.10446	-0.864046
0.943467	-0.761448
0.952467	-0.729189
1.08326	-0.757467
0.818422	-0.634937
0.594143	-0.565342
0.4175	-0.489485
0.425924	-0.512695
0.470529	-0.608449
0.570148	-0.692968
0.7094	-0.78663
1.1386	-0.8431
1.18639	-0.735071
1.57076	-0.486018
1.75622	-0.337548
1.83355	-0.309548
2.03074	-0.0615586
2.15898	0.0634872
2.02289	0.0297319
1.95419	0.4107
2.05389	0.394808
2.31988	0.166704
2.06395	0.546952
1.95241	0.68124
1.88495	0.671711
1.82506	0.583092
1.92948	0.19107
1.72861	-0.0757117
1.6608	-0.220014
1.63235	-0.367863
0.919856	-0.336904
0.54334	-0.284024
-0.00292178	-0.422084
-0.381968	-0.59639
-0.667373	-0.383177
-0.360445	-0.395932
-0.546527	-0.301662
-0.178196	-0.428155
-0.0855045	-0.476739
0.398464	-0.478048
1.12215	-0.621148
1.74912	-0.501242
1.76542	-0.381926
1.90846	-0.638857
1.86214	-0.737849
1.92761	-0.700057
2.00005	-0.670221
2.12104	-0.693923
2.10335	-0.697198
2.16112	-0.587222
2.04737	-0.328803
1.99273	0.00455923
2.02489	0.0640311
1.83698	-0.0280534
1.40005	-0.0892611
1.50307	-0.400366
1.20557	-0.330258
1.01782	-0.401087
0.901619	-0.646063
1.04722	-0.19198
1.25675	0.205706
1.20068	-0.241493
1.14652	-0.580221
1.40552	-0.420258
1.34244	-0.469138
1.79736	0.132225
1.90171	0.161196
1.65519	0.0503078
1.94298	-0.377349
2.00954	-0.654164
1.84048	-0.674036
1.68544	-0.661275
2.0144	-1.03223
1.77335	-0.928438
1.49902	-0.74025
1.24594	-0.510548
1.40578	-0.448713
1.86379	-0.841929
1.72571	-0.863309
1.69034	-0.911651
1.48407	-0.848004
1.38834	-0.959265
1.48427	-0.521903
1.6466	-0.509386
1.58859	-0.690922
1.39783	-0.507766
1.39211	-0.686732
1.59041	-0.59095
1.47403	-0.638771
1.17602	-0.587441
1.3456	-0.632636
1.07185	-0.622953
1.07777	-0.619594
1.11038	-0.555711
1.18029	-0.888405
0.981089	-0.787894
0.845959	-0.688983
0.939257	-0.652471
0.716796	-0.640938
0.718987	-0.970314
0.619673	-0.57776
0.53337	-0.751848
0.790317	-0.759963
0.466786	-0.789411
0.570482	-0.943862
0.493241	-0.668644
0.405524	-0.735657
0.623351	-0.757864
0.517706	-0.694609
0.421184	-1.00605
0.499328	-1.08895
0.633197	-0.770149
0.696995	-0.589074
0.759195	-0.787995
0.687229	-0.816585
1.00461	-0.634559
1.60539	-0.0426022
1.58909	-0.370635
1.59304	-0.0293739
1.51375	-0.283184
1.73224	-0.388721
1.51449	-0.341949
2.03841	-0.595299
2.10083	-0.513932
1.90168	-0.330556
1.90678	-0.236294
1.80989	-0.263159
1.90788	-0.141279
1.7954	-0.208731
1.67571	-0.187211
1.4223	-0.088378
1.48826	-0.182532
1.28709	-0.25001
1.22685	-0.303065
1.13425	-0.503787
1.12309	-0.395576
1.0945	-0.329618
1.20921	-0.247964
1.43385	-0.401441
1.52933	-0.128274
1.29174	-0.166416
1.03135	-0.174814
0.617544	-0.499727
0.539148	-0.847662
0.496108	-1.06234
0.471152	-0.889951
0.746157	-1.03121
1.19664	-0.69004
1.68798	-0.337321
1.83392	-0.0442541
1.98514	0.0750321
1.91593	0.255919
1.80269	0.289039
1.62524	0.240668
1.49618	-0.108678
1.16704	-0.181507
0.749673	-0.391724
0.194042	-0.611395
-0.124357	-0.451201
-0.227456	-0.570958
-0.621535	-0.703926
-0.733514	-0.54503
-0.972781	-0.302318
-0.915197	-0.160931
-0.898934	-0.34782
-0.729505	-0.282988
-0.841077	-0.397202
-0.739231	-0.567772
-0.479326	-0.656112
0.295822	-0.739141
1.28337	-0.555766
1.17039	-0.542124
1.15577	-0.411653
1.21656	-0.370172
1.22016	-0.311679
1.31063	-0.282148
1.4053	-0.281996
1.48594	-0.264313
1.53963	-0.296935
1.69869	-0.287241
1.8232	-0.34725
1.83145	-0.218698
1.90611	-0.106036
2.01536	-0.16516
1.90379	-0.0898568
2.09645	-0.285404
2.0326	-0.10541
1.97075	0.0462637
2.05603	0.0168974
2.01283	0.115621
1.95534	0.191649
1.88046	0.118189
1.95169	-0.0102567
1.999	-0.0357451
2.03608	-0.0592269
2.00639	0.122641
1.77734	0.17981
1.48338	-0.1934
1.74735	-0.267119
2.00002	0.105383
1.91272	0.129368
1.28639	0.205536
0.974241	-0.0624502
0.191927	0.241631
-0.136509	-0.0252909
-0.484158	0.0370073
-0.708801	0.0222945
-0.747163	-0.103615
-0.710147	-0.44843
-0.479504	-0.47164
-0.0930013	-0.68439
-0.273676	-0.708389
-0.0949176	-0.641718
0.451645	-0.714715
0.751321	-0.582519
1.36933	-0.00520131
1.67781	0.023816
1.91139	-0.0466007
2.07522	0.0489268
2.1136	-0.188291
2.17622	-0.351553
1.74619	-0.574535
1.87375	-0.712543
1.82231	-0.67446
1.81011	-0.653099
1.71618	-0.54061
1.69929	-0.621548
1.69897	-0.568145
1.61551	-0.484719
1.81964	-0.621948
1.92977	-0.639026
1.75099	-0.575261
1.46608	-0.312471
1.65042	-0.390547
1.69855	-0.410791
1.13493	-0.430033
1.03527	-0.630758
1.04641	-0.76564
1.02942	-0.869443
0.840021	-0.876193
1.13353	-0.974131
1.38044	-0.936798
1.42943	-0.901655
1.62672	-1.03796
1.49367	-0.932173
1.52376	-0.333346
1.29964	0.0152047
1.33116	-0.331067
1.2208	-0.365425
1.24492	-0.281546
0.0120381	-0.367484
0.0112314	-0.32214
-0.603446	0.0347042
-0.619696	-0.199262
-0.461834	-0.683669
-0.283904	-0.712392
0.0855003	-0.427803
0.391649	-0.541348
1.41134	-0.198446
1.85072	-0.432799
1.76846	-0.0975203
1.61146	-0.0869451
1.77251	-0.383434
1.9279	-0.651618
1.64146	-0.57619
1.59011	-0.51698
1.69372	-0.276326
1.62745	0.0322202
1.37032	-0.152593
1.25355	-0.263753
0.574797	-0.868749
0.477358	-1.06275
0.970347	-0.844739
1.21575	-0.437511
1.3626	-0.441902
1.49415	-0.557479
2.04233	-0.813214
2.02992	-0.760759
1.96705	-0.535249
1.99178	-0.44582
1.89438	-0.413548
1.9055	-0.523628
1.99959	-0.662624
1.93816	-0.628886
2.04186	-0.666411
1.94991	-0.607449
1.6851	-0.379013
1.31164	-0.0231706
0.956412	0.122596
0.705018	0.205187
0.494838	0.162508
0.440368	0.123815
0.727034	-0.0498613
1.01987	-0.213923
1.33658	-0.316538
1.59327	-0.402558
1.70479	-0.4154
1.80003	-0.487825
1.76083	-0.505512
1.81891	-0.591851
1.83867	-0.987012
1.62799	-0.872048
1.49688	-0.780926
1.58582	-0.911356
1.65734	-0.991354
1.56353	-0.930623
1.84304	-0.891897
2.02475	-0.769461
2.02749	-0.63595
1.89762	-0.629343
1.83918	-0.618785
1.95767	-0.704481
2.02417	-0.61807
2.14789	-0.578098
2.25465	-0.720329
2.04629	-0.708749
2.05157	-0.664179
2.12716	-0.469119
2.03344	-0.147839
1.9864	0.144949
1.82555	0.0269421
1.57203	-0.0175652
1.55671	-0.0864058
1.24209	-0.273844
0.998203	-0.430723
0.999063	-0.502595
0.684861	-0.692345
0.709555	-1.0457
0.426031	-0.8583
0.316939	-0.844459
0.328176	-1.27274
0.757624	-0.801785
1.20686	-0.571709
1.01931	-0.165598
0.951669	-0.0883931
0.966998	-0.0558123
1.01999	0.0258673
1.14124	0.0523308
1.30178	0.0474549
1.09308	-0.102186
1.02601	-0.190011
0.703415	-0.310198
0.627495	-0.496619
-0.0465246	-0.234055
-0.0459579	-0.534729
-0.00659873	-0.688352
-0.164607	-0.819264
0.0550763	-0.956476
0.443452	-0.68814
0.654786	-0.617147
1.41231	-0.118752
1.97767	-0.0179983
1.96006	0.0538424
2.05459	-0.0358089
2.01067	-0.183671
2.22104	-0.526398
2.11687	-0.416451
2.14041	-0.264028
1.89224	0.111325
1.83458	0.137189
1.66618	0.0815428
0.585609	0.0806092
0.0456216	-0.117832
-0.575607	-0.125122
-0.837398	-0.208366
-1.07263	-0.204839
-1.09698	-0.127095
-1.13102	-0.349376
-1.03593	-0.187065
-0.747053	-0.250735
-0.351329	-0.312053
0.213373	-0.56391
0.696024	-0.636568
1.30767	-0.0890515
1.67374	-0.131301
1.87304	-0.00768677
2.20677	-0.35204
2.17708	-0.481666
2.15932	-0.518413
1.86063	-0.163678
1.66864	0.267816
1.58397	0.363823
1.63502	0.477502
1.47189	0.454653
1.58401	-0.107858
1.29824	-0.48755
1.16887	-0.503362
1.08626	-0.511257
1.0413	-0.678505
1.0601	-0.641418
1.35457	-0.284263
1.84187	-0.0248591
1.99576	0.427927
2.05582	0.258058
2.17026	-0.0621939
2.0925	-0.0478554
2.024	-0.275419
2.09928	-0.258911
2.06173	-0.0949147
2.03307	-0.185023
2.12943	-0.217705
2.00399	-0.111017
2.01695	-0.123317
1.87594	-0.0527406
1.98509	-0.0287691
1.73374	0.203368
1.53775	0.319486
1.32282	0.04776
1.32562	-0.0892458
1.41794	-0.263607
1.21383	-0.332455
0.810542	-0.393355
1.10839	-0.752414
1.47122	-0.91513
1.52635	-0.909635
1.41696	-0.864058
1.37516	-0.867073
1.34345	-0.853375
1.3546	-0.860619
1.36215	-0.756778
1.68141	-0.203654
1.62548	-0.299384
1.72416	-0.457539
1.4112	-0.203668
1.4352	-0.25146
1.71808	-0.43578
1.76447	-0.413001
1.7458	-0.400185
1.45183	-0.343135
1.61745	-0.332156
1.51472	-0.314029
0.864183	-0.376014
0.260632	-0.499342
-0.0767256	-0.429282
-0.276628	-0.40168
-0.382426	-0.418219
-0.586209	-0.49629
-0.484571	-0.452761
-0.554385	-0.107395
-0.379145	-0.352725
-0.566421	-0.458235
-0.497939	-0.461603
-0.557889	-0.576725
0.941802	-0.676004
0.55311	-0.796169
0.655915	-0.783028
0.5482	-0.809845
0.691347	-0.870868
0.577391	-0.898626
0.653389	-0.64432
0.740393	-0.700085
0.824941	-0.664645
0.960052	-0.806644
1.01585	-0.441866
1.33877	-0.296382
1.97278	0.197924
2.21698	0.319036
2.21824	0.293244
2.10001	0.328665
2.23447	0.292753
1.91869	0.0749372
1.89462	-0.359443
1.96829	-0.451065
1.9286	-0.442324
1.93131	-0.649253
1.89944	-0.550683
2.08972	-0.496037
2.59918	-0.450809
2.58211	-0.625225
2.13131	-0.502708
2.17983	-0.679092
2.44919	-0.852143
2.35684	-0.650372
2.21487	-0.418929
2.42206	-0.288003
2.53389	-0.270311
2.49694	-0.255548
2.23914	-0.149946
2.29705	-0.147607
2.27294	-0.0160105
2.15058	0.032574
1.54564	-0.0971195
0.746376	-0.476268
0.28935	-0.592405
0.561442	-0.635315
0.503277	-0.68122
0.353101	-0.404648
0.48244	-0.361051
1.74702	-0.284535
2.12154	-0.314387
2.11884	-0.241827
1.94506	0.0873054
1.83504	0.184444
2.04894	-0.0730432
2.06337	-0.270894
2.06115	-0.404015
1.96975	-0.534579
1.6497	-0.426487
1.50422	-0.515712
1.21689	-0.501944
1.0119	-0.548564
0.852716	-0.643917
0.923657	-0.648487
1.36375	-0.559183
2.0739	-0.231763
1.88064	-0.296443
1.87836	-0.411972
2.03662	-0.279149
1.7143	0.0248664
1.7318	0.0508825
1.72838	0.199616
1.51028	0.0344814
0.473562	-0.31555
0.0860406	-0.120205
-0.181345	-0.309141
-0.460525	-0.450336
-0.655552	-0.47544
-0.788086	-0.273685
-0.820769	-0.387894
-0.51093	-0.571434
-0.186116	-0.660185
-0.158099	-0.704823
-0.0465872	-0.756798
0.530821	-0.723228
0.50248	-0.69798
0.489345	-1.03876
0.472859	-0.970676
1.17649	-0.587598
0.943674	-0.419414
0.971211	-0.690202
1.00494	-0.734795
1.20914	-0.767224
1.03571	-0.714709
-0.111705	-0.337093
0.92097	-0.602894
1.33373	-0.838062
1.16419	-0.870984
1.19303	-0.896598
1.11059	-0.789375
1.26033	-0.839013
1.35694	-0.859288
1.33628	-0.762663
1.49859	-0.727616
1.90449	-0.72859
1.93915	-0.459639
1.65006	-0.0185053
1.71633	-0.0269348
1.63144	-0.0656332
1.70033	-0.260337
1.48782	-0.158727
1.29793	-0.433852
1.2648	-0.559955
1.31793	-0.493111
1.00346	-0.670423
0.900246	-0.625162
0.983227	-0.630544
1.7165	-0.457571
1.88153	-0.27751
1.76908	-0.426797
1.85388	-0.700147
2.05966	-0.629699
1.95808	-0.410239
2.0155	-0.177098
1.9666	0.0439333
1.85324	0.0629074
1.34898	-0.200924
1.34596	-0.460523
1.3099	-0.450075
1.04698	-0.756033
0.947472	-0.774531
0.650591	-0.988623
1.02879	-0.821127
1.2767	-0.688331
2.21575	-0.756411
1.94902	-0.692976
1.81112	-0.613494
1.89381	-0.42353
2.05425	-0.633739
2.0663	-0.892392
1.98624	-1.03618
1.88966	-0.98499
1.99129	-1.026
1.88239	-0.762564
1.99445	-0.57474
1.68849	-0.378248
1.68517	-0.552439
1.54031	-0.665005
1.47169	-0.766969
1.49269	-0.865202
1.56872	-0.920979
1.78812	-0.949289
1.84589	-0.865299
1.84098	-0.475728
1.72391	-0.206468
1.79272	-0.327576
1.58381	-0.401237
1.30031	-0.716978
0.701485	-0.912803
0.484616	-0.996493
0.475731	-0.517432
0.790866	-0.435182
0.584388	-0.133427
0.223618	-0.36466
0.0976693	-0.300831
0.188962	-0.324178
0.704822	-0.487021
1.09518	-0.213496
1.44404	-0.196282
1.39707	-0.0090641
1.59499	0.0638084
1.59719	-0.179072
1.31604	-0.102038
1.40642	-0.0780395
1.32356	-0.041236
1.41288	-0.126176
1.3871	-0.260147
0.919791	-0.596082
0.767227	-0.843101
1.43781	-0.57337
1.66219	-0.674672
2.1752	-0.882247
2.00717	-0.660133
1.99574	-0.521087
2.07547	-0.373105
2.21068	-0.10211
2.06944	0.0489415
1.9258	-0.0977459
1.57286	-0.34153
1.35269	-0.902578
1.35725	-0.66717
1.11567	-0.410654
1.0682	-0.576377
0.584526	-0.600895
0.343279	-0.816426
0.516443	-0.806521
1.01998	-0.961521
1.20343	-0.730985
1.35961	-0.377354
1.65235	0.0133405
2.17647	0.20875
2.16338	0.267346
1.80569	0.0511072
1.88547	-0.412706
1.74811	-0.482909
1.90514	-0.598165
1.87835	-0.58191
1.87269	-0.65524
1.62274	-0.58272
1.74155	-0.72675
1.86084	-0.654928
1.86152	-0.61132
1.88833	-0.668418
1.88455	-0.673902
1.82951	-0.692131
1.63754	-0.570119
1.68006	-0.419587
1.57135	-0.429379
1.72361	-0.537306
1.99444	-0.739881
2.20493	-0.808925
2.13809	-0.826372
1.78662	-0.576185
1.5912	-0.561103
1.47095	-0.503847
1.36482	-0.53088
1.40145	-0.688131
1.57478	-0.915032
1.57956	-0.882646
1.51856	-0.720228
1.43144	-0.480021
1.68791	-0.550006
1.82317	-0.489649
1.82359	-0.066741
1.66755	0.242835
1.60781	0.208184
1.12683	0.429971
0.301778	0.148779
-0.50755	0.194523
-0.648387	0.320868
-0.836652	-0.032242
-0.702034	-0.233577
-0.509479	-0.126049
-0.618182	-0.0291699
-0.189579	-0.209815
0.644001	-0.52482
1.83268	0.079443
1.79455	0.227137
1.80865	0.0324624
1.9054	-0.156172
2.00844	-0.336254
1.98502	-0.262997
1.95642	-0.140411
1.47596	-0.0751508
1.20434	-0.518084
0.338175	-0.969617
0.49585	-0.830187
1.03803	-0.0607653
1.29426	0.0952786
1.75294	-0.327088
1.96878	-0.487284
1.78128	-0.611497
1.68298	-0.638158
1.61371	-0.645739
1.74374	-0.802489
1.94601	-1.00787
1.99101	-1.0415
1.95828	-1.02956
1.955	-0.972664
1.99375	-0.984045
2.03514	-1.05106
2.03121	-1.06899
2.03988	-0.599813
1.98493	-0.721515
1.9704	-0.372454
1.88809	-0.832622
1.7466	-0.295878
1.82994	-0.697893
1.90869	-0.232756
1.86169	-0.515202
1.69376	-0.25877
1.58853	-0.163366
1.67682	-0.223477
1.62888	-0.152587
1.29363	-0.219538
1.21843	-0.33532
0.970338	-0.621817
0.841646	-0.650974
0.412784	-0.735431
0.109626	-1.30824
0.711743	-0.929428
0.807855	-0.843
0.715189	-0.672354
0.627553	-0.730135
0.801781	-0.76014
0.744421	-0.744566
0.3977	-0.808278
0.593729	-0.812126
0.616983	-0.844291
0.652354	-0.771285
0.524866	-0.74052
0.782671	-0.747463
0.448366	-0.737465
0.445394	-0.56015
0.427942	-0.617404
0.486017	-0.815595
0.466946	-0.831917
0.450427	-0.774581
0.424893	-0.738627
0.831991	-0.476561
1.8187	0.263978
2.0087	-0.0175722
2.06442	-0.198214
1.95582	-0.235833
1.85892	-0.277402
1.77118	-0.471114
1.51087	-0.471876
1.53068	-0.428435
1.55527	-0.421263
1.5481	-0.346072
1.55657	-0.469807
1.57599	-0.427001
1.5696	-0.31791
1.61948	-0.334938
1.59993	-0.269798
1.62202	-0.310633
1.70023	-0.31336
2.17698	-0.0842981
2.15844	0.227342
2.00438	0.417804
1.87282	0.471098
1.35672	0.513134
0.304379	0.240915
-0.15672	-0.143675
-0.490605	-0.352667
-0.669955	-0.302695
-0.622192	-0.424452
-0.474744	-0.408048
-0.354735	-0.570148
-0.303054	-0.583773
-0.0567886	-0.535259
0.447344	-0.743555
1.27992	-0.853539
2.00641	-0.759309
1.76685	-0.694976
1.66375	-0.971025
1.27526	-1.04845
0.889245	-1.03379
0.667359	-0.997076
0.36112	-0.76768
0.122297	-0.57044
-0.0263679	-0.340794
0.154168	-0.189131
1.43156	-0.0281636
1.68442	-0.0764671
1.48666	-0.10358
1.66329	-0.151138
1.40698	0.0176682
1.40315	-0.136748
1.351	-0.2408
1.1142	-0.0560763
1.38764	-0.162163
0.839404	-0.596702
0.983255	-0.820171
1.51902	-0.644654
1.75694	-0.835226
1.94537	-0.872578
2.00092	-0.794195
2.00978	-0.778001
1.82719	-0.781009
1.6125	-0.72249
1.51293	-0.709722
1.512	-0.787984
1.51097	-0.788009
1.66733	-0.77348
1.70057	-0.746273
1.79702	-0.70829
1.72579	-0.408202
1.89027	-0.353007
1.62552	-0.329703
1.40471	-0.355452
1.60239	-0.239663
1.60155	-0.0302026
1.33648	-0.310304
1.31617	-0.301059
1.37866	-0.431294
1.47556	-0.226556
1.74608	-0.0763118
1.76727	-0.474887
2.09091	-0.355623
2.05211	-0.448197
1.94803	-0.473959
2.07594	-0.392666
1.96469	-0.461239
1.82457	-0.2777
1.75521	-0.0833588
1.77004	-0.14357
1.86253	-0.214354
1.71822	-0.404054
1.77204	-0.663299
1.60693	-0.625579
1.724	-0.768957
1.77417	-1.00696
1.82063	-1.05029
1.41983	-0.687557
1.42663	-0.432187
2.08411	-0.706588
1.98308	-0.508952
2.07616	-0.638417
2.05232	-0.66747
1.89658	-0.607696
2.19405	-0.370478
1.74007	-0.0606665
0.716644	-0.168717
0.125325	-0.105842
-0.28661	-0.0916256
-0.560849	-0.152314
-0.845008	-0.295509
-1.00372	-0.38023
-0.91415	-0.575435
-0.674928	-0.447691
-0.53866	-0.643025
0.0632763	-0.723269
0.597192	-0.563787
1.25989	-0.503651
1.74735	-0.469658
1.87619	-0.70194
1.85437	-0.672002
1.91921	-0.682237
1.85934	-0.569087
1.77398	-0.57852
1.67446	-0.577826
1.63067	-0.593514
1.79695	-0.683483
1.87324	-0.83218
1.92279	-0.76458
1.89466	-0.643189
1.95518	-0.520773
1.92987	-0.219147
1.94723	-0.263145
1.97146	-0.424439
1.26179	-0.954127
0.687736	-1.2321
1.3145	-1.09013
1.94218	-0.529683
1.65892	-0.116002
1.70064	-0.257273
2.07544	-0.123924
2.05968	-0.104492
2.19457	-0.347047
1.93765	-0.49083
1.88614	-0.273345
1.67475	-0.328182
1.59448	-0.34397
1.47325	-0.198994
0.998393	-0.388311
0.573334	-0.258793
0.164042	-0.217749
-0.0830041	-0.323115
-0.153921	-0.453692
-0.0830418	-0.29012
-0.0207472	-0.373399
0.0181037	-0.0940275
0.154224	-0.208115
0.44297	-0.1908
0.607622	-0.243711
0.884043	-0.207388
0.743586	-0.253575
0.827067	-0.38649
0.931031	-0.40377
0.971846	-0.331733
1.31113	-0.596616
1.23625	-0.760533
1.09298	-0.924556
1.16232	-0.713777
1.06216	-0.862468
1.42194	-0.642537
1.11093	-0.733157
1.39114	-0.595904
1.38068	-0.526489
1.39324	-0.589924
1.11414	-0.610181
1.08651	-0.818557
0.780973	-0.719022
0.555873	-0.699383
0.694223	-0.624956
0.934357	-0.689173
0.745162	-0.6406
0.710285	-0.674207
0.601953	-0.902884
0.512483	-0.545461
0.622944	-0.788483
0.66104	-0.781094
0.575149	-0.749678
0.817266	-0.770146
0.528425	-0.644518
0.707553	-0.927319
0.52958	-0.841138
0.587626	-0.943917
0.505769	-0.843852
0.411212	-0.964801
0.525326	-0.784774
0.625571	-0.793281
0.596785	-0.838315
0.585181	-0.839308
0.655867	-0.853252
1.2428	-0.49641
1.19591	-0.68328
0.887306	-0.66566
0.868897	-0.517967
1.40926	-0.39015
1.37005	-0.444968
1.04518	-0.53759
1.31255	-0.35504
1.36012	-0.131589
0.947015	0.232683
0.333889	-0.0493696
-0.122113	-0.150541
-0.465114	-0.145294
-0.352139	-0.297816
-0.534767	-0.47281
-0.343243	-0.55124
-0.237916	-0.616523
0.217708	-0.510864
1.29454	-0.158169
1.32687	-0.255013
1.39953	-0.266009
1.44275	-0.314297
1.39797	-0.282185
1.59924	-0.550688
1.69006	-0.632737
1.65456	-0.582832
1.75636	-0.34168
2.02381	-0.0774862
2.01182	-0.0673838
2.04771	-0.104479
2.06774	0.0731694
2.08453	-0.0234474
1.95646	0.211467
1.83795	0.344605
1.93848	0.186589
1.76235	0.195441
0.853232	-0.540476
0.924359	-0.813025
0.738497	-0.971142
1.0524	-1.17734
1.29964	-1.20141
1.32991	-0.872825
1.41259	-0.725227
1.56745	-0.638196
1.57349	-0.556691
1.57661	-0.451803
1.5806	-0.292635
1.74924	-0.270987
1.66244	-0.0835626
1.86795	0.0188931
1.88243	0.112291
1.93504	0.0867783
1.70624	-0.187262
1.59978	-0.260992
1.24158	-0.34688
1.06832	-0.424487
1.38137	-0.266919
1.69901	0.0302225
1.49875	0.0687723
1.49082	-0.0689215
1.48707	-0.0751784
1.52522	-0.18059
1.67166	-0.226647
1.85783	-0.277189
1.99114	-0.441136
2.00808	-0.569089
1.98185	-0.421522
1.91384	-0.290787
1.77611	-0.109023
1.9242	-0.101346
1.88083	-0.0962659
1.60786	0.0711291
1.20455	0.0370174
1.0706	-0.504877
0.747254	-0.576883
0.0591982	-1.26283
0.259615	-1.00714
0.281637	-0.60935
1.40137	-0.690387
1.20395	-0.522204
1.29834	-0.369769
1.62054	-0.477102
1.89314	-0.469318
1.90765	-0.392843
1.90018	-0.421507
1.93298	-0.439833
1.99596	-0.531753
1.9651	-0.60419
2.01516	-0.746547
1.97775	-0.756093
1.97094	-0.828019
2.0672	-0.850431
2.09325	-0.638732
1.99016	-0.510815
1.86563	-0.58708
1.8484	-0.740718
1.69255	-0.652939
1.41964	-0.522285
1.15831	-0.420963
1.01714	-0.435058
0.798905	-0.344077
0.584817	-0.257637
0.45712	-0.439956
0.110515	-0.373857
-0.00581625	-0.318027
-0.0404375	-0.281308
-0.0895856	-0.27803
-0.096252	-0.250454
-0.0161659	-0.315399
0.163921	-0.35893
0.324414	-0.436518
0.793883	-0.59263
1.16769	-0.822643
1.21711	-0.876275
1.21288	-0.899542
1.39877	-0.94074
1.59654	-0.906567
2.03627	-0.740247
2.30342	-0.673096
1.97146	-0.566855
1.87665	-0.380604
1.88316	-0.212289
1.95443	-0.319558
1.75604	-0.205851
1.72091	-0.27189
1.68927	-0.116157
1.59124	-0.226141
1.35474	-0.264677
1.21416	-0.2931
1.20333	-0.555306
1.16783	-0.723329
0.812451	-0.707859
0.819073	-0.57688
0.787454	-0.741005
0.889054	-0.743548
1.10037	-0.548918
1.94911	-0.371786
1.84082	-0.435509
1.77561	-0.851069
1.87651	-0.912967
1.54696	-0.789333
1.725	-0.891702
1.96074	-0.915691
2.22637	-0.622542
1.63881	-0.298896
1.62242	-0.53181
1.38299	-0.587078
1.32487	-0.444093
1.12697	-0.608115
0.936015	-0.604987
-0.134579	-0.582815
-0.715416	0.130213
-0.686272	0.282279
-0.278601	0.0183985
-0.469705	-0.574371
-0.180203	-0.670087
-0.0782098	-0.548073
0.119469	-0.831007
0.342971	-0.656272
0.528975	-0.589835
0.534714	-0.715712
0.530505	-0.994599
0.49844	-0.686523
0.726069	-0.652484
1.32645	-0.203918
1.66084	0.0290434
1.41877	0.153065
1.50279	0.0670592
1.31422	0.0428206
1.10881	0.156107
0.990245	0.165965
0.331239	0.282636
-0.360813	-0.0631337
-0.504596	-0.101411
-0.749568	0.0186013
-1.09378	0.00374179
-1.09987	-0.0466922
-0.935583	-0.213036
-0.737921	-0.280941
-0.771953	-0.342377
-0.291047	-0.617971
0.298152	-0.489953
0.780728	-0.449879
0.756163	-0.312631
0.792309	-0.361073
0.712971	-0.420366
0.797465	-0.596011
1.22462	-0.654086
1.43414	-0.783259
1.52984	-0.766261
1.85703	-0.757577
1.68817	-0.0940202
1.65894	-0.0876669
1.77263	-0.0011697
1.63518	0.125477
1.5979	0.0754425
1.51716	0.00890151
1.50608	-0.00687617
1.44776	-0.163995
1.18983	-0.374772
1.37321	-0.529978
1.99583	-1.00376
2.02142	-0.879024
2.00175	-0.801312
1.80666	-0.636267
1.62952	-0.463496
1.55407	-0.287631
1.45075	-0.219671
1.33423	-0.14269
1.72515	-0.358615
1.79945	-0.401777
1.65261	-0.325184
1.78714	-0.362301
1.88347	-0.15969
1.91505	-0.281286
1.77387	-0.300735
1.8362	-0.245621
1.61112	-0.168936
1.62641	-0.191391
1.45503	-0.232582
1.55103	-0.241815
1.22781	-0.361614
0.326911	-0.182082
-0.0899319	-0.310699
-0.415537	-0.27087
-0.568204	-0.236235
-0.786719	-0.452069
-1.16753	0.0272037
-0.958324	-0.093747
-0.646618	-0.17985
-0.824902	-0.0451301
-0.843782	-0.12389
-0.90377	-0.160718
-0.630637	0.00877565
-0.512249	0.0373876
-0.524913	0.0401736
-0.470619	-0.106682
-0.00650392	-0.00761843
-0.0410598	-0.0580597
0.263479	-0.327247
0.529703	-0.460567
0.621406	-0.607349
0.643506	-0.758782
0.568118	-0.65809
0.540682	-0.708735
0.588774	-0.715561
0.950841	-0.909562
0.64762	-0.685762
0.718299	-0.809272
0.541869	-0.752475
0.501154	-0.669767
0.554978	-0.850023
0.459855	-0.842491
0.526182	-1.02331
0.545732	-0.847953
0.582016	-0.96473
0.47704	-0.85077
0.687023	-0.965783
0.572203	-0.917903
0.474065	-1.06666
0.597175	-1.08214
0.501481	-0.927526
0.49868	-0.986156
0.545781	-0.880074
0.436558	-0.955712
0.629749	-1.07789
0.679016	-0.815433
0.663633	-1.09004
0.709396	-0.920189
1.03001	-0.446301
0.609328	-0.709823
0.37566	-0.356506
0.452556	-0.445677
0.68628	-0.564295
0.8213	-0.562572
0.810318	-0.531461
0.0249578	0.39752
-0.0767527	0.375085
0.153044	0.230785
-0.112157	0.396109
0.1819	0.156616
0.134444	0.268275
0.16701	0.286686
0.246188	0.222155
0.297233	0.118509
0.360598	0.315005
0.794951	-0.267343
0.834318	-0.304107
0.922776	-0.547685
0.900087	-0.61353
0.657794	-0.680286
0.65251	-0.604471
-0.397985	-0.905119
-0.299518	-0.614444
0.17043	0.0922308
0.369019	-0.42523
0.67086	-0.481668
0.838948	-0.459688
1.04858	-0.681874
1.10459	-0.709056
1.20902	-0.902552
1.21794	-0.962944
1.25165	-0.98327
1.10047	-0.823833
1.00889	-0.664066
0.874236	-0.347552
0.712134	0.0435695
0.880373	0.23078
1.43539	-0.175115
1.93139	-0.345491
1.90755	-0.258586
1.75963	-0.179673
1.80921	-0.159938
1.41821	-0.0388962
0.839523	-0.071769
0.574248	-0.131788
0.708426	-0.377051
0.997275	-0.510728
1.22802	-0.632693
1.1892	-0.587716
1.31125	-0.766194
1.35792	-0.622769
1.33933	-0.523217
1.47467	-0.474009
1.45458	-0.264145
1.55263	-0.344161
1.87002	-0.526789
1.70263	-0.334476
1.03947	-0.0678479
0.501693	-0.32597
0.305335	-0.625952
0.0999837	-0.620801
-0.142396	-0.564363
-0.0978117	-0.724471
0.249372	-0.777736
0.587134	-0.791593
1.0137	-0.771764
2.14697	-0.601694
2.06018	-0.483204
1.97856	-0.443505
2.06874	-0.622777
2.03965	-0.762279
2.12118	-0.785386
2.03274	-0.59013
1.94689	-0.320687
1.6453	-0.257324
1.90634	-0.414847
1.72807	-0.32491
1.71654	-0.36684
1.912	-0.648439
2.0202	-0.787705
1.98236	-0.745588
1.92715	-0.816077
2.10789	-0.990601
2.0797	-0.995372
1.95594	-0.938333
1.51219	-0.679033
1.39881	-0.82996
1.221	-0.861575
1.16142	-0.828649
1.13824	-0.672194
1.28683	-0.465223
1.66925	-0.387182
1.89787	-0.314805
2.04564	-0.303843
1.94507	-0.0423462
1.95272	0.072709
1.80525	0.308802
1.17286	0.286308
0.148933	0.174658
0.0101626	0.317929
-0.406041	0.280938
-0.440232	0.0592036
-0.119543	-0.272816
0.148438	-0.257989
0.571305	-0.131198
1.15876	0.0492542
1.76605	-0.143704
1.69463	-0.189498
1.73355	-0.270103
1.85919	-0.444821
1.77987	-0.54447
1.79389	-0.792535
1.57788	-0.754833
1.55307	-0.815616
1.606	-0.839943
1.82561	-0.894153
1.97057	-1.05655
1.91057	-1.08976
1.78198	-0.962548
1.9836	-1.03774
2.23072	-1.06944
2.20285	-0.980185
1.69744	-0.547978
0.856351	-0.0808504
0.242178	0.0785697
-0.537134	0.178446
-0.520949	0.138362
-0.851732	0.0295239
-0.523154	-0.144943
-0.418661	-0.527892
-0.550102	-0.548476
-0.528671	-0.674434
-0.260592	-0.597157
0.477714	-0.54054
1.19797	-0.627269
1.59282	-0.288977
1.88126	-0.0862333
2.28405	-0.385137
2.18788	-0.576998
2.1329	-0.601001
1.97045	-0.879115
2.1224	-0.964544
2.13694	-0.895761
2.10702	-0.794228
2.10995	-0.779554
1.99234	-0.549815
1.84665	-0.22284
1.73772	0.0183064
1.6515	-0.0111861
1.599	-0.244356
1.23639	-0.298368
1.00894	-0.709271
0.188152	-0.867683
0.0481933	-1.04833
0.768217	-0.516694
0.71144	-0.414365
1.07817	-0.877478
1.34594	-0.487274
0.87377	-0.395911
1.3634	-0.459482
1.13351	-0.528032
1.28573	-0.649868
1.38164	-0.769333
1.43115	-0.884004
1.47359	-0.934197
1.41979	-0.922678
1.38871	-0.826682
1.52672	-0.846464
1.55548	-0.82077
1.61569	-0.722196
1.78163	-0.750799
2.02722	-0.532345
1.85034	-0.172988
1.68852	-0.133576
1.92911	-0.341526
1.76114	-0.255668
1.91859	-0.234662
1.8997	-0.386479
1.50777	-0.334196
1.08727	-0.272427
0.803297	0.305392
0.789954	0.207432
0.853854	0.102414
0.756403	0.16481
0.687478	0.150799
0.719291	0.170335
0.96913	0.0860854
1.06111	-0.0213664
0.650878	0.144577
0.146602	0.0198075
-0.395231	-0.151875
-0.3056	0.0380957
-0.328054	0.220275
-0.278562	0.205294
-0.224415	-0.0898529
-0.104042	-0.154186
-0.273339	-0.389188
-0.147184	-0.309334
-0.169343	-0.221818
-0.22648	-0.279035
-0.0775231	0.0430825
0.0025777	0.011662
0.203817	-0.115005
0.314133	-0.14447
0.461409	-0.273843
0.837882	-0.265592
0.839612	-0.602125
0.877727	-0.255387
0.910324	-0.583393
0.866778	-0.534271
0.804375	-0.674495
0.826871	-0.647624
1.06247	-0.723065
0.817709	-0.506501
0.711554	-0.579665
0.699214	-0.796498
0.838952	-0.805789
0.743167	-0.59068
0.692057	-0.694762
0.567318	-0.661339
0.683164	-0.813577
0.630338	-0.790609
0.493655	-0.717916
0.708368	-0.913698
0.556884	-0.865522
0.793721	-0.782469
0.39528	-0.513247
-0.039207	-0.430429
-0.203831	-0.440741
-0.213512	-0.356416
-0.404331	-0.459882
-0.581459	-0.497787
-0.462307	-0.528991
-0.510229	-0.388709
-0.256986	-0.302717
0.153398	-0.421571
0.440915	-0.529337
0.764811	-0.645191
0.558471	-0.573939
0.442539	-0.485279
0.742389	-0.564382
0.577131	-0.160416
0.392579	0.0199402
0.0862691	-0.0424932
-0.302496	-0.170088
-0.463755	-0.279934
-0.465263	-0.360965
-0.563921	-0.386791
-0.643062	-0.531072
-0.422729	-0.531213
-0.147625	-0.723564
-0.0179409	-1.0297
0.320893	-0.602
1.01452	-0.64473
1.41479	-0.657997
1.81819	-0.779388
1.81366	-1.01695
1.60058	-1.08932
1.25565	-0.940597
1.28593	-1.00965
1.18637	-0.981495
1.18119	-1.01716
1.30503	-1.12395
1.35326	-1.19019
1.34489	-1.20962
1.26526	-1.17017
1.24606	-1.21133
1.18272	-1.15123
1.11149	-1.08773
1.07979	-0.973053
1.12126	-0.776435
1.5346	-0.676308
1.64213	-0.699436
1.71481	-0.521425
1.70996	-0.209084
1.88232	-0.236655
2.0284	-0.231929
1.98282	-0.0804722
1.74369	0.0680362
1.74398	0.0473418
1.72897	-0.20715
1.35988	-0.340486
0.199548	-0.20884
0.0250836	-0.0445577
-0.781411	-0.0703551
-0.903928	-0.0760864
-0.901517	0.0326828
-0.791804	-0.0399369
-0.807195	-0.414978
-0.759143	-0.5816
-0.227016	-0.638803
0.640346	-0.453176
1.56883	-0.431952
0.886983	-0.428639
0.79016	-0.674454
0.64587	-0.677696
0.526851	-0.622089
0.627024	-0.745729
0.656242	-0.992955
0.505943	-0.905885
0.553903	-0.727763
0.66601	-0.805257
1.30358	-0.566464
1.02669	-0.706801
1.85661	0.00129524
2.15393	-0.201282
2.05055	-0.234145
2.06374	-0.146422
2.01724	-0.109782
2.12482	-0.43452
2.01935	-0.751297
1.92884	-0.646985
1.9647	-0.719473
1.97818	-0.63818
1.99706	-0.60634
1.94019	-0.480409
1.82907	-0.489075
1.95047	-0.555559
2.04512	-0.557512
2.12013	-0.825818
2.00386	-0.673406
2.1459	-0.74236
2.06469	-0.894434
1.8066	-0.851627
1.60852	-0.821856
1.37191	-0.786091
1.15189	-0.831951
1.03355	-0.845578
0.954587	-0.819125
0.906847	-0.8603
0.852291	-0.824046
0.869323	-0.813166
0.908045	-0.859369
0.997315	-0.855111
1.10211	-0.799813
1.33201	-0.794759
1.5521	-0.772793
2.03688	-0.754628
1.84927	-0.333866
1.73029	-0.0728327
1.71126	-0.262741
1.39428	-0.104295
0.760085	-0.0816185
0.263988	-0.239147
-0.13915	-0.371725
-0.458792	-0.474138
-0.15925	-0.296476
-0.247505	-0.429276
-0.0868294	-0.44595
-0.187117	-0.509888
-0.18921	-0.551361
-0.253386	-0.577618
-0.0569445	-0.264392
0.647487	-0.12585
0.813646	-0.72951
0.530769	-1.07307
0.52007	-0.767546
0.493835	-0.892078
0.423735	-0.809811
0.482765	-0.765328
0.500297	-0.711135
0.689314	-0.761228
0.470427	-0.78826
0.7024	-0.829094
0.826102	-0.903391
0.399758	-0.953231
0.719937	-0.614957
0.887197	-0.240679
1.41137	-0.633167
1.79997	-0.318565
1.97169	0.0614493
1.9285	0.332237
2.21302	0.247479
2.35557	0.0819218
2.03875	0.137712
2.04684	0.267529
1.89787	0.352694
1.66889	0.457598
1.58216	0.329488
1.42809	0.182545
1.29709	-0.159281
0.964907	-0.431238
0.724477	-0.568352
0.53989	-0.533682
0.366162	-0.439811
0.457552	-0.42476
0.66197	-0.272109
1.37893	-0.055393
1.55171	-0.0832563
1.6021	-0.0160985
1.38732	-0.107144
1.31074	-0.149848
1.48787	-0.182455
1.58756	-0.134923
1.45923	-0.17853
1.4042	-0.16584
0.986889	-0.39333
0.753744	-0.657479
0.573995	-0.613331
0.53333	-0.44276
0.157212	-0.348452
0.297208	-0.366354
0.130233	-0.316887
0.020044	-0.204085
0.0450255	-0.210149
0.0870549	-0.259316
0.092387	-0.275654
0.0362269	-0.204439
0.0130289	-0.182576
0.126028	-0.216429
0.230747	-0.29348
0.352035	-0.317468
0.450133	-0.39628
0.629061	-0.532516
0.793026	-0.608306
0.996508	-0.663441
1.13513	-0.623236
1.37753	-0.574053
1.44077	-0.603542
1.81563	-0.726746
1.63254	-0.448029
1.53804	-0.595782
1.78097	-0.537502
1.92404	-0.517386
1.71252	-0.596011
1.63771	-0.429437
1.38317	-0.431058
0.776218	-0.405146
0.293582	-0.492049
0.0522472	-0.711908
0.0406596	-0.788037
-0.117342	-0.645755
-0.246292	-0.685552
-0.254674	-0.509495
-0.32079	-0.500991
-0.363485	-0.541869
-0.361107	-0.534517
-0.0178171	-0.393055
0.359468	-0.199972
-0.214498	-0.238106
0.0317304	-0.271331
-0.141949	-0.258318
-0.23408	-0.478976
0.0632541	-0.552547
0.383154	-0.752343
0.484044	-0.605758
0.588062	-0.762837
0.797872	-0.673071
0.558111	-0.616302
0.714842	-0.732701
0.473483	-0.655075
0.5011	-0.754632
0.542966	-0.884961
0.436084	-1.06149
0.366914	-1.07179
-0.031528	-0.820897
-0.0263179	-1.12314
0.0746718	-1.01297
-0.166249	-1.02051
-0.252838	-1.05783
-0.0748384	-1.15092
0.562304	-0.725941
0.698321	-0.820298
0.986465	-0.829153
0.818603	-0.655326
0.755679	-0.690656
0.679152	-0.656989
0.560502	-0.608508
0.628559	-0.600406
0.640944	-0.493612
0.69406	-0.476817
0.704309	-0.540239
0.731308	-0.671606
0.739359	-0.750257
0.858184	-0.855361
1.0675	-0.925254
1.32982	-0.881062
1.56436	-0.701926
1.85287	-0.604621
2.17065	-0.794907
2.06508	-0.516451
2.13979	-0.539042
2.07503	-0.502184
2.07242	-0.333933
2.13628	-0.406476
1.69847	-0.331952
1.39244	-0.627042
1.51882	-0.870561
1.56531	-0.988468
1.75513	-0.88324
1.84269	-0.681473
1.8425	-0.751774
1.81444	-0.954387
1.60997	-1.01952
1.58245	-1.06834
1.53205	-1.00187
1.60836	-0.912601
1.8517	-0.896777
2.19268	-0.900178
2.08858	-0.908187
1.99468	-0.663664
1.94394	-0.308473
2.08467	-0.235842
1.96487	-0.0490728
1.91166	0.0381329
1.94504	-0.206825
0.988255	-0.00637974
0.523073	-0.286062
-0.0155154	-0.140993
-0.29645	-0.374069
-0.400305	-0.557532
-0.315269	-0.283198
-0.119539	-0.404329
0.166878	-0.367607
0.838953	-0.79535
0.995461	-0.742812
1.43623	-0.645369
1.8143	-0.679338
1.9195	-0.601507
1.5397	-0.791039
1.56534	-0.803898
1.51704	-0.798558
1.43178	-0.7304
1.49479	-0.703443
1.54769	-0.664111
1.62603	-0.501932
1.88614	-0.365685
1.93742	-0.187186
1.62259	-0.350223
1.42735	-0.465621
1.23804	-0.390425
1.12757	-0.562526
0.767649	-0.579119
0.691605	-0.522409
1.55238	-0.32418
1.71283	-0.267251
1.59244	-0.562773
1.75748	-0.600914
1.55896	-0.617118
1.72036	-0.663207
1.91645	-0.600563
1.85411	-0.588186
1.88863	-0.241579
1.76053	-0.0442812
1.64564	-0.0772242
1.67897	-0.159543
0.403875	0.0038689
0.112842	-0.0584949
-0.270839	0.335235
-0.665895	0.360389
-0.0413627	0.258473
0.401204	0.239793
1.04492	0.0986828
1.61648	-0.320854
1.66521	-0.338336
1.59617	-0.297775
1.56608	-0.277952
1.68792	-0.582226
1.8259	-0.849966
1.59823	-0.804417
1.59116	-0.948789
1.7312	-0.978752
1.83005	-0.901971
1.76448	-0.63432
1.73971	-0.392206
2.10839	-0.576515
1.98881	-0.456977
2.02231	-0.564104
1.94086	-0.514841
1.57865	-0.717387
1.62326	-0.660736
1.78488	-0.604868
1.68665	-0.488717
1.62573	-0.150613
1.6803	-0.0300917
1.59564	-0.0673189
1.39123	-0.327106
0.362167	-0.433713
0.261909	-0.757779
0.793626	-0.708925
1.04517	-0.46468
1.73324	0.0469284
1.6434	-0.146519
1.87195	-0.164975
1.75622	-0.172693
1.86535	-0.0780848
1.79619	0.112471
1.70678	0.20921
1.32285	-0.218641
1.42282	-0.410212
1.18785	-0.519559
0.994594	-0.705518
0.42658	-0.71646
0.542234	-0.946807
0.677938	-0.707899
1.21857	-0.0847775
1.51731	-0.315448
1.93605	-0.328832
2.08596	-0.34921
2.08662	-0.303164
2.0362	-0.327007
2.16828	-0.561426
2.05329	-0.573682
2.04515	-0.562399
2.02233	-0.510555
2.02063	-0.555019
1.793	-0.574135
1.67541	-0.610316
1.66268	-0.543103
1.59819	-0.363734
1.65724	-0.269059
1.03744	-0.357194
0.986304	-0.220943
0.748309	-0.12611
0.473585	-0.176627
0.584667	-0.362595
0.733984	-0.49718
0.777619	-0.483713
0.404248	-0.227487
0.377184	-0.235037
0.281728	-0.266788
0.470805	-0.339368
0.365875	-0.15663
0.36038	-0.222051
0.334251	-0.280231
0.540702	-0.340835
0.594571	-0.411863
0.569482	-0.530255
0.578758	-0.523669
0.78756	-0.652143
1.11903	-0.385602
1.29718	-0.514118
1.69299	-0.490823
1.69585	-0.519021
1.67399	-0.545584
1.65528	-0.539544
1.86281	-0.5085
2.03668	-0.392424
1.81758	-0.40224
1.73509	-0.446011
1.50259	-0.590295
1.56885	-0.559105
1.27939	-0.503487
1.10456	-0.804141
1.06571	-0.751985
0.909052	-0.758764
0.891354	-0.746944
0.877903	-0.889718
0.719682	-0.765117
0.813988	-0.824631
0.70028	-0.872217
0.585702	-0.763524
0.565105	-0.76602
0.543192	-1.00732
0.454656	-0.931879
0.720325	-0.768811
0.515993	-0.817602
0.0768302	-1.16432
0.523614	-0.931588
0.703325	-0.767873
0.721281	-0.878986
0.452756	-0.756756
0.127042	-0.685941
0.330133	-0.774873
0.453071	-0.814873
0.67213	-0.789135
0.750706	-0.644283
0.875472	-0.914441
0.790942	-0.676861
0.756095	-0.392425
1.25843	-0.0444159
1.7418	-0.299997
1.59718	-0.614728
1.79136	-0.787547
1.18695	-0.537228
1.58458	-0.666542
1.94517	-0.837979
1.80203	-0.763889
1.7049	-0.590381
1.91647	-0.466089
2.02373	-0.418869
1.91824	-0.199791
1.78862	-0.0888104
0.881477	0.215349
0.37469	-0.00318613
-0.099749	0.157076
-0.333347	-0.101716
-0.414828	-0.393199
-0.304556	-0.494101
-0.192984	-0.451151
0.0513725	-0.407227
1.36332	-0.311674
1.78861	-0.370078
1.88474	-0.361106
1.78184	-0.419533
2.05026	-0.659924
2.34366	-0.760612
2.36698	-0.777988
1.90721	-0.473454
1.71915	-0.427283
1.71697	-0.228614
1.80417	-0.164586
1.89833	-0.0632398
1.83273	0.09264
1.56259	-0.156802
1.43897	-0.109248
1.37166	-0.276645
0.906037	-0.863446
0.353488	-0.766919
1.03433	-0.351088
1.72006	-0.392711
1.83594	-0.184838
1.99939	-0.242992
2.10302	-0.262568
1.96317	-0.248258
2.02765	-0.41417
1.98357	-0.343012
2.2174	-0.476065
2.25513	-0.481842
2.2044	-0.384434
1.70431	-0.357182
2.0125	-0.538322
2.06796	-0.460448
2.12246	-0.592831
2.01208	-0.599821
2.41535	-1.04484
1.98405	-0.833223
1.88054	-0.769076
1.86466	-0.634187
1.90634	-0.474996
1.19054	0.0224844
0.586903	0.143406
0.341051	-0.261286
-0.20445	-0.0245295
-0.296856	-0.280262
-0.279585	-0.531195
0.0172696	-0.740152
0.17907	-0.645816
0.368338	-0.532709
1.50981	-0.201101
1.95954	0.0986264
1.72938	0.141607
1.78698	0.0379081
2.05363	-0.215036
2.02095	-0.262026
1.37257	-0.0350221
1.06739	0.0660396
1.263	0.170312
1.12958	0.35924
1.15745	-0.12391
1.11738	-0.622132
0.924743	-0.57111
0.825833	-0.520683
0.856523	-0.578052
0.715155	-0.87388
0.66447	-0.785021
0.826562	-0.618246
0.718494	-0.869524
1.21628	-0.397348
1.67525	-0.731711
1.56932	-0.687438
1.57787	-0.74334
1.57784	-0.78295
1.49594	-0.744039
1.36464	-0.779513
1.25857	-0.578418
1.14442	-0.457776
0.930133	-0.327501
0.424075	-0.547375
0.683216	-0.446237
1.05644	-0.401485
0.581809	-0.723376
0.1837	-0.791453
-0.31624	-0.327177
-0.124162	-0.455153
-0.438322	-0.389529
0.720127	-0.0863218
1.47618	-0.477402
1.52084	-0.169581
1.57754	-0.25193
1.59314	-0.240439
1.82295	-0.369156
1.84393	-0.458003
1.79903	-0.376774
1.91455	-0.345624
1.80335	-0.214503
1.84262	-0.199237
1.72559	-0.0942321
1.46427	-0.151801
1.3994	-0.229432
1.08823	-0.486926
0.988252	-0.528212
0.94366	-0.365757
0.993003	-0.785709
1.14824	-0.780667
0.926461	-0.488469
1.43518	-0.231391
1.87655	-0.88532
1.87698	-1.11052
1.68829	-0.274335
1.88022	-0.993659
1.69436	-0.914493
1.60176	-0.930609
1.4466	-0.799921
1.54881	-0.936115
1.52352	-0.936877
1.40575	-0.99272
1.59451	-1.0809
1.53749	-1.13102
1.61098	-1.14822
1.62959	-0.997491
1.89264	-0.960734
1.87649	-0.81421
1.94775	-0.783922
1.8281	-0.650003
1.78784	-0.606717
1.89139	-0.6248
1.98247	-0.536729
1.62181	-0.684294
1.05446	-0.579191
0.714634	-0.359924
0.715521	-0.296624
0.750065	-0.0960043
0.808064	0.13663
0.971113	-0.0561736
0.779521	-0.0692876
0.716712	-0.111085
0.825563	-0.112253
1.22949	-0.0429581
0.948914	-0.207407
0.363051	-0.105906
-0.15944	-0.181733
-0.645484	-0.218804
-0.546552	-0.214345
-0.782855	-0.134577
-0.823543	0.0418849
-0.809477	0.0684473
-0.710674	-0.265628
-0.658429	-0.209068
-0.749974	-0.248164
-0.654531	-0.286826
-0.616815	-0.204017
-0.50289	-0.315622
-0.276182	-0.314906
-0.487204	-0.331093
-0.202383	-0.277461
-0.178862	-0.438517
-0.398025	-0.469319
-0.0404876	-0.400377
0.268605	-0.440616
0.287509	-0.764886
0.421895	-0.601271
0.571913	-0.71522
0.545094	-0.718801
0.571545	-0.85523
0.660086	-0.902772
0.541128	-0.926015
1.40454	-0.467577
2.07934	-0.760786
2.30065	-0.83173
2.37622	-0.699959
2.13455	-0.5566
2.20313	-0.616777
2.11667	-0.541485
2.07119	-0.340505
1.99758	-0.213989
2.01304	0.0915728
1.43651	-0.208831
0.38607	-1.26377
0.793564	-0.851176
2.25977	-0.514077
1.88033	-0.11203
1.66361	0.0408626
2.12299	-0.247817
2.28039	-0.515487
2.36074	-0.669838
2.15264	-0.504137
2.4342	-0.669876
2.28819	-0.630346
2.24142	-0.481664
2.34926	-0.519863
2.12386	-0.575733
1.97757	-0.773715
1.83035	-0.74344
1.63639	-0.694933
1.64262	-0.794627
1.86899	-0.708576
2.14533	-0.594798
1.96478	-0.285517
2.11971	-0.343529
1.99386	-0.272075
1.94078	-0.164495
1.84647	-0.0422233
1.83557	-0.0113031
1.87059	0.125956
1.78621	0.193559
1.72494	0.258188
1.74897	0.349317
1.70883	0.270986
1.67238	0.276192
1.63204	0.279946
1.6603	0.209507
1.67585	0.226613
1.71999	0.128774
1.63384	0.121354
1.69653	0.0174218
1.78794	-0.0288775
1.8045	-0.014398
1.96836	-0.0156884
1.96696	-0.100631
2.06295	-0.186366
2.02348	-0.204947
2.05028	-0.298009
1.98739	-0.207056
2.39853	-0.543501
1.78962	-0.606133
1.93351	-0.842241
1.7533	-0.787992
1.84682	-0.83501
1.76711	-0.691481
1.83684	-0.660393
1.77993	-0.38111
1.86769	-0.307399
1.82969	-0.115748
1.74119	-0.00156634
1.02087	-0.489042
0.721176	-0.878332
1.2421	-0.410674
2.04668	-0.617332
1.76447	-0.322822
0.854865	-5.89443e-05
-0.320945	-0.29186
-0.0447626	0.073623
1.37816	-0.16812
1.95287	-0.633273
2.04144	-0.737238
1.90001	-0.618232
2.15546	-0.687623
2.27313	-0.75445
2.28442	-0.654596
2.32269	-0.550551
2.11986	-0.891809
1.86276	-0.812972
1.93586	-0.969877
1.81879	-0.95734
2.13522	-0.980451
2.0682	-0.528651
2.28447	-0.811858
2.20157	-0.919781
1.97375	-0.868186
1.88521	-0.632381
1.92856	-0.366221
1.90035	-0.16984
1.92853	-0.137565
1.56828	-0.204972
1.19798	-0.298753
1.0895	-0.461037
0.408688	-1.16809
0.443094	-1.24429
0.465946	-0.770588
1.37639	-0.599416
1.34971	-0.679948
1.50254	-0.570709
1.72418	-0.952844
1.93459	-1.01322
1.48788	-0.49112
1.58912	-0.0806237
1.58385	-0.176802
1.57974	-0.246824
1.51466	0.0133512
1.49685	0.234421
1.65991	0.105425
1.45804	0.0510171
1.43106	-0.083244
0.656419	0.0314916
-0.0295806	-0.265137
0.23503	-0.13835
0.150884	-0.109492
-0.346132	0.0890848
-0.048168	0.0575792
0.499953	-0.35969
1.55063	-0.657054
1.57062	-1.07385
1.69864	-0.96359
1.86956	-0.887612
2.04842	-0.123789
2.05643	-0.120507
1.96944	-0.0585507
2.06602	-0.0557266
2.1523	-0.0145803
2.25474	0.27234
2.07813	0.28128
2.29952	0.310257
2.10414	0.154999
1.95875	0.0631681
1.74156	0.0688771
1.32842	-0.162686
0.806052	-0.404153
0.613793	-0.494258
0.56504	-0.776602
0.701631	-0.796039
0.723159	-0.680412
0.56579	-0.847351
0.806528	-0.863712
0.686409	-0.747762
0.556892	-0.747648
0.985465	-0.567855
1.08655	-0.550156
0.933337	-0.406387
0.90697	-0.510685
0.482821	-0.726501
0.862452	-0.769476
0.997232	-0.758605
0.875967	-0.716774
0.701174	-0.888675
0.672404	-0.882215
0.678289	-0.755623
0.465225	-0.78408
0.810651	-0.721554
0.331217	-0.793052
0.627501	-0.888794
0.747725	-0.786429
0.436386	-1.04604
0.415875	-0.926075
0.388195	-0.740227
0.487666	-0.797238
0.544007	-0.901978
0.498682	-0.80386
0.736804	-0.707394
0.710149	-0.604622
0.942152	-0.443042
1.53322	-0.528307
1.33337	-0.769819
1.89969	-0.968893
2.00273	-0.984948
1.98939	-0.936406
2.00696	-0.949807
1.76781	-0.746439
1.71198	-0.57598
1.76014	-0.449859
1.73533	-0.239085
1.83612	-0.0451028
1.786	0.0849316
1.71676	0.126429
1.58683	0.283816
1.65155	0.218326
1.62238	0.301486
1.55245	0.205706
1.42893	0.219124
1.20695	0.211792
1.10488	0.22059
1.03062	0.0539421
0.995941	-0.161533
0.93214	-0.323659
0.810835	-0.506263
0.607975	-0.596881
0.375302	-0.55269
0.221979	-0.550912
0.161477	-0.513158
0.186067	-0.501499
0.307191	-0.537435
0.44952	-0.610643
0.654965	-0.74749
0.964241	-0.919094
1.31965	-1.10534
1.60105	-1.15316
1.50481	-0.965834
1.65705	-0.786895
1.57892	-0.415189
1.91034	-0.567585
1.88453	-0.409408
1.96423	-0.412121
1.86773	-0.281898
1.84931	-0.364298
2.02296	-0.529147
1.96475	-0.643663
1.70497	-0.599024
2.20581	-0.498593
2.0295	-0.482598
1.98194	-0.461331
2.01957	-0.528995
1.85531	-0.443174
1.82867	-0.464584
1.68251	-0.438798
1.64557	-0.50639
1.69421	-0.479881
1.62526	-0.300579
1.61914	-0.0978129
1.51229	0.100072
1.22743	0.121798
1.07666	0.0492999
-0.0274116	0.430115
-0.423658	0.271438
-0.661825	0.136938
-0.878585	0.0348566
-0.805493	-0.245925
-0.318217	-0.571575
-0.552317	-0.540467
-0.263253	-0.49172
0.0653533	-0.74825
0.762174	-0.492786
1.65292	-0.195534
2.04421	-0.379603
1.90844	-0.414244
1.99734	-0.613681
1.90834	-0.627592
1.81886	-0.605242
1.92715	-0.597053
1.90244	-0.483157
1.87934	-0.351869
1.75212	-0.0476989
1.38771	-0.00259477
1.11069	-0.353085
0.794251	-0.585711
0.835363	-0.657758
0.959491	-0.354338
2.26089	-0.418009
1.83709	0.0549818
1.78565	0.0736174
1.80228	0.0162444
1.8894	0.0569858
1.76062	0.0819843
1.06181	0.314855
0.280529	0.113361
0.0232932	0.078653
-0.0354542	-0.100726
0.0648835	-0.375004
0.0551293	-0.545893
0.279645	-0.820161
0.468585	-0.936237
1.01894	-0.695551
1.80152	-0.590471
2.32108	-0.704428
2.10982	-0.433637
2.14542	-0.594789
1.93773	-0.507642
1.75995	-0.51856
1.53428	-0.371149
1.38737	-0.353553
1.1666	-0.324195
0.788424	-0.491203
0.961031	-0.686522
0.877537	-0.731684
0.885894	-0.623637
1.23033	-0.889879
0.94226	-0.979816
1.11098	-0.723417
1.16503	-0.868757
1.51575	-0.964411
1.43483	-0.911029
1.64626	-0.915238
1.99811	-0.703748
2.06565	-0.720596
1.88858	-0.556302
1.99619	-0.634282
1.97289	-0.70246
1.9361	-0.598739
1.94273	-0.427602
2.066	-0.289146
1.53048	-0.0582123
1.13376	0.193004
0.878997	0.484582
0.681597	0.185841
0.457148	0.275837
0.105695	-0.16833
-0.0376414	-0.149399
-0.118474	-0.535491
0.234449	-0.606703
0.377385	-0.545457
1.00347	-0.00348116
1.99409	-0.168282
2.14373	-0.183247
2.34622	-0.217495
2.24576	-0.115719
2.22578	-0.106624
2.15954	-0.0802398
2.19303	0.0460652
2.14124	0.0745697
2.31959	0.0953047
1.78953	0.260801
0.999822	0.151702
0.265001	-0.0709279
-0.602279	-0.204705
-1.04337	-0.0229407
-1.10629	-0.0185084
-1.24896	-0.419237
-1.15026	-0.357862
-1.01187	-0.521195
-0.851927	-1.00087
-0.60992	-0.841325
-0.140053	-1.27334
0.707506	-0.776157
1.64359	0.102885
1.5789	-0.00571742
1.42773	-0.0998507
1.51804	-0.102633
1.41162	-0.00717394
1.58885	-0.0457575
1.75518	-0.212635
2.0749	-0.508534
1.97834	-0.523208
2.19168	-0.632459
2.1961	-0.726271
2.12013	-0.733727
1.88031	-0.677995
1.81688	-0.712386
1.77296	-0.577098
1.78372	-0.593356
1.93104	-0.742092
1.99815	-0.589348
1.99152	-0.551661
1.90421	-0.465721
2.02116	-0.637999
1.84754	-0.458606
1.91392	-0.461067
1.92578	-0.156875
1.69576	-0.311926
1.77734	-0.262556
1.65962	-0.306585
1.81151	-0.105345
1.7934	0.0948957
1.7332	-0.312958
1.57941	-0.372692
1.53555	-0.31555
1.39271	-0.349443
1.37301	-0.518465
1.16701	-0.686206
0.0336993	-0.97698
0.370559	-0.857091
0.597746	-1.05547
0.461849	-1.05412
1.45849	-0.253653
1.96448	-0.0291108
2.16735	-0.230319
2.11209	-0.0435923
2.13303	-0.231387
2.07342	-0.211943
1.77618	-0.319295
1.74111	-0.651401
1.70506	-0.723698
1.58711	-0.671339
0.947956	-0.510932
1.33082	-0.577158
1.84771	-0.667777
2.09319	-0.686687
2.09803	-0.822402
2.10261	-0.793279
1.76875	-0.570568
1.41406	-0.530159
1.88249	-0.771566
2.09253	-0.726266
1.79604	-0.430278
1.60644	-0.200625
1.54021	-0.134693
1.29347	-0.357919
0.717072	-0.643005
0.359186	-0.662765
0.472141	-0.95436
0.662194	-0.770908
1.02422	-0.248374
1.15241	0.0194325
1.42847	-0.197287
1.67106	-0.272361
1.64987	-0.254126
1.64798	-0.118731
1.72226	-0.0552111
1.67963	0.023987
0.470892	0.474579
-0.232466	0.366466
-0.521008	0.223521
-0.217776	-0.0609527
-0.289943	-0.0887023
0.39085	0.0773883
1.44029	0.0587972
1.62235	0.124204
1.87643	0.197557
1.79655	0.150489
1.72804	0.145999
1.66477	0.170381
1.58429	-0.00661342
1.52177	-0.0782131
1.34012	-0.359923
1.68858	-0.126029
1.95035	-0.24326
1.95596	-0.220126
1.91209	-0.416034
1.88624	-0.562658
1.98141	-0.636089
1.87716	-0.467049
1.83865	-0.506938
2.26324	-0.733661
2.43044	-0.63048
2.16068	-0.168818
1.69039	-0.117791
1.53312	-0.109481
1.45979	-0.330151
0.988818	-0.549776
0.943407	-0.58138
0.925078	-0.556723
1.1385	-0.428362
1.37326	0.0224885
1.73625	0.0887599
2.03178	0.157808
1.88117	0.239891
1.97054	-0.104213
1.93258	-0.293119
1.60822	-0.0335132
1.46543	-0.00144458
1.44348	-0.239339
1.08043	-0.213999
0.48557	-0.799649
0.266505	-0.941474
0.156086	-0.863014
0.736119	-0.517028
1.27136	-0.377317
1.82945	-0.908067
1.84822	-1.10164
1.59062	-1.06875
1.71318	-1.14218
1.6457	-1.05529
1.8312	-1.07871
1.93038	-0.961393
1.99417	-0.888234
1.89669	-0.773325
1.72222	-0.505704
1.86497	-0.436852
1.79855	-0.182074
1.691	0.0121086
0.695122	-0.28877
0.242508	-0.633175
0.0237184	-0.50846
0.0402406	-0.445956
-0.313321	-0.506476
-0.164909	-0.509853
0.794072	-0.223956
1.63875	-0.0793286
1.5541	-0.18821
1.58029	-0.268958
1.59166	-0.263881
1.94566	-0.440531
1.97486	-0.499035
2.14127	-0.701713
1.93867	-0.598036
1.81242	-0.536748
1.82956	-0.676053
1.63197	-0.650531
1.53768	-0.734933
1.29279	-0.705877
1.13593	-0.756428
0.883212	-0.696116
0.582916	-0.493315
0.514471	-0.242763
0.817064	-0.128533
1.93018	-0.703399
1.93277	-0.658421
1.89273	-0.434916
1.91663	-0.450058
1.93941	-0.347003
1.59748	-0.0363121
1.38271	-0.0872585
1.1516	-0.442977
0.908835	-0.577268
0.240386	-0.750656
0.459764	-1.02282
1.43182	-0.684737
1.58791	-0.730032
1.67452	-0.497358
1.74586	-0.522001
1.87878	-0.607868
2.05163	-0.799228
2.03817	-0.93977
1.49361	-0.606078
1.68222	-0.895407
2.01255	-1.07554
2.20059	-0.840007
2.21721	-0.509576
2.16242	-0.248079
2.0598	-0.259228
1.96575	-0.259744
1.92407	-0.298363
1.8239	-0.27855
1.80084	-0.318788
1.93127	-0.406433
2.05021	-0.533177
1.88728	-0.552124
1.78155	-0.595867
1.80456	-0.727857
1.81691	-0.758134
2.15637	-0.848383
1.99374	-0.886794
1.7906	-0.852158
1.85785	-0.891885
1.83091	-0.822151
1.75689	-0.638842
1.06262	-0.162675
0.892708	-0.00232353
0.564674	0.193276
0.407248	0.158666
0.28231	0.153131
0.147425	0.0650334
0.200679	-0.091515
0.431354	-0.397472
0.752399	-0.637384
1.01739	-0.793676
1.35395	-0.912556
1.58993	-0.926743
1.61537	-0.832132
1.82217	-0.789406
2.07855	-0.845176
1.77088	-0.847186
1.75268	-0.888059
1.28455	-0.626906
1.72326	-0.819804
1.50798	-0.716051
1.44745	-0.635062
1.39281	-0.524213
1.52343	-0.460508
1.57321	-0.249226
1.68536	-0.0444381
1.74176	0.0527057
1.84792	-0.0229525
1.94481	-0.179833
1.88773	-0.294779
2.00372	-0.377198
2.11674	-0.541614
1.80693	-0.680944
1.7951	-0.688187
1.67159	-0.658104
1.65354	-0.638055
1.76571	-0.607501
1.54799	-0.447849
1.09998	-0.0281356
0.586612	0.182597
0.406524	0.0975067
0.288291	-0.16556
0.226419	-0.331788
0.322801	-0.500814
0.497348	-0.611088
0.713316	-0.680545
1.01993	-0.704315
1.35987	-0.625981
1.68707	-0.362914
1.56318	0.175978
1.09935	0.11057
0.333396	-0.0912181
-0.392158	-0.239534
-0.60014	-0.110891
-0.516138	-0.226502
-0.626004	-0.423174
-0.428455	-0.478035
-0.462347	-0.601784
-0.2478	-0.585648
0.251842	-0.708912
0.508044	-0.657369
0.754974	-0.668359
1.15196	-0.722394
1.70857	-0.244094
1.68006	-0.159367
1.50015	0.313097
1.53809	0.192552
1.58888	0.0284336
1.62367	-0.314861
1.60181	-0.30766
1.39688	-0.486667
1.02082	-0.658081
0.946452	-0.902151
0.786183	-0.970224
0.424093	-0.705522
0.388882	-0.714346
0.416835	-0.730605
0.493358	-0.669319
0.692218	-0.740293
1.02029	-0.886199
1.14921	-0.877083
1.36534	-0.849058
1.41859	-0.613583
1.24893	-0.40466
1.4115	-0.32211
1.52392	-0.257102
1.28422	-0.340038
0.887699	-0.35881
0.958527	-0.613005
0.43907	-0.590005
-0.162637	-1.00428
0.721997	-0.705662
0.483862	-0.601554
0.563404	-0.714045
0.624963	-0.423141
1.04036	-0.253258
0.689951	-0.0669359
0.790023	-0.442909
0.666834	-0.496132
0.80374	-0.661214
0.992079	-1.02318
0.356154	-0.708202
0.45473	-1.06664
0.348907	-0.936191
0.632744	-0.679167
0.627241	-0.780208
1.10573	-0.867696
1.13943	-0.836418
0.812068	-0.656408
1.08013	-0.74223
1.48739	-0.851378
1.73335	-0.427092
1.71645	-0.452358
1.89045	-0.391778
1.64465	-0.407152
1.74502	-0.551292
1.56344	-0.52149
1.56807	-0.773136
1.31552	-0.800639
1.23639	-0.756108
1.10658	-0.576705
1.17875	-0.538134
1.05007	-0.755915
0.84245	-0.909586
0.522811	-0.593585
0.586715	-0.753496
0.722135	-0.834097
0.662609	-0.886635
0.599687	-0.703724
