-18.1661	-8.91282
-22.0846	-11.7162
-22.2885	-9.96797
-21.9339	-8.98925
-19.9109	-8.50098
-21.6028	-11.4176
-21.0347	-10.8331
-18.4281	-12.2663
-19.9412	-8.66458
-18.4456	-4.74833
-12.6761	-2.56794
-11.7378	-0.379368
-12.5064	-1.29467
-10.6783	-2.55798
-10.3175	-3.85345
-11.765	-3.2547
-12.8232	-6.15477
-15.4387	-8.618
-17.0943	-12.1055
-17.0846	-14.7579
-16.6359	-14.4421
-16.0172	-13.7705
-14.2292	-11.3583
-13.3112	-6.58852
-16.093	-2.02935
-20.5769	3.17489
-28.1273	-1.92726
-29.851	0.00304683
-32.7163	-1.29409
-32.1742	-0.383936
-32.6621	-3.55958
-30.208	-7.44305
-25.0546	-7.45978
-14.3867	-14.9481
-16.1325	-21.2977
-22.3854	-22.6247
-24.6896	-21.4957
-25.2168	-20.6643
-24.2208	-20.2134
-23.3216	-20.2645
-21.7526	-21.2544
-19.6368	-22.3002
-16.5095	-18.6593
-14.4616	-13.096
-20.0382	-7.42178
-20.2921	-7.09927
-22.231	-8.89489
-22.3909	-8.21162
-15.4683	-7.67072
-8.96725	-18.2002
-10.0039	-20.2786
-12.0846	-19.3834
-13.6556	-19.434
-13.8657	-17.4472
-13.3583	-17.1967
-14.3132	-17.7339
-14.8148	-18.8798
-14.8477	-19.7423
-16.0734	-21.0237
-17.8303	-21.2054
-17.9577	-21.5515
-17.9163	-22.0614
-17.0171	-22.5733
-14.8504	-22.3667
-14.2696	-22.0836
-12.6049	-19.5848
-9.83081	-19.1559
-7.43909	-18.0074
-6.57967	-14.4494
-7.35067	-12.5506
-8.80719	-14.5643
-10.3063	-15.5825
-13.1609	-17.7252
-13.7419	-19.3817
-15.6386	-18.5253
-16.7092	-15.9284
-10.0481	-11.2799
-8.56074	-9.55304
-21.6622	-10.9607
-16.9886	-8.6876
-19.6762	-9.74204
-20.4076	-9.14799
-20.268	-6.83152
-20.2443	-8.0392
-19.8078	-8.87783
-19.1371	-8.28781
-17.6014	-10.7952
-16.1032	-15.1579
-14.057	-18.1678
-12.5249	-20.0916
-10.0241	-19.2474
-8.44911	-19.2963
-7.61195	-16.3038
-7.08159	-16.2928
-7.47891	-15.4289
-6.64433	-14.975
-5.64959	-15.6461
-5.76467	-13.6504
-6.06692	-13.0158
-7.54003	-13.3089
-8.39259	-12.4653
-9.38068	-9.39085
-10.7332	-9.45107
-12.2835	-7.48491
-13.8555	-7.94963
-14.6699	-10.2607
-17.9207	-10.6187
-20.59	-13.6898
-19.6453	-10.9633
-19.8004	-13.915
-20.3855	-14.3191
-19.232	-11.9653
-19.5224	-10.7463
-20.8503	-15.5774
-20.9524	-13.1712
-20.6311	-12.6834
-18.6871	-11.0634
-22.1173	-14.0268
-20.4539	-12.0891
-20.0966	-10.078
-17.8397	-10.0256
-22.1578	-11.6278
-21.812	-10.6436
-21.3635	-10.0339
-21.5161	-10.5844
-22.644	-10.9027
-21.9053	-11.3256
-19.4901	-11.6375
-20.7992	-14.3142
-21.7575	-11.3482
-20.7139	-9.19016
-10.3086	-12.113
-10.8514	-15.1065
-11.076	-14.8239
-12.4035	-16.5386
-13.298	-15.819
-15.391	-15.5903
-14.8392	-13.9476
-13.8994	-13.3117
-10.8654	-12.8681
-11.1299	-12.1553
-14.0687	-12.7894
-16.8903	-14.1488
-19.2866	-14.249
-20.6076	-16.308
-20.9507	-15.7326
-21.5001	-15.1418
-23.6848	-16.0226
-23.8372	-16.3809
-22.5058	-14.6937
-19.9782	-16.0128
-16.9981	-16.833
-10.9817	-13.7901
-11.3665	-12.9109
-10.9123	-11.0358
-11.4688	-11.5401
-11.0709	-11.4883
-10.7768	-12.3358
-11.2897	-12.6076
-10.7722	-11.8727
-11.0931	-11.5413
-10.8894	-11.4381
-10.3144	-11.9251
-16.3545	-9.88757
-23.1392	-10.0377
-23.2543	-9.0329
-22.1473	-8.76347
-22.0419	-9.11126
-19.988	-8.66901
-19.4632	-13.6794
-16.9159	-14.9864
-15.0226	-17.1555
-14.0638	-19.9522
-13.2675	-18.597
-11.1273	-18.9458
-12.1427	-21.098
-11.4156	-19.8843
-12.3538	-22.2359
-12.8856	-19.7547
-13.5384	-19.5517
-12.4234	-17.9255
-12.6487	-12.5253
-17.3027	-18.9162
-22.5827	-22.7558
-22.3711	-21.2294
-21.3499	-19.7433
-22.9045	-21.1303
-22.8597	-21.1983
-21.1664	-20.0353
-19.9404	-18.2558
-19.3031	-17.02
-16.1565	-13.4222
-13.9174	-12.9527
-12.978	-14.4381
-15.5312	-13.3531
-15.9941	-11.2089
-19.726	-10.2658
-20.7503	-9.51776
-20.9549	-8.20061
-21.8128	-7.6139
-20.4278	-6.2871
-20.3648	-6.20507
-20.3421	-6.37677
-20.8021	-7.03496
-20.6816	-7.89081
-18.7636	-8.78612
-16.6797	-12.5511
-13.9955	-11.7661
-15.7451	-9.71558
-21.2688	-9.41386
-26.0467	-11.748
-27.1647	-11.233
-30.0111	-11.6019
-28.9879	-10.9092
-31.3512	-16.719
-29.7637	-17.2149
-27.1532	-12.2343
-26.7985	-9.55801
-19.8904	-5.98769
-12.1895	-7.27419
-14.8254	-8.19853
-17.2666	-5.0048
-16.2516	-2.27298
-16.3783	-1.24179
-14.7969	-3.17001
-13.3614	-3.06013
-11.8468	-3.51758
-11.2861	-3.05389
-12.4537	-3.11203
-13.5594	-2.47382
-15.4906	-0.30716
-19.056	-4.23842
-19.7688	-4.63037
-21.4918	-10.0828
-22.1914	-11.4878
-23.6358	-17.2823
-22.2114	-18.3856
-22.4714	-20.3554
-21.948	-21.6129
-20.6336	-21.5035
-18.4202	-20.8077
-16.6894	-18.1197
-15.3544	-12.236
-14.8669	-10.534
-13.5263	-9.10569
-14.8493	-10.1694
-16.5789	-10.8784
-17.4093	-11.7114
-18.8092	-11.9575
-20.1609	-12.879
-21.3792	-13.136
-21.8529	-13.315
-21.6672	-12.0699
-22.901	-13.0884
-23.0131	-12.7559
-23.0088	-14.4279
-21.6827	-15.2004
-21.114	-16.7863
-19.7859	-16.0629
-16.3787	-12.7108
-23.3139	-12.6508
-24.6461	-12.886
-15.0989	-13.9493
-16.0948	-12.3216
-22.1653	-15.5252
-19.082	-15.0322
-14.1753	-22.9537
-13.9349	-17.6171
-16.9056	-21.2423
-19.462	-23.6054
-19.9181	-25.1435
-20.2523	-24.746
-19.3489	-23.1783
-20.2845	-25.8114
-19.2148	-24.4496
-18.3585	-25.4126
-19.3639	-25.012
-17.836	-22.9853
-17.5286	-23.7432
-17.3283	-21.8436
-17.1329	-21.7824
-13.5608	-19.9774
-14.0549	-14.7635
-13.2419	-12.7602
-16.6095	-13.653
-18.2008	-13.1015
-18.3009	-11.6373
-18.6383	-13.5336
-19.064	-12.2029
-19.2663	-10.877
-19.7427	-13.1213
-19.2844	-11.7367
-21.0823	-14.645
-19.8457	-11.8903
-21.6292	-11.0109
-18.8021	-10.7295
-21.765	-14.1384
-22.1317	-13.4781
-21.2621	-11.4435
-23.0588	-14.3996
-22.0037	-12.6802
-20.41	-10.9431
-21.5908	-10.8897
-22.7064	-10.2128
-21.5826	-11.6913
-18.3238	-9.2886
-11.1582	-19.363
-15.2204	-20.9478
-12.7135	-18.9694
-12.9695	-17.4503
-16.9233	-20.8683
-17.9214	-20.8101
-19.0633	-20.8395
-17.6269	-17.0875
-17.7395	-13.5689
-18.431	-11.2473
-17.1872	-7.94521
-15.224	-9.14872
-15.0994	-4.60826
-17.3797	-2.7117
-16.9397	-1.74871
-17.6503	-4.21148
-16.1065	-9.73207
-14.9939	-15.1413
-15.8859	-17.1313
-18.0048	-20.7536
-21.3843	-19.9289
-22.4103	-17.7536
-21.6475	-17.9803
-20.4811	-20.3419
-13.6998	-16.8637
-10.7387	-14.5811
-11.1336	-14.6817
-11.0982	-14.803
-12.4625	-17.4233
-16.8284	-20.8097
-21.1638	-22.074
-20.9353	-22.6301
-18.4619	-24.1478
-16.2043	-24.1372
-14.7873	-23.8192
-12.7664	-22.6881
-12.9308	-23.4037
-13.2006	-24.3081
-12.9837	-24.2408
-12.4196	-22.0984
-13.742	-23.4316
-13.7658	-22.6148
-15.1062	-20.6335
-21.3416	-26.7942
-23.2495	-25.715
-23.636	-25.7186
-22.962	-26.4631
-19.2998	-23.6835
-15.07	-18.0026
-11.797	-10.8392
-18.9641	-15.1752
-18.7174	-9.71183
-22.6552	-6.52066
-27.2055	-14.3526
-25.1473	-9.51443
-18.8398	-13.1911
-19.2839	-15.4449
-19.8355	-14.015
-19.7145	-12.4793
-22.3615	-7.80807
-11.7496	-17.4743
-14.7463	-24.2709
-16.9658	-14.2036
-17.9532	-23.4964
-18.3149	-27.1966
-18.5596	-24.6847
-16.675	-22.2231
-13.1867	-20.3168
-7.80482	-17.5659
-7.53207	-15.5053
-9.33382	-12.5182
-10.3094	-10.8392
-13.8571	-23.871
-9.08414	-19.9756
-9.37347	-19.8635
-10.0574	-19.9772
-10.1879	-21.4592
-10.0542	-21.6597
-7.82272	-19.3595
-5.16608	-10.6207
-7.04185	-12.1646
-9.2882	-10.7273
-13.1284	-13.4831
-16.9377	-13.4259
-18.3085	-16.6227
-18.2095	-15.7549
-17.091	-14.0401
-19.9857	-9.18182
-17.7125	-23.8864
-21.0137	-27.7588
-21.6625	-24.8402
-23.6496	-25.707
-24.3919	-25.3784
-24.613	-25.8952
-24.4947	-26.5677
-24.7318	-26.1674
-22.6827	-25.2681
-23.0106	-29.1657
-22.0056	-30.1349
-14.8	-24.3447
-13.3293	-18.419
-16.4133	-21.2733
-15.9272	-19.9411
-18.0455	-18.9934
-19.8959	-20.8544
-21.1783	-20.8114
-19.7834	-18.1353
-21.7383	-12.5542
-21.2641	-13.5691
-16.8888	-29.2339
-19.4431	-29.1695
-16.5453	-27.4312
-15.8552	-27.5139
-17.8766	-24.7827
-17.4571	-13.0769
-16.4527	-12.0148
-12.1438	-16.3903
-10.3237	-13.7153
-14.5708	-14.5716
-17.4422	-13.9486
-17.3173	-13.0565
-21.3308	-14.5243
-26.0075	-18.1988
-15.8183	-12.8929
-16.4889	-14.9136
-17.5351	-16.4964
-17.0204	-16.4576
-16.5435	-15.3504
-15.3688	-13.3891
-12.5514	-9.49853
-10.9266	-8.37477
-13.0472	-0.699667
-14.588	0.78081
-17.1238	2.24178
-16.5006	2.55463
-18.9285	-1.52437
-18.0133	-2.23458
-15.1112	-9.02631
-15.371	-15.85
-16.471	-19.4474
-18.5682	-21.896
-22.1693	-19.7078
-21.3315	-20.3055
-19.5728	-22.025
-19.153	-20.5614
-15.4975	-17.4469
-13.6962	-13.8995
-13.7876	-15.7575
-16.4476	-18.7519
-17.8233	-19.3449
-19.0982	-20.4065
-18.8352	-19.1882
-19.2022	-19.2261
-18.6546	-19.6204
-17.1108	-18.6276
-14.036	-18.2162
-11.848	-14.0347
-15.7684	-3.71644
-22.111	-3.86855
-24.6787	-9.3707
-27.0194	-8.64355
-26.7619	-7.70205
-26.4341	-7.66165
-26.8352	-9.62571
-27.5677	-8.48831
-27.8506	-6.59377
-24.1005	-10.6317
-20.8839	-11.6863
-18.2862	-11.7691
-11.762	-20.7612
-13.6135	-19.8973
-14.9253	-20.4621
-17.0904	-20.4481
-15.566	-19.2534
-16.5294	-20.2033
-16.1769	-20.2722
-14.4312	-19.19
-14.0513	-19.6507
-9.79543	-19.039
-8.8038	-21.4865
-6.36392	-15.3542
-11.3367	-9.91963
-15.2565	-8.10853
-14.9808	-11.0875
-18.1498	-12.4567
-18.4795	-10.3874
-18.4122	-8.34831
-15.7277	-12.1559
-17.8726	-8.31887
-18.168	-7.35538
-18.2974	-12.7572
-23.8401	-27.7417
-19.4692	-23.3358
-19.738	-14.747
-20.6393	-15.236
-20.1063	-12.6404
-21.735	-18.9209
-18.7489	-13.9107
-18.5501	-13.5453
-13.1012	-4.16582
-7.99404	-10.6294
-7.79601	-10.0483
-8.97094	-12.7009
-10.8175	-11.5719
-10.7262	-10.9797
-11.6236	-10.9597
-10.9121	-11.447
-16.6084	-9.25538
-16.6787	-16.3529
-19.2028	-19.2696
-19.6298	-20.654
-17.1761	-19.9138
-13.6143	-19.4127
-11.7515	-18.1893
-11.4676	-16.5072
-12.3259	-16.3488
-12.2671	-15.9032
-11.789	-14.7125
-11.9891	-15.1455
-12.0382	-18.3618
-11.5865	-23.4576
-11.1634	-22.8103
-12.1837	-24.0028
-11.854	-24.4973
-10.6135	-21.4123
-10.7907	-21.4789
-10.6313	-17.5666
-10.9034	-17.3762
-13.0565	-19.7915
-16.6632	-25.8382
-18.5482	-24.8065
-21.2919	-25.8379
-23.9686	-25.1566
-23.8608	-22.9609
-23.8014	-21.9974
-21.7504	-20.745
-16.8923	-15.2372
-11.3936	-10.0049
-15.5306	-15.1088
-16.1247	-16.0147
-20.5512	-14.8036
-22.7647	-14.7873
-26.165	-11.251
-26.0101	-7.90134
-25.75	-5.23911
-26.2145	-7.15406
-18.956	-14.6981
-19.1561	-11.4256
-19.2258	-10.7805
-21.2004	-11.5855
-19.7333	-10.5132
-19.2838	-11.1495
-15.1061	-15.7588
-15.0493	-25.2988
-19.0078	-24.316
-21.2689	-22.3811
-22.647	-20.9679
-22.7693	-19.4296
-18.173	-17.5897
-10.7905	-12.6566
-9.52893	-13.0242
-8.53288	-13.3814
-8.00425	-16.0938
-9.44078	-13.9244
-7.70178	-12.3152
-14.2428	-7.60179
-17.9715	-5.41843
-23.1478	-9.04361
-26.7777	-12.0371
-29.3128	-15.0567
-24.7266	-14.9809
-24.3367	-12.9032
-19.3587	-12.1245
-14.347	-22.3394
-18.3252	-23.2766
-20.6133	-23.3853
-20.2237	-23.2437
-19.754	-23.006
-17.1387	-21.7976
-12.6382	-18.0957
-9.95453	-14.0666
-11.8227	-12.1574
-13.8979	-11.7434
-13.8069	-17.873
-15.6707	-19.0316
-14.8408	-19.4594
-15.7813	-20.0873
-15.7218	-20.4207
-13.0227	-19.0784
-11.4663	-16.7685
-13.2321	-9.20633
-20.8006	-5.89224
-23.7242	-5.79884
-25.3837	-9.33214
-26.3398	-9.89898
-30.4033	-10.1897
-27.7711	-14.0686
-23.1552	-11.5962
-19.5464	-12.4707
-20.0432	-12.3484
-19.7676	-14.5224
-20.9365	-12.4321
-19.6528	-12.0366
-20.728	-22.5793
-20.4473	-27.8426
-12.2332	-20.626
-15.0335	-23.4028
-17.0733	-24.191
-17.9471	-25.112
-18.3414	-25.5055
-17.5503	-24.5972
-17.0851	-24.3131
-16.9842	-24.567
-16.7986	-24.6193
-15.8791	-24.1476
-14.1841	-23.1846
-12.4711	-21.5289
-10.3155	-16.8502
-12.706	-12.5045
-15.4382	-15.4977
-16.9952	-15.7899
-17.5101	-14.1079
-20.4936	-17.3459
-19.7707	-14.9069
-20.866	-15.8525
-19.1109	-13.4052
-20.4556	-13.5324
-21.7362	-11.409
-24.0514	-7.01091
-25.1297	-8.88342
-26.7659	-9.81495
-25.7629	-4.77889
-25.5149	-6.2051
-24.9792	-6.91514
-25.1276	-7.48719
-26.3563	-7.31021
-26.047	-6.27149
-27.7709	-7.36901
-28.5829	-9.63162
-27.4582	-7.97165
-26.0364	-6.44119
-27.2446	-8.62414
-28.6904	-8.19271
-25.9411	-7.76684
-24.9749	-10.3676
-22.0706	-11.0045
-23.5621	-13.7968
-19.6288	-13.5884
-22.5363	-14.3841
-22.6467	-11.868
-20.8885	-9.73431
-21.934	-12.8975
-22.9605	-10.9626
-22.0089	-13.7918
-19.1078	-8.19988
-22.1552	-15.2175
-23.0596	-14.0491
-22.4388	-11.7365
-22.9471	-13.7444
-20.0332	-12.9052
-23.2896	-12.5419
-22.4736	-12.3219
-22.3115	-12.5086
-21.9013	-13.1181
-22.8018	-18.282
-18.0662	-9.61563
-11.4715	-5.22096
-12.2638	-3.63535
-15.2933	-3.62559
-15.4445	-3.80821
-14.4496	-8.0146
-12.125	-11.8499
-13.188	-16.0215
-13.3718	-15.7277
-13.0259	-17.1974
-13.6294	-17.0216
-19.3545	-13.371
-21.8647	-15.047
-24.3015	-21.8789
-24.1805	-24.4497
-24.1992	-24.7671
-23.9888	-25.3985
-23.0803	-25.0597
-23.149	-27.616
-19.428	-22.474
-20.2163	-24.0756
-20.1046	-24.7635
-13.8522	-21.6914
-9.79772	-15.2724
-13.8753	-15.5829
-16.0545	-16.1995
-15.5846	-14.7027
-17.3738	-18.7866
-22.5341	-17.9907
-24.1172	-22.9553
-18.5576	-20.5434
-25.3459	-25.2373
-25.7691	-24.1449
-26.403	-25.092
-24.3383	-23.6455
-24.2807	-24.8727
-22.4177	-25.1224
-20.0367	-25.8803
-15.5477	-23.1594
-11.5218	-16.0787
-13.9718	-17.2157
-16.1046	-15.2603
-17.5485	-19.9028
-21.2696	-18.7405
-21.8455	-15.5881
-22.8115	-20.0573
-19.2025	-15.8351
-20.6687	-15.1961
-19.053	-16.5618
-20.0405	-16.8163
-19.3136	-24.3829
-14.9327	-23.7121
-12.6718	-25.0737
-16.6458	-25.7186
-18.0883	-27.5599
-17.2422	-26.1989
-17.5789	-25.6575
-16.664	-23.1025
-15.048	-22.7064
-11.758	-16.4316
-12.9654	-8.931
-14.3416	-9.62325
-13.4701	-14.6794
-14.6534	-19.9033
-17.1049	-21.5185
-17.5742	-22.1911
-17.6248	-22.8934
-18.0206	-24.2152
-16.2774	-21.6883
-16.4332	-21.7803
-13.9498	-14.8722
-16.708	-6.64176
-18.6835	-6.12653
-21.0195	-7.71294
-22.7932	-9.7607
-22.6581	-9.87064
-16.3386	-4.17087
-7.90067	-12.2206
-8.04651	-15.1179
-10.295	-15.9114
-11.048	-15.164
-10.7104	-15.1781
-14.4344	-16.5853
-21.6613	-14.3152
-23.3163	-11.4113
-24.0074	-10.2704
-23.3805	-7.74903
-22.6125	-7.04622
-19.9516	-6.02421
-16.1778	-3.9797
-11.6911	-6.77349
-8.95531	-8.06402
-7.72594	-8.44334
-8.79227	-7.96544
-10.5301	-5.66713
-12.5995	-4.98962
-13.7362	-5.95964
-16.1099	0.288126
-17.0194	-2.76112
-15.2066	-3.20953
-15.7228	-4.73032
-14.944	-6.94019
-14.556	-6.71647
-13.8289	-6.80926
-13.332	-5.87202
-12.6789	-4.52648
-12.3801	-4.09955
-12.0873	-2.89204
-14.0056	-1.25224
-16.8006	-2.91824
-23.3007	-0.646335
-27.0675	-4.18899
-25.7865	-8.24534
-21.5364	-4.78908
-19.9264	-8.59247
-17.8014	-8.72019
-18.0951	-8.47374
-19.6176	-9.13265
-18.7516	-10.9949
-20.975	-11.7446
-27.0746	-5.74471
-27.803	-9.86827
-14.0787	-12.5459
-14.722	-20.3851
-18.8038	-19.5302
-18.043	-19.0528
-18.5596	-19.4366
-19.9117	-21.6616
-17.876	-20.1269
-16.8912	-19.1669
-16.8744	-19.186
-13.4992	-15.1564
-12.4854	-9.61995
-14.8327	-9.17859
-17.5209	-11.2174
-23.8663	-14.5562
-28.6326	-16.2585
-23.0642	-10.9705
-15.9835	-19.6643
-17.4119	-21.1725
-19.6192	-22.4105
-21.6948	-22.9436
-22.9966	-25.5978
-20.836	-21.7605
-21.3424	-22.6446
-18.9172	-20.118
-15.3743	-16.2699
-19.1073	-10.1964
-24.261	-8.41242
-28.2418	-10.88
-25.809	-10.3869
-27.1642	-12.9947
-27.1792	-9.19896
-23.9364	-7.55046
-19.6335	-10.3492
-19.7659	-13.8265
-17.5471	-11.3276
-20.2293	-16.6515
-20.4518	-14.1287
-21.172	-13.4851
-20.8011	-11.3237
-20.6419	-5.77954
-16.8829	-5.24661
-17.0408	-12.1782
-12.1899	-16.2828
-15.361	-16.4688
-18.7765	-15.1114
-20.3223	-14.0422
-19.0432	-13.1348
-19.6287	-10.8292
-19.9433	-9.8463
-19.4049	-9.94538
-17.4297	-10.2469
-15.2475	-12.8308
-12.5163	-16.0336
-11.5629	-18.1379
-10.3483	-18.8982
-9.64679	-21.3447
-10.4317	-21.7798
-13.3019	-25.1907
-14.8587	-25.9938
-15.7582	-25.0941
-18.5579	-25.2443
-20.4103	-23.7795
-21.1152	-21.8327
-20.469	-19.7723
-20.0297	-19.8538
-18.3475	-18.7665
-15.5271	-16.2477
-10.3832	-15.057
-11.319	-14.9254
-12.3046	-14.6851
-11.5614	-14.4261
-17.6352	-18.9398
-19.2489	-16.4429
-19.8872	-13.8694
-20.6914	-12.077
-20.8965	-11.0748
-19.466	-8.91115
-17.775	-8.115
-9.32462	-10.7761
-8.92262	-11.9696
-9.24999	-13.5722
-10.9963	-11.2122
-16.0022	-3.24549
-16.2029	-0.655734
-16.8453	-0.425012
-17.4137	-2.31365
-16.1866	-8.28717
-10.9464	-14.1735
-10.2357	-13.7747
-8.98979	-12.7707
-8.00442	-13.5491
-7.39689	-11.3458
-6.40802	-9.61582
-10.0062	-7.74865
-14.1641	-6.92485
-16.086	-8.95749
-17.5387	-11.751
-18.9026	-7.20872
-13.4022	-11.9104
-9.06632	-18.667
-9.52521	-17.8059
-11.0258	-18.9868
-12.9165	-20.2095
-13.2924	-22.3674
-12.2575	-16.6668
-16.0273	-18.6583
-16.2714	-17.7655
-13.5004	-21.0106
-12.8368	-18.2405
-13.5343	-9.22093
-16.6578	-5.98135
-16.9692	-11.0967
-17.2973	-14.0978
-17.0309	-15.3212
-16.5847	-13.9011
-21.6144	-9.89215
-22.0547	-12.0185
-17.9436	-18.8995
-19.7357	-21.1016
-20.7986	-21.3374
-21.231	-19.1893
-20.473	-19.4436
-21.7008	-19.8685
-21.088	-18.3081
-21.9655	-18.9492
-21.0185	-18.4494
-18.6886	-16.6981
-16.7779	-15.9484
-14.8977	-15.6869
-10.9909	-12.9946
-10.252	-10.521
-9.60977	-10.8799
-8.23572	-10.6569
-8.6711	-11.1537
-8.59773	-11.3313
-7.96218	-9.81607
-7.69614	-11.3709
-6.53865	-11.9027
-6.80109	-8.21171
-6.99469	-9.03954
-9.07356	-8.45139
-10.108	-7.52633
-14.5262	-9.99384
-16.308	-12.1588
-19.3314	-7.42669
-20.8256	-7.82988
-25.8843	-10.7124
-26.9664	-12.7982
-25.0848	-12.4283
-25.7104	-8.38329
-23.7336	-11.8608
-26.1178	-13.8912
-24.7855	-10.3538
-25.3856	-9.74245
-24.933	-8.02284
-25.6348	-9.90362
-23.908	-11.7623
-23.7331	-13.8809
-22.902	-12.0052
-20.2041	-12.1037
-20.9463	-13.0985
-22.561	-14.4407
-21.586	-16.0961
-21.3539	-15.6723
-19.532	-13.8781
-23.6004	-15.8582
-21.3332	-11.8999
-23.1643	-13.2876
-22.082	-13.1345
-24.0105	-15.8599
-21.8109	-12.4603
-23.6772	-13.0695
-23.4782	-3.81756
-22.0888	-1.80966
-15.2109	-5.0254
-17.436	-2.01095
-19.4878	-3.5282
-19.6428	-8.26713
-17.1728	-12.8303
-12.6639	-13.2535
-11.8799	-12.9853
-14.1305	-15.9202
-15.9785	-19.2134
-20.0954	-25.3808
-20.5589	-24.148
-22.611	-25.8043
-21.7309	-24.5122
-20.9162	-22.8708
-22.8039	-23.698
-18.7584	-21.3984
-14.7665	-18.0017
-14.3827	-11.9602
-18.7967	-10.326
-24.4072	-10.4435
-25.2731	-11.9268
-27.7635	-8.53341
-28.3412	-12.4993
-28.2297	-16.1934
-28.9173	-12.028
-28.2568	-13.6587
-25.166	-12.9358
-27.8393	-12.7596
-21.5431	-7.73694
-15.085	-13.208
-17.3365	-12.8603
-20.128	-13.4795
-20.5066	-13.8025
-20.0871	-13.8505
-19.3106	-14.8998
-16.1033	-14.8514
-13.6822	-12.2557
-11.2269	-13.3015
-8.84988	-12.2786
-9.82952	-9.95266
-10.6628	-11.34
-10.4338	-10.6013
-10.3031	-9.58536
-11.5567	-9.12297
-13.9536	-12.4419
-14.7885	-15.411
-14.4635	-16.0281
-15.1081	-15.8711
-15.7663	-16.1683
-16.0813	-17.106
-14.8972	-17.2256
-12.1136	-15.0289
-15.9935	-10.7592
-18.3921	-16.8546
-20.618	-19.2532
-22.6059	-23.2163
-22.5055	-23.3822
-23.0064	-21.3667
-23.3385	-21.2459
-23.1056	-19.8059
-23.2466	-20.7744
-21.6927	-19.6223
-19.3094	-18.1411
-15.5394	-16.8622
-11.2365	-13.2875
-10.2396	-11.1181
-9.89634	-12.4223
-10.666	-13.5166
-10.4741	-11.3989
-11.9127	-12.7866
-18.2535	-16.7197
-21.165	-17.4568
-23.1855	-16.3323
-24.073	-16.7172
-24.4513	-16.7983
-25.0365	-17.1151
-25.6463	-17.5884
-25.0701	-16.4282
-25.5763	-17.2778
-24.1874	-16.6836
-21.8073	-15.8768
-16.8637	-12.696
-12.3075	-15.8906
-11.1187	-16.1297
-10.3636	-15.6529
-10.8517	-18.8396
-10.0885	-19.8706
-8.05539	-14.3383
-10.1681	-18.1239
-9.77124	-16.0028
-9.67772	-17.11
-9.34025	-15.5294
-6.87665	-15.2432
-6.40862	-15.3258
-8.95806	-12.3854
-15.7811	-9.70408
-10.8691	-5.51674
-12.6967	-3.25676
-13.1615	-2.96101
-14.7109	-4.66871
-14.3945	-2.99778
-14.6429	-1.12458
-13.5449	-2.2942
-14.1795	-1.09396
-14.3868	-1.43962
-14.4959	-0.887252
-15.4358	1.10601
-15.8847	0.672911
-17.13	0.146275
-18.8985	-2.29978
-18.3743	-3.89666
-18.4335	-6.68061
-19.0463	-9.55607
-19.4203	-11.8301
-19.654	-14.5274
-19.6626	-16.8077
-20.5203	-18.7517
-20.4243	-20.4306
-20.229	-18.6677
-20.2173	-19.0859
-20.3185	-19.7775
-19.7599	-18.391
-18.9125	-17.1152
-18.6717	-16.0054
-19.1457	-14.0942
-17.2186	-12.1105
-15.2885	-9.54356
-13.4387	-8.6494
-10.0534	-9.39684
-8.25569	-13.3136
-8.30141	-12.3925
-8.48448	-13.2007
-7.63403	-11.8605
-7.43482	-14.1949
-7.29782	-11.0665
-7.02621	-12.5582
-6.80707	-10.0217
-5.95712	-10.2249
-7.64967	-10.4176
-7.8157	-11.3804
-9.0043	-7.98913
-11.1801	-6.79371
-15.5618	-6.69711
-17.1933	-7.22328
-21.6342	-2.84799
-24.6769	-4.55623
-26.1728	-3.0249
-26.5444	-2.58347
-27.995	-6.80544
-27.0256	-6.29767
-26.9457	-5.80149
-27.1205	-7.21851
-28.3382	-4.78049
-26.5278	-5.40412
-27.1803	-5.04116
-28.2814	-3.84753
-28.3401	-6.14036
-26.3574	-9.14248
-23.3986	-7.92665
-23.6604	-10.8759
-20.8806	-10.8048
-23.6476	-12.8668
-21.3775	-13.6936
-22.9755	-9.3404
-22.6164	-9.25126
-21.0938	-8.26239
-19.0445	-8.04521
-11.386	-10.2058
-10.9512	-12.1846
-9.37485	-11.6776
-8.47736	-10.4245
-8.62973	-12.3384
-9.88697	-8.14417
-15.7858	-5.24801
-20.8475	-7.90805
-20.6421	-12.9501
-15.3121	-15.3481
-17.5493	-17.5778
-18.1582	-15.2229
-19.4823	-7.96156
-20.5084	-10.6821
-18.7614	-17.5937
-21.4326	-20.2509
-20.0683	-21.0301
-17.7466	-21.1567
-15.4849	-21.1361
-16.1707	-16.9602
-15.1354	-13.1414
-16.6235	-8.72101
-21.4297	-8.39612
-25.327	-9.82711
-27.3613	-14.4362
-25.7629	-7.94625
-19.2306	-11.606
-17.8093	-10.1676
-20.4523	-15.5031
-19.6135	-13.1552
-19.107	-10.9345
-21.761	-14.9771
-19.7046	-12.7577
-29.9789	-10.2172
-21.7812	-12.9761
-15.7746	-21.6659
-23.5028	-22.6488
-26.1989	-19.2395
-26.1961	-17.7801
-26.6827	-17.1288
-26.9611	-17.8328
-26.6781	-16.8019
-25.9851	-17.3603
-26.348	-19.8235
-25.964	-20.5396
-25.2548	-19.9763
-24.8338	-21.5629
-22.9277	-21.9485
-19.8587	-21.3351
-13.4276	-16.4415
-14.2938	-17.2005
-12.3544	-16.6297
-13.2475	-20.0605
-12.2946	-17.7789
-10.6182	-17.7771
-11.0514	-14.1292
-14.8349	-12.3861
-12.8207	-9.06856
-14.7931	-10.3103
-17.6495	-12.262
-20.31	-7.42518
-22.1291	-10.3828
-21.7978	-9.683
-21.8669	-7.54144
-26.248	-8.58011
-24.8544	-8.34864
-21.5472	-14.0693
-14.2164	-23.043
-15.3901	-26.6622
-20.3614	-25.0671
-22.3867	-24.2756
-22.6842	-23.8055
-21.8758	-25.9066
-18.6541	-20.3145
-16.4368	-15.2081
-19.3413	-22.8377
-19.0898	-22.4031
-15.3315	-14.5781
-17.3783	-20.4663
-19.1165	-22.3096
-18.3709	-20.2094
-19.3692	-21.4711
-20.7149	-21.6782
-24.0969	-23.9502
-24.4411	-21.9213
-24.1122	-22.738
-25.0559	-22.7982
-25.5725	-23.2844
-24.4062	-20.4969
-24.9614	-21.3058
-25.627	-22.2402
-25.5933	-22.1392
-25.1398	-20.3758
-24.2152	-19.82
-22.3798	-17.7099
-18.7624	-12.4493
-15.6099	-11.2952
-18.7549	-9.91648
-21.1974	-9.97415
-19.5841	-8.28569
-18.7098	-5.21099
-18.1753	-6.60389
-19.3645	-7.67244
-20.2565	-6.96625
-19.5596	-6.68664
-19.3918	-9.37556
-17.8511	-7.46656
-17.7106	-8.89827
-18.4025	-10.6388
-15.4781	-10.8967
-14.1089	-13.8862
-13.2678	-12.403
-12.8735	-10.306
-13.0845	-11.2533
-14.8021	-13.1378
-15.4704	-13.1706
-18.7584	-13.5325
-19.137	-13.5978
-18.2889	-13.4455
-19.9233	-12.6936
-18.5529	-11.9388
-19.6194	-11.2856
-18.2754	-11.1178
-18.8807	-10.1996
-18.8695	-11.2034
-21.2371	-11.72
-20.97	-12.0179
-20.5362	-13.0874
-19.5782	-10.7038
-20.5011	-13.8987
-27.1627	-14.2102
-17.6565	-15.9884
-17.809	-23.2413
-21.2632	-21.9257
-23.8712	-22.6709
-22.8128	-20.786
-22.3539	-20.7572
-21.6692	-20.6921
-17.3919	-21.2312
-12.6935	-14.395
-11.4841	-16.2034
-12.1033	-15.5765
-12.3343	-15.6898
-11.5493	-15.4379
-10.229	-15.3576
-9.67598	-13.897
-8.67856	-15.7589
-8.42347	-15.3376
-7.05964	-14.6052
-10.3369	-12.255
-20.1975	-9.54715
-22.4046	-9.19825
-22.533	-8.83166
-23.8237	-11.6295
-24.2587	-11.3929
-25.6649	-13.3752
-26.0629	-15.578
-26.3472	-19.3845
-24.5069	-20.6423
-22.5964	-23.5648
-17.2239	-22.2283
-10.9303	-16.6298
-11.548	-15.5744
-10.8715	-15.3876
-9.83668	-13.9166
-9.32271	-9.34098
-10.9713	-10.9918
-14.739	-9.32016
-17.2039	-10.8848
-18.6707	-14.0693
-17.8505	-10.4097
-14.0997	-12.9134
-13.1189	-20.9727
-15.1192	-19.8611
-13.8368	-22.7454
-11.2496	-21.0568
-14.9868	-19.2829
-13.7316	-20.4498
-15.4815	-19.7578
-14.7949	-18.3278
-14.761	-18.4847
-14.5776	-17.822
-15.0678	-18.7025
-15.3844	-18.4935
-16.5563	-19.7182
-16.5278	-18.551
-16.8373	-17.064
-18.7839	-15.0428
-18.4587	-11.0762
-18.271	-9.24172
-18.3636	-12.1708
-20.5508	-19.4227
-22.2861	-20.5381
-22.2357	-17.4073
-23.6136	-17.7285
-23.7172	-17.3743
-24.2346	-16.3869
-24.8511	-16.8472
-24.6863	-17.6474
-22.7408	-19.0236
-17.3449	-19.2485
-14.1972	-16.172
-13.5087	-17.8035
-13.9129	-17.024
-14.6819	-17.887
-14.5892	-19.7862
-14.3777	-19.3362
-18.197	-25.4381
-21.2266	-25.796
-22.6351	-26.8908
-21.6971	-24.5753
-22.8762	-25.1575
-24.4198	-26.1537
-24.3372	-25.6352
-23.2903	-24.9051
-22.3409	-25.0813
-19.3163	-22.4504
-15.7769	-19.0909
-17.0074	-14.5005
-20.717	-11.6692
-26.6166	-11.8423
-24.674	-15.5699
-24.6612	-14.6288
-26.2025	-14.3043
-27.5344	-14.8409
-23.715	-9.94191
-22.0318	-11.0993
-17.5746	-13.7242
-17.6596	-10.6677
-18.1665	-11.7738
-7.59437	-11.528
-7.89412	-13.499
-11.3322	-11.7421
-12.081	-11.8902
-17.4109	-12.1184
-17.25	-17.57
-17.2751	-18.8047
-16.7301	-19.8469
-15.0371	-18.9382
-11.7051	-15.6714
-12.6203	-15.9832
-12.9561	-14.6475
-12.185	-13.8331
-12.41	-15.2449
-12.8742	-14.4503
-19.3696	-17.2103
-21.4734	-14.0231
-22.5661	-11.956
-23.6177	-10.4055
-22.2364	-7.96893
-20.4471	-7.45754
-16.7642	-9.59617
-14.0306	-9.1912
-13.3736	-7.16016
-14.5874	-5.5662
-16.1174	-3.17778
-18.1718	-4.27001
-20.0698	-7.64523
-23.9069	-7.51677
-17.978	-5.60996
-14.1376	-15.9613
-16.9096	-25.8335
-19.5412	-27.7726
-19.8084	-26.0645
-19.7177	-25.7663
-17.6518	-24.1539
-14.1384	-23.3345
-9.68075	-18.3501
-9.80167	-15.5026
-11.7666	-18.2534
-16.5644	-16.4304
-17.7259	-15.2935
-18.497	-16.8599
-21.9643	-12.4047
-19.9421	-13.5042
-10.0527	-17.4946
-11.4967	-18.9331
-13.6934	-18.7526
-13.7409	-16.706
-14.111	-15.8183
-11.187	-12.9757
-8.40645	-13.4794
-12.0261	-13.6765
-15.7147	-14.4095
-18.1681	-15.4967
-21.4995	-17.5098
-21.8983	-15.8474
-23.3047	-17.5953
-22.3158	-16.7943
-20.9317	-17.006
-19.249	-17.6039
-15.855	-13.8245
-14.6947	-9.09071
-17.1925	-6.99202
-22.9151	-9.4678
-25.6595	-10.1982
-25.5384	-11.656
-27.6757	-14.3736
-26.4143	-16.0375
-23.2893	-13.5202
-22.6772	-15.4665
-18.1344	-8.67336
-12.1515	-11.9008
-14.5644	-10.5912
-14.4261	-8.46455
-12.8925	-6.09052
-12.9417	-9.72347
-18.4852	-6.60506
-24.477	-3.87517
-26.8599	-5.8227
-26.8418	-10.4227
-27.8985	-12.5006
-25.8509	-6.94415
-27.2961	-8.98424
-27.8198	-5.66979
-27.1052	-7.19837
-26.1689	-5.68002
-24.9678	-6.63385
-13.8334	-4.15096
-11.3268	-3.25047
-13.3787	-3.82056
-11.449	-6.14379
-8.67164	-11.503
-8.41754	-14.441
-8.4071	-12.9844
-8.24836	-13.4461
-8.0777	-14.216
-6.73191	-14.7961
-7.26485	-12.8552
-6.83623	-11.8146
-6.87777	-9.81703
-8.97171	-10.1301
-13.6919	-8.43533
-17.9208	-12.3682
-26.0106	-9.3448
-29.4385	-14.0224
-24.0663	-9.96593
-16.8934	-7.7677
-18.7554	-11.3129
-18.9795	-12.2154
-19.1678	-11.7321
-19.3158	-12.7205
-19.3979	-13.9414
-19.5131	-14.7944
-18.7072	-14.2567
-17.5054	-13.9569
-17.5037	-12.3898
-17.2527	-14.7562
-15.7387	-15.1197
-15.1009	-12.5609
-15.9625	-9.80675
-15.741	-9.51897
-15.5832	-7.02642
-16.6443	-8.54822
-18.5958	-12.0365
-20.182	-13.2992
-20.0057	-10.0304
-21.2573	-13.4012
-21.3711	-12.6155
-21.779	-12.3735
-22.8038	-15.1375
-19.7734	-9.54048
-21.9296	-11.6695
-23.4029	-9.87989
-23.1436	-15.7487
-23.73	-13.0618
-28.4453	-14.2385
-28.4276	-13.5307
-30.2031	-16.7079
-30.1392	-18.6825
-30.3965	-17.4073
-27.9732	-15.374
-24.7267	-13.9657
-14.252	-22.6604
-15.0026	-28.6942
-18.6602	-29.6906
-18.711	-26.166
-21.096	-25.5444
-22.8684	-27.5547
-21.542	-26.2751
-21.3646	-27.3346
-20.7175	-27.9589
-18.1235	-26.6804
-17.7166	-25.7396
-17.5216	-22.0802
-17.9845	-19.4383
-16.8803	-17.3462
-17.168	-16.7926
-17.301	-19.3277
-12.0301	-19.5048
-10.412	-17.7595
-10.8138	-16.4546
-11.553	-17.3165
-14.142	-16.5977
-21.3582	-24.1321
-22.7362	-23.5104
-23.5449	-23.0591
-24.1202	-20.9301
-25.2684	-21.9751
-24.7146	-19.9505
-23.653	-18.386
-23.2094	-16.7145
-22.6064	-15.9366
-19.1955	-13.1504
-12.7116	-16.908
-11.8619	-18.9353
-11.3413	-17.0889
-11.217	-16.8238
-11.8996	-16.03
-13.5734	-11.1599
-13.7054	-6.85166
-14.4639	-5.68554
-15.686	-4.78015
-15.0211	-2.36961
-15.7203	-2.93947
-16.5986	-3.60825
-14.8948	-5.75452
-11.0664	-12.8514
-10.6062	-12.0769
-10.715	-12.4999
-10.3136	-12.2152
-9.76235	-12.3861
-10.4792	-12.4141
-10.1123	-12.2051
-11.2444	-12.3351
-16.3481	-6.79464
-15.6116	-0.616053
-16.8446	-3.35206
-17.1481	-3.52699
-17.5659	-5.03006
-18.5372	-6.47061
-17.5224	-3.74881
-17.7287	-4.35091
-19.0151	-5.73536
-19.3264	-6.19555
-19.1159	-8.22474
-16.2895	-8.65988
-15.9149	-11.2685
-12.7583	-11.1599
-12.0093	-4.89401
-17.9882	-7.0855
-18.6453	-9.58565
-22.4097	-9.14629
-20.4217	-11.0914
-22.817	-6.63568
-27.8215	-6.84634
-29.2269	-9.62865
-29.4065	-6.07533
-26.9907	-13.5969
-23.4137	-18.2244
-22.9877	-14.4311
-20.2235	-10.8273
-21.2917	-9.97886
-21.4998	-13.6947
-21.4327	-11.6948
-19.3912	-10.8297
-16.7024	-12.9165
-19.5	-14.0865
-16.9118	-7.22441
-14.0888	-15.7111
-18.6494	-19.2981
-20.2674	-18.8251
-20.3398	-17.655
-21.7362	-17.0254
-22.4139	-14.712
-23.2796	-15.3082
-23.3982	-15.6388
-22.0966	-13.1931
-22.3379	-12.6829
-21.9843	-11.8617
-22.2919	-11.5939
-21.1956	-9.48076
-20.549	-7.56665
-21.2723	-8.4598
-21.2777	-7.41873
-19.9156	-7.12344
-18.5436	-5.61701
-16.5093	-6.21509
-16.2593	-5.54273
-14.8271	-7.33973
-16.2041	-8.17612
-17.485	-11.6891
-20.2337	-13.4187
-21.1809	-13.7652
-21.5999	-14.5415
-22.74	-16.4893
-22.0259	-14.7739
-21.5666	-15.1078
-21.4282	-15.0736
-19.5772	-14.4144
-17.9688	-13.8102
-16.3648	-9.92078
-13.3074	-5.4384
-12.1964	-4.92654
-13.2618	-7.44525
-13.2358	-10.0532
-16.122	-9.32867
-17.8546	-5.57983
-17.778	-3.88372
-15.8881	-4.53902
-15.461	-3.86914
-12.2803	-4.04224
-9.88368	-5.66584
-9.92393	-5.95174
-10.1263	-5.0869
-11.2461	-4.14018
-13.9892	-1.52976
-13.8931	0.292223
-14.3383	0.700878
-14.8672	-0.775206
-14.4744	1.99001
-14.8076	0.54096
-14.7112	2.91194
-15.2929	1.68576
-14.6709	-0.79262
-13.4652	-2.297
-11.6343	-6.07137
-10.4613	-7.93195
-11.2861	-6.7362
-10.0379	-6.0439
-9.78867	-8.60433
-9.63254	-12.1927
-10.2339	-13.018
-10.0724	-14.7472
-7.86938	-15.916
-7.46953	-16.5308
-7.5286	-18.4277
-7.59218	-18.5616
-7.55561	-19.6251
-8.19127	-19.2624
-10.1591	-20.8163
-10.529	-21.2242
-12.1701	-21.3363
-12.9038	-22.5535
-13.329	-21.8705
-14.416	-21.3874
-13.9233	-21.2431
-14.1804	-20.5955
-13.1917	-20.7383
-13.6522	-21.1697
-11.9058	-20.9768
-10.2194	-18.3903
-10.8338	-13.9171
-12.8488	-10.6114
-13.4542	-13.107
-12.9099	-15.0583
-12.8883	-13.2815
-15.0552	-11.2133
-17.3009	-10.9532
-18.7635	-9.33998
-21.3734	-10.2718
-20.2867	-10.8288
-20.3777	-14.4878
-20.2307	-14.0703
-21.7111	-11.3158
-22.0169	-13.111
-19.7591	-8.80768
-20.7314	-13.8825
-23.8945	-8.20687
-23.8026	-0.495004
-16.002	-10.8396
-19.3224	-13.2342
-19.2482	-12.413
-20.0572	-13.68
-19.5535	-12.3879
-19.5695	-11.4384
-20.5583	-12.3942
-21.0406	-13.2968
-19.5411	-10.4616
-16.3113	-8.63578
-15.4692	-9.47634
-14.05	-8.97845
-14.1396	-11.0941
-13.4921	-10.7126
-13.6067	-10.4747
-13.3669	-10.492
-13.6078	-10.4955
-16.428	-9.21025
-16.6201	-7.4686
-18.2358	-13.4124
-18.2639	-14.8507
-21.5639	-19.8983
-23.7046	-21.8769
-24.8094	-23.0634
-22.6487	-25.534
-19.9456	-27.373
-16.7108	-23.3902
-13.9856	-17.9393
-13.6779	-20.7369
-10.9066	-18.3366
-10.4112	-18.1993
-10.4642	-19.0849
-8.65104	-14.6749
-11.4388	-9.76857
-18.9772	-9.34876
-19.6115	-6.83812
-10.8098	-20.6207
-13.9316	-23.7127
-13.8433	-19.5695
-14.073	-17.7311
-15.6418	-20.6334
-16.0386	-19.7396
-14.8406	-18.5174
-13.0054	-17.2018
-12.9329	-16.164
-14.0999	-17.9687
-14.7298	-18.5312
-15.9802	-17.8083
-17.3726	-17.0691
-18.2846	-16.1212
-19.6511	-15.0288
-20.0685	-12.5822
-19.7354	-10.9951
-20.1568	-10.2869
-17.5222	-6.84184
-17.3798	-4.38164
-17.9947	-5.58478
-18.0152	-6.83727
-14.7498	-4.07297
-9.61513	-9.26913
-8.62083	-7.48467
-13.4638	-5.7106
-17.3845	-10.4032
-22.0199	-10.2316
-25.2555	-12.0753
-19.0987	-14.4084
-21.344	-19.3621
-21.9495	-19.8241
-22.6776	-22.4755
-21.866	-21.0822
-22.0953	-20.2089
-21.0298	-18.3695
-17.5886	-14.8308
-13.6941	-8.89643
-12.9851	-9.11282
-11.1434	-9.18047
-11.2024	-8.57879
-11.3269	-6.12975
-10.4605	-5.25181
-10.6845	-6.37472
-13.2277	-8.94681
-17.756	-14.2042
-21.4565	-17.311
-22.6914	-19.1065
-23.6325	-21.2816
-23.3451	-23.0884
-23.267	-22.8673
-21.6132	-22.3798
-22.1773	-22.8826
-20.1793	-19.8273
-14.7185	-14.3362
-17.1124	-22.5746
-17.7151	-23.9822
-13.9974	-21.6399
-9.32634	-18.2482
-11.369	-18.8907
-11.3294	-19.2441
-12.2825	-20.2667
-12.286	-19.234
-12.7517	-20.2138
-16.6762	-24.8385
-20.2082	-24.2508
-21.635	-23.1514
-21.8779	-21.4265
-22.1911	-21.2936
-21.3808	-20.8302
-19.6859	-20.0999
-14.77	-17.0059
-9.63433	-15.8999
-20.1372	-8.61624
-23.4043	-11.7989
-24.3176	-14.823
-22.9043	-16.0151
-21.0119	-14.7219
-15.9629	-14.1934
-20.1421	-16.794
-19.9246	-17.9861
-17.5768	-12.7472
-20.7847	-21.349
-23.1947	-21.1885
-23.7374	-21.5786
-24.5915	-22.1378
-24.0467	-20.9016
-25.5925	-21.9438
-25.4578	-21.258
-23.7416	-17.9795
-23.4939	-18.436
-18.9427	-13.0312
-10.7585	-12.283
-10.5518	-11.9865
-9.86855	-12.0345
-10.6228	-12.139
-13.0424	-9.74119
-14.5411	-8.46473
-23.1668	-13.2953
-25.7617	-16.1135
-21.3223	-10.0619
-16.0911	-13.201
-19.6953	-16.6631
-21.8087	-19.0003
-21.4296	-19.1288
-23.115	-21.5026
-21.8636	-22.9988
-21.7472	-24.4582
-19.234	-24.9107
-19.1369	-25.5404
-16.6236	-21.7787
-11.6534	-19.3383
-12.8525	-15.0721
-17.3916	-16.4762
-16.0663	-15.8469
-16.3676	-16.2183
-18.6558	-16.1091
-16.4434	-12.6584
-25.278	-24.8436
-23.3258	-24.2446
-14.4845	-20.2752
-18.2305	-23.8318
-21.1153	-23.5448
-21.8267	-21.7528
-23.2331	-20.7384
-22.1142	-19.0272
-20.2643	-17.7419
-16.9242	-14.5164
-11.8851	-11.4515
-10.6399	-12.6081
-10.3839	-10.6659
-12.1506	-6.9874
-14.7442	-6.84995
-16.2937	-5.62839
-15.5576	-3.63873
-15.4019	-3.35727
-14.5847	-2.36825
-11.703	-4.90231
-12.7702	-5.30693
-16.1111	-5.92861
-16.8877	-3.9891
-16.9031	-1.98288
-16.6241	-0.0802291
-17.0544	-1.21411
-15.7971	-1.58248
-14.7797	-0.398542
-13.3019	-2.17668
-12.4926	-2.57742
-12.5869	-1.05631
-10.6207	-4.06294
-10.7256	-2.56063
-13.7085	0.719482
-16.0245	0.686532
-19.5555	1.64643
-21.0342	-1.16883
-26.0929	-1.68821
-27.7378	-3.43704
-27.1057	-3.4521
-15.3842	-3.64224
-12.2852	-3.55838
-14.1993	-3.26937
-15.8179	-1.32584
-17.1237	-0.708625
-19.1258	-0.110072
-21.0692	-2.33816
-21.3232	-3.09361
-21.5574	-4.13337
-20.6452	-5.67772
-17.1301	-8.4939
-12.6747	-7.24439
-18.3055	-7.12266
-18.1947	-8.02806
-19.07	-7.61614
-20.5553	-9.91371
-18.6349	-9.30613
-17.3015	-7.9318
-17.7762	-6.06681
-23.2614	-9.59348
-18.5339	-7.04629
-18.5475	-9.81977
-16.1772	-9.7118
-15.1048	-10.5807
-20.1505	-10.5169
-21.592	-12.1655
-21.1289	-10.5201
-17.3732	-11.9642
-11.8903	-12.4578
-13.6966	-10.6034
-18.3489	-8.62896
-13.1012	-6.30931
-9.68915	-10.8024
-10.2091	-10.7257
-9.59572	-9.94348
-9.25645	-8.5846
-10.5391	-6.49511
-9.32678	-10.5299
-8.88487	-10.3492
-9.59365	-11.4501
-9.04349	-11.1296
-10.0483	-10.2204
-14.0491	-13.0041
-14.0736	-15.319
-13.6512	-17.7963
-13.9589	-18.5972
-13.6092	-19.5041
-13.3203	-18.5354
-15.08	-18.1209
-16.5054	-18.484
-17.1128	-17.7356
-19.393	-17.7874
-19.2222	-16.0102
-17.0589	-12.5339
-13.3421	-10.7325
-12.5507	-7.64332
-11.7328	-7.47749
-12.5026	-7.14787
-9.74365	-6.76163
-20.9921	-6.47985
-17.4145	-6.38316
-17.3155	-5.58294
-17.1237	-5.82761
-18.2258	-6.37655
-17.4134	-4.83324
-18.9809	-4.31248
-19.8157	-4.02346
-20.3559	-4.73814
-22.3569	-8.55617
-23.8563	-13.8028
-25.6278	-16.9353
-25.3436	-18.3735
-26.9813	-22.9804
-24.788	-24.0545
-24.2783	-23.9161
-25.946	-25.5111
-24.6648	-24.7511
-22.9003	-23.7046
-20.0882	-23.8343
-15.9231	-21.2389
-12.0734	-20.1768
-10.0942	-15.9886
-11.2944	-16.715
-11.1349	-16.531
-9.31733	-16.1198
-9.05814	-14.8373
-7.71382	-12.8371
-11.8247	-9.92141
-14.9087	-6.28604
-15.3759	-3.96833
-14.9805	-3.07799
-14.1963	-0.338859
-13.9114	-2.3722
-15.6353	-5.9922
-11.1719	-4.00925
-10.584	-4.12157
-11.4834	-4.39616
-11.6442	-4.57001
-16.1116	-8.27075
-18.6306	-11.7794
-19.3294	-14.3557
-20.9782	-18.7478
-20.9896	-20.8671
-20.7963	-21.501
-19.0755	-21.9495
-17.011	-21.6136
-15.1366	-17.2424
-13.8378	-11.2249
-16.4282	-4.97411
-17.4614	-6.23795
-17.3665	-8.48457
-14.3014	-2.24763
-12.8706	-1.9635
-10.2237	3.13252
-15.597	-0.11395
-17.7609	-5.02379
-18.978	-3.66788
-22.1534	-11.8728
-15.9965	-8.77235
-15.3767	-21.7261
-18.5633	-21.9129
-22.0165	-20.4821
-23.3413	-21.581
-21.6714	-20.5129
-21.717	-19.9887
-21.9253	-20.6417
-20.5429	-18.8785
-20.7612	-19.495
-20.0916	-17.5225
-18.8401	-16.2985
-17.7611	-15.7075
-13.5273	-13.1361
-10.8469	-10.9364
-10.6762	-9.45263
-9.71342	-11.2766
-9.95371	-8.49979
-8.2186	-10.8343
-8.10028	-11.1156
-8.33288	-11.9136
-8.51942	-9.77934
-7.64421	-10.1401
-6.83182	-10.7898
-8.17081	-9.62773
-8.19086	-7.77731
-9.13607	-5.45593
-11.5032	-3.36918
-12.2621	-6.86137
-13.3929	-4.46005
-14.0678	-4.43412
-16.4203	-7.77736
-17.3326	-7.67622
-20.0228	-11.4706
-20.2172	-10.2997
-21.08	-13.1595
-21.4771	-12.612
-19.6543	-8.17648
-21.1402	-10.5639
-16.456	-10.0323
-21.7007	-12.5009
-20.4581	-9.40888
-19.1913	-12.2142
-21.9771	-20.2931
-22.8689	-22.4821
-22.2471	-22.8157
-23.3743	-24.0292
-20.9759	-24.7288
-15.4982	-22.8072
-17.8198	-19.794
-18.0355	-13.3745
-22.5049	-8.95975
-25.1807	-8.84773
-23.2923	-7.41064
-22.2489	-9.48386
-19.6287	-12.7586
-19.1267	-8.29849
-19.7565	-11.0805
-18.5067	-7.18579
-23.9805	-7.98735
-29.3158	-12.0709
-22.2218	-12.703
-15.059	-24.0049
-21.0906	-26.8309
-26.1398	-25.3535
-24.6047	-23.5034
-23.982	-23.7256
-24.4205	-23.8958
-21.9061	-22.7284
-15.2573	-16.6652
-9.35524	-16.4602
-10.4498	-15.1139
-13.1186	-16.1966
-16.9185	-17.8521
-19.587	-17.8509
-19.4493	-11.7521
-25.8428	-10.3968
-16.6454	-17.8704
-18.0438	-21.3389
-15.6233	-20.0321
-14.1185	-20.4981
-12.5521	-20.1333
-11.8612	-19.6321
-10.4878	-18.4583
-10.9132	-19.1823
-11.2166	-18.6957
-9.55268	-19.774
-9.497	-19.6817
-8.89798	-19.6116
-8.97937	-19.5807
-8.34381	-16.3767
-8.39756	-16.3083
-9.61092	-18.1595
-13.1912	-25.4244
-16.4325	-27.5695
-16.9142	-27.0958
-18.761	-26.9835
-20.0127	-26.1837
-19.5359	-24.4756
-20.8951	-23.8291
-19.8195	-21.3313
-15.5354	-18.7372
-11.2302	-16.1247
-10.8331	-12.1259
-10.3489	-10.0281
-12.716	-11.5829
-16.0467	-15.9937
-18.6095	-19.3548
-20.1628	-19.1936
-21.1395	-18.1337
-21.7622	-17.3614
-22.4607	-17.3649
-22.0614	-16.2373
-23.3602	-15.8643
-23.0765	-14.3424
-23.4933	-15.0619
-23.0671	-14.1647
-22.341	-12.0244
-22.1603	-12.214
-20.1323	-9.22902
-18.29	-8.82686
-15.752	-7.91899
-12.7083	-8.38269
-9.63978	-10.0157
-8.78574	-10.9618
-9.08169	-11.0236
-8.78926	-11.4883
-8.40408	-10.903
-9.26911	-10.6312
-8.37825	-13.9293
-8.36197	-12.2558
-8.84142	-10.0671
-8.43944	-9.85687
-8.19247	-11.1842
-8.5307	-8.74378
-9.19589	-7.61501
-9.76169	-7.10751
-11.4066	-5.40186
-12.2975	-8.53437
-13.4417	-9.21449
-14.7824	-9.83997
-15.3436	-8.30274
-17.2981	-8.95255
-17.1732	-12.1807
-19.8915	-12.6451
-19.423	-12.1673
-20.9438	-14.5775
-20.548	-11.4849
-20.3268	-10.6767
-19.2167	-12.0067
-19.6811	-9.40885
-17.6999	-14.8134
-10.7019	-15.3437
-11.1129	-17.9092
-12.0588	-20.6803
-11.3053	-18.1894
-10.8833	-18.0206
-10.3989	-16.208
-11.5252	-15.5374
-10.2118	-14.1803
-10.5511	-14.8668
-10.5223	-14.616
-9.81887	-14.7137
-9.46321	-16.2498
-10.0591	-16.4962
-10.2483	-16.2708
-14.0803	-19.9806
-18.2335	-18.6617
-21.4989	-20.641
-18.2634	-18.9344
-15.8643	-17.4156
-20.3905	-20.6246
-22.5135	-24.6883
-21.6724	-25.1495
-22.6896	-25.6498
-23.941	-26.6552
-23.9765	-25.769
-23.2077	-22.747
-24.7707	-25.8401
-22.6565	-24.8123
-19.1585	-23.6553
-16.8147	-20.7949
-14.4727	-18.7826
-16.1276	-21.5845
-18.5299	-25.3749
-18.9434	-26.1322
-19.9576	-28.5834
-20.5189	-26.6216
-21.0689	-26.2418
-21.8255	-25.7212
-21.4005	-25.4203
-20.5459	-26.8125
-16.5644	-25.8531
-13.9126	-20.2539
-15.9743	-19.4232
-17.7443	-25.6259
-16.5176	-22.3848
-11.8707	-14.164
-15.7246	-21.0976
-17.9083	-24.0118
-17.2769	-22.3755
-17.0999	-22.3881
-17.8371	-23.0432
-20.9751	-24.8873
-22.1101	-22.3634
-23.394	-20.3879
-24.5637	-19.7264
-23.9106	-16.5129
-24.4965	-15.1994
-24.1141	-13.6725
-21.83	-8.34217
-22.0103	-6.81856
-21.2132	-6.11368
-20.0138	-2.24477
-19.142	-1.42669
-19.1104	-1.94003
-18.5734	-3.01069
-18.2866	-2.34053
-18.5023	-4.06658
-17.4754	-2.62862
-19.3116	-5.45791
-16.6811	-2.9205
-16.8822	-4.56971
-16.7143	-9.9168
-13.4696	-15.8582
-12.136	-14.727
-12.3523	-15.4752
-11.4035	-14.9374
-12.534	-15.4425
-11.7875	-14.2182
-11.7491	-14.6343
-10.8849	-14.4208
-11.8726	-14.23
-12.905	-14.0302
-12.3477	-12.9557
-11.4477	-12.0506
-11.9202	-12.8865
-16.816	-13.671
-19.0007	-16.3226
-19.8919	-15.7622
-20.6022	-15.4676
-21.5929	-15.9939
-21.1258	-13.3584
-20.3211	-11.1808
-17.5274	-9.69849
-13.6895	-8.24569
-14.5944	-3.08369
-21.1442	-3.73159
-23.5344	-2.96877
-22.4509	-2.27506
-21.9662	-5.37853
-23.461	-4.9335
-24.8585	-1.87815
-26.4739	-5.87656
-25.817	-6.16907
-27.685	-7.26248
-24.5144	-9.29365
-14.6624	-8.8464
-12.0176	-14.1323
-13.5524	-17.1653
-13.5581	-16.4503
-12.9751	-15.1589
-11.7637	-13.1745
-14.7334	-5.63469
-18.653	-5.63461
-23.5293	-6.04
-24.8848	-1.99835
-27.6005	-6.91158
-25.8467	-7.52065
-18.4697	-2.99645
-12.5001	-6.00541
-11.5109	-6.34143
-10.8933	-6.23426
-12.7175	-5.01804
-13.9888	-2.65318
-19.7701	1.5909
-22.8386	-2.16318
-22.7432	-4.29253
-24.7784	-7.29487
-25.188	-7.61019
-25.8165	-7.24916
-27.8452	-5.87879
-30.2068	-8.03047
-28.4527	-3.58902
-29.5078	-5.91164
-25.9683	-5.84658
-24.158	-8.00238
-12.9504	-5.60903
-11.9018	-4.2686
-14.9718	-2.42498
-16.1508	-2.97644
-16.6938	-3.22463
-17.3248	-3.53054
-18.0644	-5.49377
-17.7653	-5.88801
-19.0672	-8.22318
-19.6194	-10.146
-19.9551	-10.409
-19.771	-9.62126
-19.4312	-10.0496
-18.5854	-9.55698
-16.0449	-10.0328
-11.8552	-9.89655
-9.25373	-12.86
-9.7912	-12.6241
-9.88402	-12.6721
-8.74104	-11.738
-8.26573	-12.4321
-8.30394	-11.5776
-8.6984	-11.0302
-8.29153	-10.9781
-8.88318	-9.31941
-10.428	-8.81231
-10.9595	-6.94454
-18.2823	-9.19381
-20.7099	-12.2112
-20.9661	-12.1364
-20.6837	-9.90165
-21.7172	-11.1247
-21.7877	-13.2192
-21.7313	-9.77047
-19.386	-11.6628
-21.4693	-10.5544
-19.9898	-10.5971
-15.4087	-8.24064
-11.7752	-1.21174
-15.3853	-0.800896
-18.5816	-1.25247
-22.1163	-4.4397
-23.6101	-8.23904
-24.1015	-10.7588
-24.3428	-13.1169
-23.3483	-13.3029
-21.176	-13.8603
-16.8899	-10.5792
-10.0035	-6.98046
-12.0719	-5.87512
-15.2821	-6.76609
-17.2537	-8.70596
-22.5872	-12.0811
-25.173	-15.6039
-16.5908	-4.4058
-19.1327	-5.81884
-17.9635	-7.06296
-18.3922	-8.59802
-21.401	-6.38024
-23.1745	-5.26087
-24.5977	-3.10626
-24.0902	-5.096
-24.0459	-7.57645
-22.2481	-10.47
-21.9757	-14.5296
-23.6154	-19.5306
-25.385	-21.0613
-25.8582	-23.4401
-27.056	-24.4312
-27.2481	-26.2554
-24.2432	-22.6163
-24.3272	-23.4799
-21.2497	-21.7813
-16.8417	-17.7558
-10.392	-12.8139
-10.302	-12.2012
-10.8682	-10.1175
-11.3261	-10.9832
-8.32852	-12.9002
-10.4912	-13.6857
-10.2718	-13.5035
-9.946	-14.5534
-10.6045	-14.2852
-11.0849	-16.1968
-12.0177	-14.6964
-11.7208	-18.8678
-13.9921	-22.5296
-14.4827	-23.0929
-16.3355	-24.3724
-20.2878	-23.1204
-20.7599	-20.6461
-20.1528	-20.049
-20.372	-19.0768
-20.7906	-19.9982
-22.1193	-20.5904
-23.2963	-25.1687
-23.3103	-24.947
-23.299	-24.653
-21.9036	-25.0809
-17.8336	-25.0106
-14.1476	-19.7237
-12.4722	-20.261
-11.7898	-21.6695
-11.3552	-19.6073
-10.5046	-17.2327
-12.147	-13.8959
-15.5807	-18.5286
-18.8695	-13.7614
-20.3041	-8.4727
-11.2945	-23.5917
-13.7616	-25.2819
-16.367	-25.1271
-18.0827	-21.1315
-19.7473	-19.4711
-19.5204	-17.1717
-17.7177	-16.3609
-19.3558	-17.3231
-20.8869	-19.022
-21.6764	-19.7171
-21.2477	-19.9133
-19.8071	-19.1048
-17.5967	-16.0102
-15.1388	-12.3568
-11.9054	-11.716
-10.9945	-11.5778
-12.1071	-12.648
-15.6332	-14.931
-17.7653	-17.3992
-20.5193	-20.1138
-21.5512	-19.5639
-21.0746	-18.796
-19.1177	-17.7428
-16.6498	-16.8406
-14.0282	-8.6953
-16.7866	-6.22474
-21.9803	-6.54073
-27.2604	-12.3874
-25.9979	-8.7393
-24.0456	-8.54875
-24.6838	-9.68703
-26.8719	-7.51962
-27.8673	-7.4779
-25.5854	-5.06659
-30.1191	-9.14405
-23.1565	-5.76087
-13.4182	-2.26648
-13.0098	-3.47299
-14.5933	-6.21124
-14.4897	-7.13088
-12.6641	-7.37068
-16.0204	-4.04766
-20.8327	-3.36207
-24.0717	-7.02957
-25.1157	-5.48819
-25.8875	-8.31522
-26.2658	-10.1704
-26.1843	-8.98116
-25.1726	-10.9782
-18.1365	-12.5603
-13.949	-16.0081
-17.0433	-14.3746
-18.1465	-21.0779
-19.7955	-23.8506
-18.1333	-25.2394
-17.6313	-25.6253
-17.1692	-24.9858
-16.5938	-24.9745
-16.0072	-22.822
-14.8704	-20.251
-12.8048	-18.0725
-11.0768	-15.5512
-16.4899	-7.86097
-23.9661	-9.50536
-20.1181	-8.41279
-23.778	-9.80068
-25.9405	-10.9279
-25.578	-9.90473
-22.3955	-9.04162
-20.3737	-12.7966
-13.0163	-11.9333
-6.79605	-14.58
-9.72253	-15.563
-11.3754	-15.9624
-11.5851	-15.1437
-15.0799	-21.149
-15.9566	-21.7346
-16.9176	-20.6335
-17.9689	-21.3548
-17.4344	-18.5032
-17.3522	-18.209
-17.6279	-16.5353
-15.8372	-14.9826
-12.7756	-12.9406
-8.82019	-9.61825
-8.47315	-9.64774
-9.26279	-9.69155
-10.192	-10.5195
-13.8936	-10.2606
-13.6409	-12.8775
-12.9317	-15.086
-13.0605	-14.6337
-12.5292	-15.8659
-10.6976	-18.0541
-11.0026	-19.4182
-10.8506	-20.6483
-12.1777	-19.3742
-13.2933	-19.4535
-14.0899	-21.6667
-14.0837	-20.7969
-15.0458	-23.0898
-15.4599	-21.6508
-16.0886	-18.7859
-16.91	-18.2643
-16.4524	-15.282
-22.9054	-10.2438
-25.5381	-11.8813
-23.3408	-8.49561
-25.1118	-5.97803
-25.3669	-7.64721
-24.6656	-5.73944
-24.6994	-8.14168
-25.065	-8.2978
-26.8783	-8.09526
-28.5259	-8.66601
-27.0241	-8.49901
-26.9511	-6.26919
-25.6838	-5.43373
-24.7731	-5.57782
-25.4619	-6.07178
-25.0163	-7.16841
-26.9837	-5.16116
-27.2957	-4.97726
-28.5974	-8.22653
-25.9511	-10.1945
-25.3342	-10.8623
-22.8498	-11.0049
-20.0883	-12.4911
-23.9905	-13.8932
-22.0844	-11.2044
-21.4748	-11.9019
-20.8263	-13.7022
-21.9314	-10.1556
-20.2819	-9.0596
-20.976	-11.2441
-21.8152	-12.1267
-20.9546	-11.9223
-20.511	-13.7413
-15.9555	-11.415
-10.6908	-12.5004
-9.2321	-19.0151
-12.0546	-21.1493
-12.231	-20.7911
-13.2546	-20.7779
-14.0021	-21.0128
-14.6483	-20.5486
-15.4055	-21.7604
-13.4128	-18.8358
-10.2851	-16.5736
-8.837	-14.5197
-10.1929	-16.7894
-7.66853	-16.6426
-6.321	-15.6599
-7.4774	-13.6033
-6.93643	-12.8437
-8.45866	-10.6836
-12.038	-8.62463
-14.2946	-9.7383
-16.0323	-11.3524
-16.7215	-8.53766
-20.4007	-5.34275
-25.0107	-10.1109
-15.4258	-5.47681
-15.6112	-3.95634
-18.6968	-2.83434
-17.4979	-1.96054
-18.8875	-5.20544
-18.5224	-4.4952
-17.7994	-4.54603
-16.6628	-6.22594
-11.6571	-8.12807
-11.199	-6.80736
-16.2732	-8.11927
-17.4811	-6.57583
-16.7271	-9.38431
-17.5997	-11.8546
-23.2036	-10.024
-20.7348	-9.79771
-18.2838	-15.0716
-16.0394	-17.216
-17.7304	-19.2279
-16.9983	-21.0772
-18.188	-22.1019
-19.0323	-21.817
-19.8181	-22.4553
-17.496	-23.0653
-18.4282	-24.9943
-16.3952	-23.7075
-14.7056	-23.0101
-14.8149	-17.7057
-12.7196	-15.699
-8.78992	-13.8725
-12.6251	-14.5512
-15.6841	-13.4369
-13.6955	-10.7991
-14.6941	-8.75617
-14.9238	-9.11215
-20.3732	-12.0894
-21.2659	-11.9377
-20.4631	-13.3167
-14.3053	-10.0237
-18.0953	-13.8189
-19.3875	-12.5899
-21.059	-14.1785
-19.089	-14.7082
-17.7738	-16.0062
-15.1504	-13.9306
-15.6284	-10.4959
-23.4539	-7.69305
-26.5544	-14.102
-29.6906	-14.8044
-28.0664	-8.18095
-29.7113	-8.72875
-25.8233	-7.26296
-20.1321	-14.5956
-18.0026	-12.8565
-18.4543	-9.78649
-19.8527	-7.89694
-17.6437	-12.2999
-17.1795	-16.8692
-14.4342	-26.2163
-15.5797	-23.2847
-14.211	-12.409
-7.76121	-19.4967
-11.6671	-22.6868
-10.9894	-19.2255
-12.551	-17.996
-14.3973	-15.8884
-13.4942	-13.1245
-11.3399	-14.4759
-8.3748	-9.84451
-17.6863	-2.30262
-15.0629	-3.79094
-14.3052	-0.57033
-15.2248	-0.96448
-13.9562	-1.20675
-13.4327	2.09029
-13.9579	0.675077
-15.2996	-2.51479
-16.6562	-3.65702
-16.8722	-4.97956
-16.3795	-7.20212
-16.0689	-11.7562
-15.4544	-15.0136
-15.0212	-16.5982
-14.6043	-18.8281
-14.9586	-21.2985
-14.237	-20.9271
-12.4673	-21.4975
-12.6503	-20.983
-11.673	-21.2284
-12.5082	-20.773
-12.0526	-20.5793
-11.3752	-20.433
-10.8811	-17.2361
-11.6892	-14.1295
-11.3707	-10.7768
-17.1553	-7.17051
-22.6088	-9.14403
-24.2045	-8.40798
-22.773	-6.45798
-22.5332	-10.8317
-24.8275	-10.153
-25.7686	-9.05066
-22.6329	-6.83353
-22.2367	-8.9949
-24.415	-10.3939
-25.3913	-9.94026
-23.7975	-8.29315
-27.7753	-9.72891
-25.1816	-7.68595
-25.2532	-7.99348
-26.3158	-7.90135
-23.4465	-9.14424
-22.3377	-9.92603
-22.5594	-10.5358
-19.6898	-10.0066
-20.8879	-12.3619
-20.1816	-13.2018
-20.0263	-10.8019
-20.8074	-10.7501
-22.9937	-14.3342
-22.1036	-12.6209
-21.4539	-15.1792
-22.2631	-12.0866
-22.1695	-12.6885
-22.1046	-12.6673
-19.7993	-12.5091
-18.0355	-9.99972
-20.7736	-15.3794
-21.9425	-15.1729
-24.4106	-12.8636
-20.6383	-10.5165
-18.5286	-11.8582
-10.8403	-13.4643
-7.30869	-16.4584
-8.07951	-17.4848
-11.3442	-19.236
-15.2871	-20.0369
-16.8652	-17.3462
-15.2394	-15.8007
-12.0289	-13.2135
-10.972	-10.3304
-12.0308	-11.0155
-12.022	-15.48
-12.501	-17.0917
-20.5656	-22.6659
-22.0933	-22.3982
-20.5777	-23.0219
-21.37	-27.0554
-21.6443	-27.9246
-18.4734	-26.4641
-16.4237	-28.3262
-9.30087	-18.0113
-11.6802	-16.3921
-15.6836	-15.0681
-16.0168	-13.1958
-16.2151	-11.4813
-24.3579	-14.7041
-15.8001	-21.2782
-16.4155	-28.6388
-13.7374	-21.9125
-18.2652	-15.8718
-19.3884	-24.724
-19.8749	-24.3294
-19.303	-23.1755
-17.2307	-23.623
-18.7876	-19.5977
-16.4167	-14.889
-15.7517	-10.0982
-19.1162	-8.96122
-24.4536	-12.4509
-26.272	-8.79435
-28.2398	-11.8197
-27.0664	-13.039
-25.8042	-12.5282
-25.9	-10.0992
-24.7609	-10.8055
-27.9289	-8.31283
-29.697	-8.85913
-24.8556	-7.21434
-22.2095	-4.80336
-13.1975	-6.44832
-18.5839	-5.72517
-19.9299	-6.73832
-19.7657	-8.20191
-19.3983	-10.2205
-18.0676	-11.5139
-18.2181	-13.7805
-15.5525	-11.6301
-13.6695	-11.6307
-11.9278	-11.7849
-13.1547	-8.10771
-14.3992	-10.0794
-14.1619	-17.9892
-15.4434	-20.541
-18.4321	-25.9207
-18.7372	-27.147
-18.191	-25.5738
-19.1068	-26.74
-16.8933	-25.4478
-13.9038	-23.9874
-12.4787	-20.9212
-15.0734	-11.2309
-18.9001	-7.58626
-24.4034	-7.57778
-25.6788	-6.56924
-27.0565	-10.0454
-27.7684	-7.34251
-29.1084	-12.5844
-28.4789	-10.1512
-29.7424	-9.3385
-26.7866	-12.3851
-27.9048	-12.4441
-19.7961	-12.7116
-9.80428	-26.353
-14.1235	-27.2978
-14.8099	-27.2197
-15.8428	-26.7642
-16.9009	-25.894
-16.8728	-25.4984
-18.6225	-25.9797
-18.9898	-25.7038
-19.3818	-26.6817
-19.3877	-26.3993
-20.1581	-26.4179
-18.9418	-25.222
-19.008	-24.8783
-14.749	-20.6284
-12.5892	-15.6497
-11.8968	-15.2521
-13.2597	-17.3948
-13.0626	-15.6425
-12.6883	-14.693
-11.6036	-13.8027
-9.99887	-12.6434
-13.2047	-13.4446
-15.7762	-11.1104
-22.0142	-17.359
-20.457	-17.3376
-21.0078	-17.7429
-19.7579	-20.5868
-17.8179	-18.1018
-21.1698	-23.0452
-23.1104	-24.5655
-21.1633	-22.2983
-20.948	-23.7945
-21.379	-23.8075
-20.6392	-24.5076
-20.0652	-24.763
-20.8346	-24.5412
-18.5121	-22.2657
-16.1235	-18.435
-16.7477	-19.8692
-15.1814	-17.3675
-20.0509	-24.3517
-20.7241	-24.4242
-20.5218	-21.6467
-23.1654	-23.7861
-22.1451	-19.7163
-23.4727	-19.8296
-22.2056	-16.4751
-20.3851	-11.0435
-21.3247	-12.4024
-20.3811	-9.97914
-19.4335	-7.85037
-19.3545	-8.06688
-18.6536	-7.97085
-16.9147	-8.01748
-19.3562	-7.63841
-19.8824	-10.4565
-21.1096	-14.262
-20.4598	-16.3599
-20.87	-17.9818
-21.1792	-20.2837
-21.1699	-20.9323
-20.7481	-19.2076
-20.921	-19.0845
-18.7125	-14.9252
-16.0726	-10.9402
-13.4165	-8.33813
-12.2835	-7.07073
-11.7953	-6.32304
-11.3099	-4.95667
-12.4707	-4.27689
-11.6021	-2.67108
-11.566	-1.9412
-11.8011	-2.40557
-11.8918	-1.55827
-13.4413	-1.96567
-14.0635	0.690528
-14.5907	0.353498
-14.9889	-2.18632
-14.4899	-3.91819
-13.3368	-8.95668
-11.2527	-12.8021
-10.4397	-15.9516
-9.3267	-15.9955
-8.69214	-18.2501
-8.26558	-18.9376
-8.43679	-18.2406
-7.63971	-17.8353
-9.8335	-17.8574
-11.735	-16.7753
-11.7318	-15.2289
-9.67649	-13.1926
-12.2597	-13.1763
-15.9826	-14.8538
-16.9051	-17.3693
-15.1221	-18.8816
-15.4299	-18.9683
-14.9492	-19.5624
-13.5873	-19.3955
-13.4315	-20.7327
-12.7199	-20.9467
-10.9251	-18.865
-12.1164	-19.0032
-12.0152	-16.0789
-11.009	-13.0659
-12.6764	-10.8254
-12.7288	-14.487
-12.8863	-10.9226
-15.4141	-12.3672
-16.7003	-12.9614
-19.5508	-13.1795
-22.2374	-13.7733
-17.5885	-11.2819
-20.0989	-12.442
-21.5562	-11.1615
-19.3801	-13.7915
-20.842	-11.6062
-20.7408	-13.1784
-20.6076	-13.5576
-18.3174	-10.2305
-19.9065	-10.9463
-20.3136	-11.2752
-20.7999	-10.5803
-21.2757	-13.3149
-20.2181	-10.3911
-20.265	-11.3798
-21.1032	-12.9442
-21.8446	-8.05899
-21.8346	-11.9814
-20.4849	-11.5479
-21.6892	-11.1203
-23.7641	-15.3736
-21.088	-12.3378
-11.6335	-12.4643
-13.7135	-18.1684
-13.3075	-17.0331
-12.5287	-17.9922
-13.1759	-17.0149
-12.7444	-19.4969
-11.0988	-15.9067
-11.0939	-12.1057
-12.9826	-11.6577
-12.0748	-14.7138
-11.0778	-11.4192
-15.114	-4.94268
-15.4095	-9.53409
-16.9568	-11.8907
-16.3308	-12.0514
-17.7574	-9.23723
-19.3068	-10.178
-17.7003	-12.829
-17.3533	-10.1529
-24.4985	-12.5354
-16.2739	-12.3542
-15.1127	-16.9815
-14.4325	-16.6594
-14.0827	-19.7407
-13.2499	-21.8949
-11.6162	-21.7628
-10.7288	-21.5192
-11.35	-19.2342
-11.2341	-18.9204
-11.6784	-20.2656
-12.4285	-21.1909
-14.7	-21.4361
-18.0243	-25.0879
-20.3502	-24.7415
-22.0673	-25.3266
-24.0165	-25.6517
-24.0597	-23.4801
-23.464	-22.2276
-22.6044	-24.1031
-18.9692	-24.0507
-14.3343	-18.8556
-16.0709	-18.5714
-18.6001	-14.3442
-18.1035	-12.4398
-17.7658	-12.8587
-14.7557	-14.4789
-13.8758	-13.6044
-11.1844	-15.9904
-9.10297	-16.9598
-8.38001	-16.9098
-9.26411	-16.8358
-10.39	-17.4293
-11.2017	-18.0281
-11.7008	-19.9853
-16.5659	-22.9164
-18.6401	-22.6068
-20.5214	-22.3424
-22.5924	-22.5806
-22.503	-20.6893
-23.703	-20.0912
-23.1476	-16.8384
-22.7817	-14.782
-21.5167	-10.1664
-12.2653	-9.45786
-18.9813	-8.26907
-18.9787	-6.09725
-19.3316	-4.27152
-17.2381	-1.83578
-16.3576	-3.69793
-15.6986	-1.11331
-15.4141	-2.05959
-14.3654	-0.438471
-16.9612	-4.5846
-17.0524	-2.41335
-17.1393	-2.73902
-17.958	-3.80915
-16.7037	-6.30913
-11.9794	-16.9486
-11.1795	-17.6793
-11.4156	-14.4327
-12.5538	-15.1987
-12.7808	-13.6366
-15.1462	-14.7462
-19.9847	-20.1245
-24.6802	-21.4244
-23.5812	-19.2235
-24.2851	-19.7041
-25.2565	-21.2192
-25.0029	-20.5849
-24.7051	-20.6319
-24.9559	-21.5032
-24.502	-21.2514
-24.8895	-20.595
-25.9083	-21.1313
-23.5462	-19.9416
-21.4784	-20.2303
-21.5025	-20.9853
-19.8635	-20.8367
-19.504	-19.2405
-18.079	-14.6823
-17.4855	-13.9774
-18.1443	-12.4301
-23.0981	-11.1227
-26.6977	-11.5302
-26.048	-12.7
-27.315	-10.969
-25.593	-10.6471
-28.4505	-12.5692
-26.7115	-15.5591
-28.9789	-13.9829
-27.8198	-15.8605
-27.4651	-12.7026
-26.7204	-14.2136
-26.6163	-13.0208
-20.1755	-11.2625
-13.8086	-10.3829
-12.6812	-10.3828
-18.7005	-9.45108
-19.7617	-10.2563
-21.0981	-7.78349
-20.87	-11.4264
-20.4655	-12.4273
-16.2569	-10.0218
-17.4126	-10.8632
-18.7034	-11.1264
-14.3578	-8.36376
-10.0092	-11.8808
-10.5646	-16.1824
-12.0683	-15.9709
-12.2745	-14.5357
-11.8398	-14.0416
-12.8931	-14.1259
-12.664	-15.2412
-14.135	-20.2491
-20.8356	-24.9193
-22.31	-19.8006
-24.3034	-19.9701
-23.2415	-19.3286
-23.6142	-19.2239
-23.4575	-20.5328
-22.505	-20.328
-21.5183	-18.7541
-22.4644	-21.385
-19.9486	-20.1799
-16.0554	-16.7665
-15.7556	-16.8916
-13.7992	-15.8111
-13.9156	-16.6769
-13.6846	-17.2012
-13.3424	-15.8091
-12.1057	-16.0006
-11.9591	-16.8223
-12.0409	-17.9096
-17.7207	-20.7531
-18.1866	-21.7031
-16.8798	-23.7832
-17.2444	-22.7116
-20.4713	-20.9511
-22.8154	-24.0084
-23.0872	-26.0061
-22.4764	-26.0581
-22.3688	-26.4735
-20.3986	-24.9574
-16.2124	-22.3237
-12.3913	-19.4112
-13.1827	-15.1968
-12.314	-9.66597
-12.0588	-11.3311
-11.8465	-11.3431
-12.4504	-9.04321
-14.3539	-6.22802
-15.3611	-5.60522
-13.925	-2.66955
-14.1825	-1.96175
-13.3486	-3.71269
-10.4411	-5.9807
-10.4004	-10.6648
-14.0176	-11.4683
-16.7844	-13.0529
-16.9007	-11.9887
-18.6397	-12.2631
-18.8461	-14.5316
-15.763	-20.5255
-14.1744	-25.2099
-12.3126	-14.3944
-7.52986	-16.8776
-10.8382	-19.9032
-9.83625	-18.7481
-10.9944	-20.1423
-13.033	-20.4435
-14.3126	-18.6645
-14.3892	-18.8188
-12.7587	-18.5605
-13.8783	-16.289
-17.6304	-21.2446
-18.9276	-20.1502
-19.3656	-23.2565
-17.9985	-24.535
-19.5389	-25.789
-19.9889	-24.6856
-19.4873	-23.0372
-20.3342	-25.2574
-19.8114	-22.7885
-19.6728	-23.6346
-20.3383	-23.2109
-20.0967	-21.441
-20.1416	-19.0084
-19.4128	-16.8968
-17.7809	-14.0057
-15.2067	-10.8052
-11.6621	-9.50341
-13.2906	-6.89796
-11.4063	-9.20219
-10.1963	-8.624
-10.6594	-7.17979
-8.99122	-7.07682
-8.96136	-7.39731
-7.61831	-8.6386
-7.03498	-8.75496
-7.39389	-8.04851
-9.08013	-6.72833
-10.1953	-6.85236
-9.54891	-6.14443
-11.5293	-3.01915
-12.7682	-3.56429
-12.3626	-7.27934
-13.9094	-8.05425
-14.8145	-8.53007
-16.1574	-7.52733
-16.767	-9.49437
-20.4285	-8.16644
-19.14	-12.0826
-20.691	-13.2578
-21.5346	-12.8644
-23.2315	-9.0492
-23.2857	-11.9611
-23.9496	-11.676
-23.0102	-8.56439
-22.0887	-14.5503
-23.1206	-13.8763
-22.6151	-13.4925
-21.1872	-12.0561
-21.5841	-11.3143
-22.5153	-11.9269
-21.9057	-11.6965
-21.5803	-11.1318
-19.3115	-11.1882
-21.6102	-13.6433
-22.699	-13.9224
-22.8181	-14.6479
-22.3478	-12.9127
-22.0431	-11.2724
-22.726	-11.0025
-21.4428	-12.4264
-18.3837	-12.2054
-9.48962	-15.266
-10.2735	-17.6727
-14.0929	-19.4901
-18.6801	-23.9494
-20.4891	-24.8249
-19.043	-23.8486
-18.5248	-23.7959
-19.1544	-25.2428
-14.8263	-25.0479
-8.86669	-16.4167
-11.6714	-12.6143
-16.2743	-14.2863
-18.0621	-17.0137
-17.4503	-14.6094
-16.9133	-14.4796
-16.7239	-9.78789
-16.1934	-20.7393
-20.5994	-25.7408
-22.945	-24.1529
-24.6085	-24.1541
-25.0125	-25.1942
-24.3258	-24.3743
-23.3269	-25.1554
-22.9786	-26.024
-20.2975	-24.7159
-17.7177	-13.1929
-19.3755	-19.1718
-16.7725	-21.6442
-15.0941	-20.7644
-12.8288	-16.0772
-16.983	-18.2238
-16.3363	-19.2804
-16.3305	-18.5119
-16.9806	-15.2461
-19.9469	-15.95
-21.4057	-19.7309
-19.8148	-18.2221
-16.9827	-25.9777
-20.1933	-25.9677
-20.3704	-26.4729
-22.3549	-27.7786
-19.0824	-27.5128
-12.7164	-21.4161
-13.4539	-20.4622
-12.2927	-19.5303
-12.9233	-19.0652
-12.2283	-18.0955
-13.708	-18.9461
-17.2113	-26.0266
-21.1313	-25.3889
-21.9755	-24.054
-22.5713	-21.7463
-23.0652	-21.3696
-23.387	-21.0301
-22.1847	-20.4487
-21.4262	-19.6765
-18.0831	-18.9047
-13.78	-16.0038
-12.1409	-13.9282
-10.1259	-15.1554
-8.01109	-16.3967
-9.08544	-15.816
-13.2615	-11.9774
-17.5169	-16.5116
-16.5639	-15.6656
-22.9174	-19.5696
-17.5649	-17.5533
-21.4641	-25.2372
-20.667	-26.1251
-21.7351	-25.4673
-20.9139	-25.4025
-19.9064	-26.5438
-17.6893	-25.4886
-13.1779	-21.0217
-10.2134	-16.6062
-11.3584	-19.7421
-13.3	-22.7414
-16.6214	-28.7385
-17.3675	-26.6728
-19.0396	-26.4874
-18.5071	-26.3953
-18.8678	-26.5235
-17.8098	-25.0966
-17.6065	-22.0425
-17.1923	-20.931
-15.3853	-20.0573
-12.8568	-19.8719
-10.9072	-16.5948
-12.4772	-13.7249
-11.3416	-12.3885
-11.0506	-10.5083
-12.89	-9.9071
-14.6519	-7.33353
-16.3697	-3.61417
-15.717	-0.956789
-15.687	0.936988
-14.7743	0.349643
-14.7068	0.227536
-15.3253	-0.113401
-16.0296	-0.962432
-16.5101	-1.57643
-17.3353	-4.8995
-18.5285	-9.43758
-19.475	-11.7993
-20.5132	-15.2687
-20.9145	-17.2897
-21.3203	-21.1046
-20.5342	-21.434
-20.0787	-21.3366
-20.3553	-23.1869
-19.2308	-21.1889
-18.3533	-20.5368
-18.5195	-19.8068
-17.1065	-16.2237
-13.1758	-9.65147
-8.0295	-9.21138
-9.22727	-5.05007
-11.8604	-4.88091
-9.40276	-7.53198
-10.953	-6.29764
-15.0362	-7.38599
-17.4679	-9.72705
-19.4738	-12.541
-18.6341	-10.9292
-22.8688	-14.6449
-22.8723	-10.2347
-25.144	-9.00153
-22.9242	-9.63137
-18.7997	-5.15407
-14.0437	-6.87422
-15.4516	-10.9948
-16.0374	-12.9665
-16.4978	-14.4898
-15.448	-14.7151
-14.8859	-16.7714
-14.3759	-16.4955
-13.695	-17.8584
-13.205	-16.7068
-12.5517	-18.2823
-13.0713	-15.9013
-13.8833	-14.0056
-14.3037	-11.4265
-14.6055	-14.5013
-14.6862	-9.8487
-15.5335	-11.7807
-15.8905	-11.4833
-17.5737	-11.8734
-20.5479	-12.1986
-20.7962	-12.9567
-20.4447	-12.9873
-23.2567	-13.5551
-22.7622	-12.2413
-20.9741	-9.26102
-21.0198	-10.7367
-20.15	-13.8035
-23.7132	-14.8794
-18.6056	-13.3748
-22.2525	-13.4603
-22.6569	-11.5892
-21.6858	-9.3493
-22.0564	-13.4996
-21.5474	-10.7167
-20.8075	-12.0987
-21.5384	-12.3806
-21.0749	-9.24132
-21.3953	-10.8279
-21.4728	-13.2171
-15.8623	-13.1274
-9.71485	-15.0671
-8.36333	-17.8997
-9.5088	-20.3587
-9.07146	-17.126
-8.6005	-16.4046
-8.98337	-12.744
-9.0222	-12.1655
-9.26145	-13.5917
-8.32714	-14.4035
-8.40583	-15.4525
-7.22503	-16.3653
-8.24992	-12.1757
-11.8291	-9.08174
-13.8933	-5.67901
-15.1628	-7.10789
-15.244	-8.44613
-16.9883	-7.69703
-15.9919	-7.19153
-17.4093	-18.9465
-20.5725	-26.3951
-21.2699	-26.7524
-20.2236	-26.1538
-20.2519	-25.3627
-16.8357	-22.268
-13.6941	-20.7968
-15.06	-12.9206
-19.9476	-7.6338
-22.5463	-9.78759
-24.0833	-9.51381
-25.4941	-12.2738
-26.7753	-8.83967
-25.6793	-8.35874
-26.8399	-10.9619
-27.897	-11.7193
-25.4821	-8.59888
-24.042	-12.6422
-15.2141	-16.0683
-17.271	-19.9748
-21.2241	-17.8703
-22.9683	-16.9773
-22.6035	-15.4933
-24.3692	-16.8401
-24.3997	-15.3653
-23.5383	-14.0944
-22.7393	-14.5269
-20.9867	-14.176
-16.5446	-12.4085
-12.525	-11.7408
-15.1362	-12.2392
-18.4478	-13.2496
-18.4384	-10.6405
-20.8464	-10.8991
-20.1386	-11.5147
-23.9158	-9.25937
-24.3504	-8.99095
-24.3446	-9.22911
-28.9631	-9.46523
-29.4469	-9.8416
-27.2141	-10.3865
-27.4834	-7.83082
-19.6431	-11.944
-21.0075	-14.8965
-19.8731	-11.2357
-22.0514	-14.5894
-21.2506	-14.5322
-21.1127	-15.1207
-21.8742	-10.1308
-19.9708	-8.60185
-13.2171	-15.2228
-15.4544	-15.4034
-16.149	-13.2126
-20.6346	-20.3807
-21.2677	-20.0296
-21.8636	-19.1609
-21.8056	-18.8468
-20.9817	-18.8324
-20.3364	-20.0693
-19.85	-19.8314
-17.7258	-17.7329
-15.8946	-19.1524
-16.9381	-21.2687
-17.3278	-22.6032
-18.476	-24.1498
-19.8857	-26.8533
-19.5029	-25.6264
-19.319	-27.2235
-20.5191	-29.0703
-18.5704	-26.8409
-16.9524	-21.5863
-19.4324	-12.7402
-17.9991	-24.5091
-17.9455	-23.1685
-13.8176	-12.0601
-19.6603	-24.9115
-20.3212	-27.3792
-19.8333	-25.3524
-19.0585	-25.2161
-19.1274	-25.5055
-17.4867	-26.5284
-14.4836	-25.064
-15.6487	-19.2608
-16.289	-14.2356
-18.1506	-9.53787
-21.7427	-9.51043
-25.3864	-10.8921
-25.4509	-10.3865
-24.0401	-9.6431
-20.7603	-11.7499
-20.5686	-16.0192
-17.0517	-13.6923
-18.9474	-12.6036
-21.202	-14.2026
-24.8845	-12.5646
-23.8705	-13.4845
-15.9836	-17.4823
-15.0795	-24.9648
-18.2436	-25.0138
-18.4079	-26.1362
-18.0275	-25.2599
-15.5303	-24.7376
-14.2553	-25.6739
-12.7713	-23.2673
-11.9238	-21.7556
-10.67	-21.0413
-10.1847	-19.9052
-11.0607	-21.2554
-11.782	-20.3407
-13.436	-21.7691
-11.382	-21.7517
-8.04655	-12.6734
-10.1929	-12.2874
-15.5085	-20.1464
-17.5624	-23.0113
-18.1101	-23.7054
-18.8496	-22.1741
-18.9232	-20.729
-19.5395	-21.3664
-20.135	-20.4966
-19.7866	-19.0798
-19.8597	-19.4414
-18.4	-18.7573
-18.5835	-18.7662
-17.1655	-17.34
-16.8018	-17.6206
-13.2929	-14.0507
-9.9876	-12.4705
-8.68919	-11.049
-8.69695	-11.0632
-8.45059	-11.6908
-9.04444	-12.3295
-8.18424	-11.5227
-6.62054	-10.289
-6.59102	-8.78502
-6.79577	-9.46147
-7.05512	-10.2547
-8.04017	-6.34062
-9.51282	-6.93887
-11.6484	-7.44971
-14.1258	-6.41329
-21.6748	-15.1289
-19.8608	-10.7281
-23.8277	-9.15693
-25.991	-9.20894
-28.9103	-9.69818
-28.8104	-9.57479
-27.5593	-10.8254
-27.1578	-11.0463
-28.388	-10.7543
-27.1114	-11.2307
-28.6344	-12.062
-27.6938	-11.0054
-27.4793	-9.55715
-27.4526	-11.5931
-25.772	-11.2055
-24.6851	-11.8435
-22.0162	-13.0476
-21.3473	-14.4218
-19.3102	-13.0338
-21.0547	-14.455
-22.4019	-14.8908
-21.8478	-10.842
-20.8587	-15.1234
-19.5927	-11.0156
-21.0001	-11.6843
-20.7826	-12.9571
-21.5828	-13.85
-23.5735	-14.1012
-20.2539	-11.706
-19.5639	-11.1482
-24.1402	-12.2678
-22.0967	-12.0023
-21.945	-13.6783
-20.8552	-10.9909
-21.4638	-14.5224
-21.0811	-9.99181
-20.8892	-11.5805
-21.1802	-11.5433
-21.2396	-10.9752
-19.0201	-10.8143
-16.0921	-8.00936
-14.9473	-8.40669
-24.3941	-13.4946
-19.1288	-14.5953
-17.2884	-19.2819
-16.0301	-15.1254
-23.1106	-15.0114
-19.2707	-23.9515
-19.9596	-23.1633
-17.8492	-20.0355
-18.6302	-21.8452
-22.2997	-23.8861
-24.729	-23.4485
-24.7504	-22.3759
-24.8057	-22.4487
-24.878	-22.8913
-23.9223	-21.3227
-23.8588	-21.1981
-22.4135	-21.8899
-20.09	-20.4243
-14.0782	-20.537
-10.4659	-15.5475
-10.4147	-16.2703
-10.0328	-15.0814
-9.70967	-12.7183
-11.2808	-9.51214
-14.9621	-7.63721
-21.0121	-8.52918
-24.0306	-10.6357
-24.3052	-12.6038
-25.9647	-5.8923
-27.0816	-7.53677
-25.4853	-6.74574
-21.9553	-8.09578
-21.1378	-8.75768
-20.0197	-7.88306
-19.8979	-7.28709
-19.2358	-9.21786
-20.1017	-10.5124
-22.4292	-15.2742
-18.8824	-16.3864
-18.128	-22.7318
-23.8337	-25.3276
-24.5873	-23.9902
-24.4408	-21.9044
-25.5084	-23.7348
-24.0486	-22.3359
-24.5823	-23.2371
-22.2955	-21.4855
-21.8081	-22.4483
-17.7356	-19.0778
-12.7144	-16.564
-14.9273	-13.4546
-19.4448	-16.6541
-23.3362	-11.8731
-26.0574	-14.5468
-16.4684	-12.9289
-12.8155	-16.2738
-13.9299	-13.7692
-14.8617	-16.3344
-13.5498	-13.2922
-12.543	-13.8763
-9.91915	-11.6181
-7.27751	-10.902
-9.82181	-8.21398
-15.5464	-5.79156
-26.2388	-12.6277
-21.3362	-11.8891
-19.9409	-13.7599
-12.9699	-15.6882
-16.878	-17.0864
-16.6941	-16.9395
-15.3272	-10.8905
-20.9994	-4.314
-17.9064	-12.5401
-17.5072	-21.4961
-17.0015	-21.1678
-17.8972	-23.1983
-17.6617	-21.7482
-17.0297	-21.1257
-14.6527	-16.2039
-12.6818	-12.8065
-9.77578	-12.4698
-10.4446	-12.6847
-12.3042	-15.0965
-14.0819	-16.7356
-14.5332	-17.7467
-14.5749	-19.345
-13.2732	-18.7445
-12.6418	-19.3156
-12.6788	-19.5375
-11.5176	-20.0449
-12.5016	-21.4489
-12.4603	-21.432
-14.2032	-22.3925
-15.6838	-23.3999
-17.1879	-22.7951
-19.4487	-22.6829
-20.615	-20.0207
-22.2082	-18.6954
-23.4789	-17.9972
-23.5215	-16.3523
-24.8133	-16.3935
-25.0534	-16.8083
-26.0669	-17.6502
-25.4759	-17.167
-24.2216	-16.0643
-24.6957	-18.279
-22.109	-14.1825
-23.3321	-16.1454
-21.8821	-15.59
-15.8002	-14.033
-16.4659	-13.9731
-19.9462	-5.05914
-23.9936	-8.41619
-28.2035	-9.93418
-27.2876	-10.7645
-27.8379	-9.92072
-26.9103	-9.24146
-25.3798	-9.08353
-19.4741	-11.3581
-17.2506	-9.13844
-20.7773	-13.3421
-22.4156	-15.4684
-20.2992	-13.4944
-20.1419	-13.4557
-20.9761	-14.0934
-16.7964	-5.60455
-15.1991	-25.8925
-20.5664	-28.6428
-21.4734	-25.5978
-21.6427	-24.8673
-23.0703	-27.1369
-20.1529	-23.1178
-15.3511	-18.1375
-16.0235	-21.1904
-18.3485	-24.5727
-17.128	-23.0245
-15.933	-24.7932
-17.2105	-27.4363
-18.4531	-26.9501
-18.1155	-27.3673
-17.9751	-27.029
-16.4174	-25.8727
-14.5007	-24.5103
-12.34	-23.8227
-10.2053	-21.3718
-9.54607	-19.8604
-7.54126	-18.9089
-10.2846	-19.8166
-12.6514	-19.7842
-13.7736	-20.6131
-15.0858	-21.9745
-14.5368	-21.7851
-14.2396	-22.1012
-15.3023	-21.153
-14.5698	-20.6383
-12.4205	-20.6881
-10.6853	-16.4958
-10.1321	-16.6122
-11.9325	-15.8263
-10.9992	-16.7971
-13.591	-23.406
-13.8349	-25.3683
-15.5693	-24.8492
-16.5265	-23.6048
-17.7842	-24.222
-19.3285	-24.0179
-18.1288	-22.6532
-19.2473	-22.8546
-17.775	-22.6905
-15.8614	-22.042
-17.7295	-23.6241
-19.3414	-25.295
-20.0396	-23.2916
-18.5893	-21.2501
-18.8088	-22.6331
-17.5879	-20.6263
-14.133	-18.6131
-11.043	-16.1106
-14.5687	-9.97231
-16.5951	-8.29882
-23.7417	-7.6431
-27.3775	-12.1676
-26.598	-9.90225
-27.8654	-8.37716
-30.683	-12.8002
-29.7406	-11.2182
-27.8854	-9.23941
-30.2093	-7.86654
-28.2063	-8.17356
-27.5857	-5.8482
-20.9805	-1.9138
-12.1706	-8.11205
-17.8663	-12.0391
-18.1205	-13.6035
-16.754	-17.508
-15.3132	-20.1747
-14.2039	-20.7253
-14.3106	-22.0624
-12.7091	-21.4325
-12.6426	-21.6384
-11.7856	-21.1045
-12.1211	-20.9498
-12.7858	-21.318
-11.9319	-22.1414
-11.3907	-23.6405
-10.6637	-23.7524
-14.0712	-16.8172
-13.4668	-18.2176
-11.6462	-21.8605
-9.88344	-20.2319
-10.1768	-16.7056
-8.30808	-12.749
-7.82364	-10.6232
-6.50602	-11.6344
-8.11975	-13.9089
-9.35004	-21.2541
-12.8763	-25.303
-15.7157	-27.0579
-16.3318	-25.5845
-18.3115	-24.4992
-19.4533	-24.0984
-19.9402	-22.7593
-20.1783	-23.006
-20.1797	-21.3373
-19.5001	-20.4693
-20.4396	-21.2166
-20.3601	-19.5713
-18.4847	-17.2644
-17.6171	-17.6731
-12.2362	-14.0146
-9.31063	-11.6341
-9.35753	-11.6774
-9.34979	-9.58793
-9.89319	-9.76945
-9.57041	-9.46112
-13.8127	-13.2655
-14.6733	-16.5757
-14.9478	-17.1422
-16.0051	-18.7514
-15.5864	-18.6551
-14.1451	-19.9565
-14.6424	-19.9813
-12.9951	-20.8635
-12.6002	-19.7879
-12.3748	-19.464
-10.906	-14.18
-8.68205	-11.9368
-12.9333	-8.70185
-11.9526	-12.4927
-14.5744	-12.4399
-15.6875	-11.3643
-17.4223	-11.568
-19.9024	-12.4968
-19.6696	-10.3734
-19.3128	-10.7669
-20.2826	-11.171
-20.4026	-11.2692
-20.7207	-11.4082
-20.8814	-11.8285
-19.6789	-13.4153
-21.0074	-13.8846
-21.8409	-14.6668
-27.9071	-9.01887
-20.3452	-11.4297
-15.0448	-20.3063
-19.2812	-23.9421
-21.1116	-22.3324
-21.4747	-19.8244
-20.2171	-17.3978
-19.9461	-16.7994
-15.9895	-13.41
-9.93696	-12.8844
-7.19891	-13.3649
-8.21091	-12.3512
-9.59627	-7.52221
-15.9361	-5.92619
-21.3104	-7.12037
-21.9726	-7.52779
-26.0942	-10.2065
-24.7201	-10.2519
-21.4372	-10.6629
-19.1665	-12.5841
-15.5718	-9.13861
-20.2152	-13.2437
-20.2347	-9.15347
-18.7783	-12.9638
-19.3389	-7.52642
-16.5154	-12.0414
-13.7602	-25.5308
-19.3969	-26.1663
-19.876	-25.4381
-21.1455	-24.1949
-20.047	-24.5027
-14.7875	-17.8733
-13.6103	-15.8232
-16.607	-24.7552
-16.0669	-23.5675
-15.2171	-24.8333
-13.7217	-23.4711
-8.16583	-19.7423
-8.74437	-18.6645
-9.91661	-17.553
-10.4372	-16.8712
-9.91789	-15.5511
-10.3561	-15.1606
-12.1561	-15.0716
-12.2128	-13.3284
-17.6149	-15.4145
-24.5506	-15.6299
-26.5447	-13.8935
-27.0104	-14.0105
-26.5775	-14.029
-23.705	-13.8979
-23.8088	-17.9389
-21.5885	-18.3364
-15.6273	-14.6197
-17.3397	-10.2617
-26.4292	-8.16171
-20.4225	-13.5544
-17.4762	-11.6223
-18.5277	-14.908
-17.8469	-10.4848
-19.5657	-14.4196
-20.7421	-9.90815
-20.0824	-10.271
-23.621	-10.7382
-22.9318	-12.3617
-18.6228	-20.8587
-19.6892	-22.2238
-16.9635	-13.1417
-24.7617	-12.9834
-22.2469	-19.3172
-22.2931	-18.8845
-24.6176	-21.1797
-24.3087	-19.6243
-24.0534	-18.6239
-23.9954	-19.3046
-20.6519	-17.9291
-13.5696	-15.5428
-10.146	-15.4135
-9.88358	-14.5917
-10.115	-15.2697
-8.7175	-14.7297
-7.33243	-13.7313
-8.8125	-11.8445
-15.7094	-10.2703
-17.4242	-11.6173
-19.5017	-11.3959
-27.3016	-19.8797
-19.2442	-18.8505
-18.3691	-22.9738
-20.6663	-24.3288
-22.93	-24.4385
-23.0093	-23.6713
-22.6368	-23.4093
-24.0427	-26.8726
-22.6153	-25.1357
-19.0848	-22.9605
-17.0288	-23.2454
-16.741	-24.6378
-15.5659	-23.5852
-16.4813	-23.891
-21.6658	-27.4963
-20.1319	-25.7605
-21.6011	-27.9382
-21.0761	-27.5605
-20.6229	-25.7511
-18.5471	-22.8449
-17.6371	-23.2166
-15.0458	-14.0584
-16.1279	-20.3268
-15.3905	-20.4946
-14.3569	-15.3418
-20.8161	-10.1868
-16.5206	-20.1693
-16.7083	-17.9827
-12.2404	-11.4722
-19.538	-12.2851
-18.9565	-15.3672
-19.1002	-13.9473
-17.6829	-10.8335
-18.9146	-10.0396
-19.6997	-11.3836
-19.9636	-11.4229
-19.5202	-9.77113
-18.6392	-9.43672
-17.2825	-8.8552
-16.3803	-10.4776
-15.7301	-9.50337
-13.3833	-8.5019
-11.669	-9.52097
-11.5803	-9.94992
-12.6371	-10.6743
-14.1904	-15.7958
-14.9158	-17.4447
-16.9817	-15.5263
-15.4647	-19.4119
-13.8998	-19.6514
-11.1242	-19.7276
-10.2931	-21.1483
-9.61812	-21.2744
-9.96243	-18.812
-16.6183	-20.7855
-16.796	-22.4772
-18.0885	-24.1073
-17.5893	-23.2958
-16.7994	-20.5112
-17.3327	-22.0053
-15.9124	-20.284
-15.2475	-18.3384
-14.598	-17.6214
-12.7509	-17.1054
-13.8031	-13.7208
-13.9058	-12.1883
-14.9617	-10.2944
-20.2012	-8.73107
-23.2603	-9.88723
-23.9543	-14.3416
-23.7798	-10.4084
-26.6137	-13.2942
-29.4469	-12.3963
-27.7889	-13.5962
-27.0463	-11.1478
-26.529	-14.0913
-27.9549	-14.2423
-25.3982	-12.4759
-26.4798	-11.7224
-25.8505	-9.66964
-27.8486	-14.3964
-25.2428	-14.1332
-26.0384	-14.2083
-25.8893	-12.8879
-24.1957	-13.2619
-23.1656	-14.6904
-21.0681	-14.2535
-21.025	-15.2581
-19.8552	-16.6312
-20.8143	-11.8898
-21.7844	-13.0387
-22.1254	-13.7631
-21.7495	-12.9914
-21.0184	-14.9874
-21.7277	-12.7541
-21.2391	-14.204
-23.5717	-13.1193
-21.4124	-11.1229
-21.7701	-14.2942
-19.4361	-13.7591
-21.7045	-13.0705
-21.3977	-13.2945
-22.2106	-14.6322
-22.176	-13.7961
-21.1186	-13.8632
-14.4023	-12.4993
-13.7374	-26.6111
-18.9578	-25.9005
-20.5759	-26.4595
-21.7747	-26.0307
-21.283	-25.3186
-21.5971	-23.9661
-19.7233	-21.7003
-17.5679	-19.5529
-16.412	-19.3642
-17.1004	-18.9827
-18.149	-19.7578
-19.092	-18.9148
-22.3498	-22.0847
-23.1289	-22.9942
-23.1086	-21.8143
-22.6339	-20.3171
-21.9952	-19.6709
-20.997	-18.5784
-19.9629	-17.5547
-17.4294	-15.7484
-15.3217	-13.8912
-14.6667	-11.4127
-14.5896	-10.2079
-15.5587	-9.87928
-17.6132	-11.2509
-17.7092	-10.9647
-17.9763	-9.84676
-19.1892	-10.1415
-18.5877	-7.44245
-13.6574	-7.22094
-18.0429	-5.77215
-19.6248	-3.18724
-19.33	-0.257574
-19.5888	0.0123193
-17.7987	1.12581
-17.3966	0.266294
-17.8919	-0.953966
-20.4529	-5.69816
-19.1098	-5.68133
-17.3049	-8.49554
-13.4326	-16.1641
-11.032	-16.0527
-11.9399	-16.3266
-11.4783	-15.5542
-10.4641	-17.3948
-9.6858	-15.3525
-17.113	-14.0798
-15.7125	-8.76981
-21.462	-5.21639
-23.2151	-7.89817
-25.1685	-10.4495
-24.1608	-9.87704
-19.6421	-6.62944
-16.6094	-4.99635
-14.3914	-4.84741
-11.3507	-7.05935
-11.5477	-12.6975
-15.9756	-18.4988
-17.0803	-20.8409
-20.202	-24.5548
-19.5105	-23.4346
-20.3573	-23.8283
-19.373	-22.6472
-17.6017	-20.4236
-16.3779	-19.2478
-14.3053	-16.9552
-17.6834	-11.2647
-21.833	-9.16176
-26.4849	-10.1295
-22.6607	-8.80731
-20.9961	-16.3585
-17.8719	-15.4484
-18.4986	-16.0632
-18.9543	-15.347
-18.9907	-15.9162
-18.7153	-7.61692
-21.9051	-7.41474
-24.3074	-15.648
-16.1723	-4.06955
-16.6287	-1.88725
-18.311	-0.379326
-17.2022	1.97698
-17.4772	1.29935
-16.9915	0.0923078
-16.5129	-0.578496
-13.7066	-6.24637
-8.07839	-10.0656
-7.31224	-10.5009
-8.75851	-10.7942
-9.3183	-9.29654
-15.8978	-6.16094
-12.9736	-7.61999
-17.3246	-6.86539
-25.1976	-12.9784
-26.7616	-14.5917
-23.9857	-14.7555
-16.7221	-14.8719
-19.0687	-17.7037
-22.1085	-20.9281
-21.9598	-21.9732
-23.3239	-25.0897
-21.8398	-24.8444
-19.934	-24.8095
-18.6006	-25.3918
-13.8606	-20.694
-11.6674	-18.7276
-12.2305	-19.6095
-10.8275	-17.8471
-11.2016	-18.7352
-11.9074	-19.4043
-11.28	-18.503
-10.6012	-17.0096
-8.82696	-16.3481
-14.2882	-16.7038
-19.3554	-24.6537
-21.5491	-22.7343
-20.1031	-22.0255
-17.7615	-20.4681
-16.5017	-20.8826
-16.6425	-15.6821
-16.1238	-12.6622
-16.2964	-13.0801
-19.3201	-10.8983
-22.3297	-9.53728
-20.4503	-8.50387
-19.6941	-12.6324
-17.2918	-14.3798
-20.4173	-15.3253
-18.4723	-14.8104
-18.3242	-9.2542
-21.5013	-16.1845
-21.1953	-14.8492
-21.4254	-12.6725
-22.4662	-10.7592
-24.0921	-6.08489
-14.2602	-3.10471
-13.4836	-5.83431
-14.5496	-1.68382
-14.8499	-1.14799
-14.6108	-1.4863
-13.8262	-1.47291
-12.0279	-3.85029
-7.58829	-7.9685
-7.43988	-8.42839
-9.72593	-8.72381
-11.61	-7.27746
-13.6082	-2.98918
-17.0758	-4.46244
-19.9474	-0.217663
-18.6372	-7.20226
-13.2462	-7.60635
-11.2936	-5.80067
-7.56745	-8.71511
-11.1646	-7.69141
-11.7076	-5.42161
-12.2239	-5.74848
-12.8453	-10.8693
-14.5826	-22.1268
-16.7599	-25.4063
-19.3774	-27.4577
-20.7163	-27.4872
-20.8868	-25.0253
-22.8461	-25.2999
-21.4892	-23.7222
-18.1166	-20.7382
-16.3963	-17.6771
-18.4536	-22.8907
-18.7826	-24.2853
-17.0763	-23.6667
-12.0988	-22.4258
-8.29217	-16.6788
-8.85094	-15.1108
-9.83402	-12.518
-10.5494	-13.179
-10.9185	-15.2234
-10.8842	-13.1294
-11.1149	-14.4231
-20.64	-14.7332
-23.8683	-12.5083
-24.9091	-12.1689
-24.1212	-9.67949
-24.6253	-10.1487
-24.2538	-9.74771
-23.7383	-10.3426
-23.4057	-10.1632
-22.2339	-9.3588
-20.8363	-7.9075
-16.974	-5.23654
-13.2022	-6.65188
-11.6237	-8.39297
-10.8991	-8.29721
-9.39672	-9.62434
-7.47093	-7.30576
-7.63683	-7.84508
-10.1629	-6.67845
-12.1621	-4.65872
-16.3597	-2.07975
-17.1893	-5.10813
-13.3553	-4.55834
-12.9591	-3.88195
-14.0108	-4.25557
-13.1926	-3.53318
-13.5216	-5.01587
-13.8112	-7.94163
-12.8785	-11.0472
-10.1438	-11.5342
-8.99918	-11.6825
-8.98989	-10.6984
-9.96512	-12.0993
-11.6346	-13.1563
-11.5204	-13.0311
-11.7472	-16.3488
-14.9804	-17.6429
-14.8263	-15.0445
-15.1889	-15.1456
-15.5713	-14.8943
-15.1144	-15.9761
-14.8488	-17.0968
-17.1545	-20.4397
-19.5544	-23.8004
-19.6466	-22.7701
-20.3456	-23.2382
-20.4876	-23.5976
-21.0194	-23.9447
-19.7952	-23.6045
-19.8361	-23.8025
-19.4835	-24.8469
-17.8938	-23.8278
-17.2367	-26.2289
-14.6917	-24.0937
-12.075	-23.9702
-10.6401	-22.7774
-8.75649	-21.0874
-7.57321	-20.0863
-8.34618	-16.4381
-7.2862	-14.4201
-6.81985	-17.1292
-6.7445	-15.3445
-7.09735	-14.9472
-7.95841	-12.8539
-8.49591	-13.1302
-9.16323	-13.1405
-10.0945	-10.7068
-12.1265	-7.49584
-16.1158	-6.274
-20.5065	-4.63635
-24.2917	-7.44468
-27.7686	-7.64821
-27.9636	-6.60215
-29.2126	-9.34009
-28.6219	-8.49127
-28.0267	-7.71609
-26.7001	-5.4174
-28.532	-9.07495
-27.6711	-8.91213
-26.2657	-7.29485
-27.9741	-9.00412
-26.59	-12.3524
-26.9943	-12.1126
-25.7916	-8.36141
-27.381	-13.0846
-24.4631	-9.33421
-23.59	-16.3675
-22.2906	-12.8953
-22.391	-12.4296
-22.7777	-12.7211
-22.5191	-9.87351
-23.0062	-9.0594
-22.1793	-10.7853
-21.4906	-13.9767
-21.1381	-12.0931
-21.3642	-11.8656
-20.9803	-10.7541
