-20.8888	-7.88596
-22.1911	-14.2055
-21.0356	-12.5751
-23.2335	-14.3198
-22.0412	-10.3116
-21.2346	-13.8305
-21.0997	-14.6219
-21.0274	-11.2296
-20.636	-9.03793
-20.8917	-11.2983
-22.8281	-11.9269
-21.8197	-9.43039
-21.852	-10.8159
-21.1848	-11.9433
-19.1968	-7.16448
-8.48619	-14.0265
-8.08079	-15.4297
-6.28249	-15.3692
-7.40771	-16.903
-7.56988	-16.6417
-8.00327	-14.9308
-7.90798	-13.9995
-8.47016	-12.6208
-8.43923	-12.5223
-8.30941	-10.6
-8.24256	-10.3792
-8.92959	-10.81
-9.15652	-10.0862
-9.59389	-9.33561
-9.89639	-10.4356
-9.63193	-10.9624
-10.1883	-9.89798
-10.4201	-10.1285
-10.6614	-8.97465
-10.5753	-8.6992
-10.6693	-9.26707
-14.3831	-11.3319
-14.7972	-16.0361
-16.4808	-15.0768
-17.4152	-13.7753
-17.1397	-13.323
-16.6364	-14.7926
-16.644	-13.2162
-17.3977	-12.2274
-16.0254	-12.1897
-15.4824	-12.029
-14.7191	-10.2338
-14.6153	-4.07493
-18.1064	-3.60842
-17.4461	-4.7339
-17.9262	-3.94676
-19.3066	-0.262743
-20.167	-0.240814
-19.4202	0.770817
-18.9987	-0.745933
-18.4129	-1.16743
-17.4712	-1.65045
-15.7123	-2.71404
-10.1573	-3.63913
-8.36355	-3.90074
-8.49266	-5.54683
-8.26338	-6.04477
-9.12594	-6.41135
-8.67331	-6.5345
-9.33548	-7.27832
-10.1867	-7.82516
-10.2359	-8.05336
-12.5613	-9.39422
-13.7291	-14.5518
-13.7109	-15.9216
-14.0705	-15.3706
-14.3363	-14.4617
-14.3496	-13.9398
-14.7921	-11.8952
-14.951	-9.05984
-13.3646	-5.67226
-11.9928	-1.44705
-12.4368	1.5559
-11.8376	3.23899
-13.3738	2.00049
-13.1951	2.09972
-13.4731	-0.152885
-11.9136	-2.85907
-11.9345	-5.50641
-12.6339	-6.84125
-13.863	-7.91163
-14.6294	-9.5938
-14.4278	-10.4132
-12.7114	-10.4386
-8.39537	-10.9135
-6.97844	-8.90577
-5.7592	-10.0776
-5.37814	-9.6793
-4.8397	-9.11694
-9.18353	-4.66662
-10.9613	-3.52475
-12.5706	-1.50438
-21.3848	3.13513
-20.4646	-5.05546
-22.5504	-7.15852
-21.0506	-0.96175
-16.5699	-0.848667
-20.83	-8.65157
-18.4823	-9.76265
-15.0982	-5.2143
-8.28421	-10.1158
-7.58426	-12.2329
-9.34879	-11.0855
-18.551	-3.62478
-16.6839	-9.00881
-12.46	-13.1962
-10.6459	-13.2828
-8.55226	-11.6578
-6.36408	-10.6887
-5.9425	-7.7133
-7.65536	-1.88496
-10.2953	-0.546906
-17.5999	-6.43261
-20.9408	-6.2061
-22.5767	-7.6773
-23.8078	-5.8614
-26.251	-2.58984
-28.7563	-2.82537
-30.305	-0.689091
-30.6188	-3.25877
-28.9531	-5.26344
-27.67	0.582166
-23.9744	-4.36038
-21.8137	-0.549524
-21.3854	-7.02841
-21.4812	-9.19966
-24.499	-9.34766
-21.9095	-10.4723
-20.7205	-8.61528
-18.061	-5.10308
-17.8024	-4.27113
-15.4413	-1.94118
-14.5946	-8.78191
-13.8022	-7.23332
-16.0692	-10.25
-12.2298	-4.14515
-8.12179	-4.04787
-21.247	-3.30103
-17.6789	-9.36495
-15.9261	-12.1877
-15.7162	-12.6406
-15.8793	-13.1891
-15.8279	-13.2687
-15.5811	-13.7395
-15.6824	-13.7065
-16.0229	-12.9671
-16.0708	-14.5639
-14.5949	-18.2054
-14.5109	-20.387
-14.263	-21.9874
-12.9085	-23.2949
-11.5773	-24.7004
-12.5993	-24.6384
-10.8223	-25.0798
-9.08245	-24.8814
-7.58776	-14.475
-7.23843	-9.82287
-8.82281	-8.78548
-7.67539	-9.56369
-9.6089	-9.6749
-10.6191	-9.31025
-10.7073	-6.68222
-15.8748	-5.90909
-21.1053	-3.32393
-15.3545	-5.85799
-15.1703	-7.72716
-15.4921	-8.06245
-13.6766	-2.12917
-15.1161	-4.51725
-9.10557	-5.70636
-8.48405	-11.4165
-11.2109	-15.1357
-13.2076	-17.3229
-11.0176	-19.5194
-12.736	-14.4992
-10.0675	-19.0919
-14.0261	-27.6623
-17.6602	-26.0793
-18.0417	-19.5234
-14.212	-14.7599
-8.53696	-18.002
-10.3014	-17.1641
-9.78715	-17.3784
-11.7999	-14.2791
-12.0418	-12.7315
-12.4701	-11.0138
-14.1682	-9.66496
-15.4631	-11.5282
-15.9708	-9.76127
-17.9716	-12.5238
-20.9246	-12.367
-22.286	-13.0496
-23.4672	-11.5057
-23.5995	-11.1169
-20.8386	-10.7189
-22.8443	-11.7941
-22.6146	-11.8799
-21.51	-9.23108
-21.8467	-12.2235
-23.4696	-11.6814
-17.7958	-8.34437
-23.7053	-4.62485
-25.0678	-6.56906
-22.2489	-13.0065
-23.5572	-11.7052
-21.0397	-10.3915
-18.5484	-8.56676
-18.3554	-6.41812
-20.8234	-9.49403
-23.3962	-8.986
-23.2077	-7.18813
-22.7217	-11.2321
-25.8127	-12.9754
-19.5963	-4.05422
-14.1479	-12.7629
-14.4452	-13.9441
-12.0032	-10.3094
-14.8188	-9.91471
-14.3919	-14.5677
-14.0776	-17.4014
-15.2584	-16.666
-15.4625	-17.5666
-16.4862	-17.0791
-16.004	-17.1951
-16.0725	-15.7598
-15.8002	-14.5236
-14.769	-13.2857
-14.863	-11.0438
-14.1435	-8.28523
-13.0564	-6.13002
-12.9951	-4.16098
-12.7233	-2.75582
-12.8476	-1.90205
-12.8457	-1.71237
-14.1755	-0.786684
-15.8624	0.438272
-16.9678	-0.909176
-18.395	-2.45684
-19.5752	-4.94935
-20.4941	-7.90136
-20.1539	-11.11
-18.8672	-13.9164
-16.217	-15.6267
-13.942	-16.4372
-12.9671	-16.0184
-12.4327	-14.8076
-12.506	-15.771
-11.3361	-19.1095
-10.1065	-21.7111
-11.9224	-13.9325
-16.8632	-13.8163
-13.6903	-19.5173
-12.4361	-21.0267
-14.1688	-17.1666
-14.838	-19.4731
-16.3069	-20.5761
-17.9159	-18.6521
-18.858	-17.7254
-19.9984	-18.103
-20.9762	-16.7632
-21.2056	-17.565
-21.8784	-17.629
-21.7975	-17.9563
-21.3577	-18.7015
-21.1107	-19.2908
-20.6176	-21.0063
-19.7521	-21.3837
-18.8714	-21.6649
-17.7573	-20.475
-16.6052	-18.0146
-16.4947	-16.667
-16.6382	-15.2595
-15.7116	-13.725
-14.2209	-8.98602
-13.974	-9.25844
-13.6856	-8.6339
-13.175	-9.3291
-13.9656	-9.65108
-14.2225	-9.39477
-14.761	-16.0478
-17.0776	-15.0072
-16.9627	-14.1141
-16.3935	-14.067
-15.3279	-13.6076
-13.7511	-9.63037
-11.2247	-9.27699
-10.5602	-9.87102
-9.79194	-9.06359
-8.55987	-9.11484
-7.2525	-9.48437
-9.38556	-9.00256
-8.63493	-8.52198
-9.82086	-6.71708
-14.6446	-7.16333
-16.0113	-8.42451
-17.197	-8.25193
-23.2431	-12.4816
-25.7981	-14.0225
-19.739	-4.18113
-16.2542	-18.0541
-17.8722	-18.2901
-13.327	-19.9741
-14.6242	-23.7702
-6.50939	-18.5697
-8.45112	-10.1811
-9.86627	-8.37401
-8.94546	-8.77662
-13.3507	-6.29121
-22.6589	-13.0028
-16.6744	-11.3515
-12.0246	-8.77942
-10.5083	-16.9539
-14.7968	-15.2672
-14.7591	-15.1435
-13.9687	-14.5394
-12.2145	-14.3612
-10.6529	-11.7151
-8.94943	-5.94233
-9.85597	-3.1759
-11.8161	-6.9448
-22.9661	-14.1891
-23.1347	-13.459
-19.1226	-11.2949
-16.3052	-9.96401
-12.1209	-16.1148
-11.6484	-17.0281
-12.1333	-16.1299
-9.9632	-11.1673
-9.24935	-4.99318
-13.1196	0.668646
-20.3808	2.83103
-23.8765	-0.0321624
-27.8969	-2.05095
-31.1835	-2.42558
-29.4335	-0.794395
-31.6764	-3.63867
-30.4362	-2.97836
-29.6803	-4.00064
-23.6201	-1.00963
-12.2582	-6.54421
-12.6354	-5.64026
-16.0925	-7.01246
-13.0991	-10.7234
-14.8215	-8.18065
-9.21083	-6.1416
-11.4192	1.04424
-17.3458	1.35486
-24.0928	-3.75912
-23.9861	-7.72881
-23.781	-10.1138
-23.1186	-9.40231
-22.2751	-9.7645
-21.5619	-8.90366
-21.9654	-8.98991
-16.0683	-7.19268
-20.5712	-8.47701
-18.4367	-8.55553
-11.5148	-18.2289
-10.9824	-22.0392
-8.98183	-20.1495
-10.6933	-17.6787
-12.2396	-10.3499
-10.7023	-9.43054
-9.70521	-10.392
-9.69664	-9.94874
-9.71791	-6.78305
-9.56603	-4.11901
-10.7093	-2.52656
-11.9657	-1.4054
-10.3664	-6.37104
-7.21746	-7.77748
-6.35505	-8.56575
-6.47858	-6.61791
-6.88204	-5.20581
-6.52357	-5.13729
-6.38602	-5.00505
-5.59249	-3.43964
-8.40155	-3.40461
-10.1236	-5.60123
-12.6851	-5.71474
-22.1367	-18.566
-21.9425	-16.7874
-23.9553	-15.0814
-17.2295	-13.0704
-7.84982	-12.9969
-9.2831	-16.2628
-9.7117	-17.232
-10.1505	-18.5105
-9.67637	-17.7499
-9.61349	-13.7459
-11.6324	-9.86467
-10.506	-11.1407
-9.05204	-9.82934
-9.66243	-4.71145
-12.9471	-7.9301
-16.748	-9.2319
-18.2883	-10.4881
-17.7039	-13.0385
-20.8344	-16.9307
-18.5434	-16.8224
-15.3682	-8.38246
-13.9793	-16.5996
-13.3431	-20.7038
-14.4047	-21.6971
-15.9171	-20.8227
-16.3939	-21.2248
-16.9194	-20.274
-16.6695	-20.7087
-16.2178	-20.765
-14.7668	-20.2431
-12.9076	-18.7674
-11.214	-9.94067
-10.6017	-9.33934
-9.3485	-9.46891
-8.0378	-10.1261
-7.26142	-9.85382
-7.2769	-11.8788
-8.17464	-12.7707
-7.8492	-8.73326
-7.38339	-4.99022
-10.2118	-8.15456
-13.6642	-6.32614
-12.9558	-4.44211
-11.6405	-3.67316
-12.1562	-4.60507
-21.8178	-7.46412
-23.5297	-11.0453
-22.0797	-10.4625
-21.9694	-11.2837
-23.6049	-9.35278
-22.6327	-11.0494
-22.9954	-11.4669
-21.274	-12.2968
-19.3839	-11.4984
-20.7751	-11.6032
-21.4957	-10.6147
-17.4099	-5.90317
-17.0977	-10.7803
-15.6644	-9.40199
-13.5333	-7.51151
-12.2329	-6.33306
-11.3121	-4.64244
-12.7318	0.0714137
-15.6183	0.0660137
-18.0773	-2.1524
-22.034	-1.32149
-25.4927	-8.3167
-27.696	-7.55999
-27.1382	-5.03097
-26.4575	-6.86688
-24.8523	-5.53996
-23.7497	-5.12832
-23.0632	-5.58932
-25.4121	-8.17068
-24.7778	-7.03839
-23.3647	-10.8807
-14.27	-13.584
-12.2899	-22.1487
-14.6477	-23.6664
-14.6432	-24.0902
-14.089	-24.4445
-12.0448	-22.5217
-9.0148	-18.0103
-13.1574	-6.15071
-18.6218	-2.77789
-23.6054	-5.35414
-25.8746	-3.30776
-25.9931	-6.24848
-27.1105	-5.9515
-21.5718	-3.01896
-11.7087	-5.82565
-13.9751	-10.0564
-14.964	-10.7033
-15.2712	-8.34357
-13.2181	-8.7796
-13.6031	-9.90675
-14.0021	-12.3852
-12.2971	-12.6672
-11.748	-12.6384
-10.6016	-11.9245
-9.57158	-12.4478
-9.3481	-12.6076
-13.4137	-18.6369
-13.9632	-22.2965
-14.0045	-22.4766
-13.4435	-21.4238
-12.1359	-20.6267
-10.5022	-18.6696
-8.17866	-15.8917
-7.6924	-13.441
-11.08	-8.27491
-12.8032	-9.65744
-14.2073	-15.8563
-12.3905	-19.4936
-8.4612	-11.0304
-6.18543	-15.3027
-6.78481	-17.4777
-7.40181	-16.9356
-7.33383	-15.8989
-7.171	-14.9869
-5.95101	-13.7435
-4.49595	-13.352
-4.94393	-9.02493
-8.0054	-9.26899
-15.7537	-2.27225
-23.0127	-7.18861
-26.7424	-8.60054
-28.771	-10.7545
-28.2519	-7.32621
-28.5347	-9.91179
-29.0304	-8.70137
-21.7171	-6.18703
-23.3909	-8.48936
-15.7696	-1.45866
-13.5865	-2.44799
-14.1983	-4.30053
-14.7118	-5.74487
-14.844	-5.06354
-13.3343	-6.43895
-11.3767	-8.04582
-9.27411	-9.88017
-6.95524	-11.3944
-5.65593	-12.7713
-5.84621	-12.2331
-3.71576	-13.7227
-5.09876	-12.6014
-5.48573	-13.0484
-7.38295	-13.9885
-8.60652	-13.5854
-10.7885	-13.7354
-12.5311	-13.2467
-11.5367	-11.0904
-13.3591	-2.34005
-20.421	-2.07355
-16.328	-1.81334
-11.837	-14.5349
-14.3989	-18.863
-14.5519	-20.637
-17.4501	-18.7611
-16.5775	-20.0516
-17.7855	-18.1072
-17.4864	-16.1516
-17.5538	-13.6616
-16.8876	-10.4552
-16.6344	-5.87515
-16.2282	-0.515781
-16.455	2.88257
-16.4258	5.1388
-15.7776	7.38296
-13.9668	5.23603
-11.9696	3.4422
-11.5471	1.10092
-10.2435	1.38873
-10.2275	0.382776
-9.36405	-1.17139
-9.93119	-2.17019
-9.92687	-3.00775
-10.4537	-3.28807
-11.1922	-3.00268
-13.2469	-0.122315
-19.2006	1.92799
-26.9943	-7.41706
-28.5932	-5.24183
-27.9507	-4.91464
-30.9518	-6.59237
-31.411	-7.94638
-31.4809	-8.16311
-29.9546	-3.249
-27.7096	-5.79403
-26.0019	-7.36984
-20.8639	-6.15858
-17.3283	-9.01395
-12.3815	-12.9793
-12.7642	-19.4688
-14.5558	-20.6294
-16.7211	-19.6647
-16.0764	-19.2811
-16.6594	-22.08
-12.7036	-20.9458
-15.6967	-24.3716
-12.7786	-20.9153
-12.5517	-23.1965
-10.4266	-24.8988
-11.0659	-21.3013
-9.77551	-19.563
-9.63261	-16.1667
-9.34758	-14.1774
-10.1862	-9.98593
-11.3344	-6.05133
-12.9486	-7.69351
-15.0776	-6.92387
-16.0346	-8.17804
-19.0218	-11.9199
-20.3249	-9.16739
-19.844	-8.86031
-20.381	-12.3603
-21.3265	-9.21243
-22.8719	-10.8335
-20.7294	-11.1025
-23.6571	-13.0271
-17.871	-8.63693
-21.3366	-11.7089
-21.6705	-11.7666
-24.3839	-13.8724
-22.722	-14.1229
-22.3325	-11.7561
-21.2556	-10.4135
-21.2677	-13.1212
-18.625	-11.6085
-13.371	-5.82875
-5.38894	-4.45759
-5.77988	-3.28935
-6.02513	-2.0808
-6.43148	-4.42823
-5.1505	-3.65812
-6.6486	-1.37559
-14.0081	-3.54717
-12.2868	0.589406
-11.6627	3.58381
-11.6767	1.30618
-11.7455	1.06217
-11.0728	2.16318
-9.94663	1.64409
-12.4301	3.17412
-16.2369	-0.402573
-19.3406	-0.199235
-22.2803	-2.4531
-25.9209	-8.50409
-27.4846	-6.24527
-25.9603	-7.47237
-27.5674	-8.11306
-27.2974	-7.81243
-28.9015	-9.42428
-26.2277	-10.4278
-17.1433	-5.88745
-14.1068	-8.41863
-13.1558	-12.4702
-14.1896	-13.3273
-14.8164	-14.1455
-15.6193	-13.8948
-15.929	-13.5139
-15.3689	-13.103
-14.6967	-11.8824
-12.902	-11.2307
-9.71364	-11.3943
-9.58895	-11.1925
-8.67019	-11.3998
-8.62576	-11.2009
-8.32086	-10.9655
-8.28967	-9.81115
-7.86302	-9.57961
-8.00561	-9.38565
-6.58962	-8.77497
-7.17067	-8.127
-9.26328	-2.76461
-14.283	3.03853
-9.89958	-0.0740477
-22.3254	-5.1208
-20.0887	0.59093
-16.2608	2.71106
-15.9917	-2.57455
-15.2012	-0.152045
-17.3655	-0.833789
-18.6768	-0.476202
-19.3052	-7.65925
-15.0441	-10.7414
-19.1613	-16.4676
-19.3016	-19.7027
-18.7561	-21.0606
-18.0503	-22.4245
-16.9158	-23.9468
-15.1364	-24.8413
-13.0328	-25.1849
-10.7148	-20.2389
-12.7433	-9.41129
-21.6261	-5.54997
-27.0435	-8.26224
-30.1183	-7.2999
-29.9153	-12.861
-27.7872	-6.8693
-28.3291	-6.89466
-27.587	-6.4216
-14.4949	-8.74576
-18.8271	-5.35784
-20.8288	-3.12052
-20.3816	-1.4725
-18.6402	0.302072
-14.0912	2.21603
-9.9935	-5.07034
-11.9815	-3.92843
-16.2277	-7.29869
-19.8683	-6.24307
-21.7264	-8.69561
-22.7102	-14.4619
-19.3235	-9.8944
-16.5951	-16.8986
-15.0871	-21.0513
-14.7942	-23.1614
-14.4585	-24.2851
-12.9407	-21.7935
-10.3716	-17.5478
-11.4789	-12.5036
-11.9359	-10.8886
-11.5079	-11.7152
-10.0656	-11.2463
-10.6681	-10.5335
-10.3742	-10.3712
-10.1415	-10.4056
-9.09291	-12.7311
-8.41359	-12.739
-6.79704	-14.0876
-8.10235	-12.496
-7.80797	-13.0143
-7.88203	-12.3604
-8.45622	-11.9136
-8.00805	-10.3602
-8.21613	-4.86777
-7.64326	-3.5917
-6.88024	-2.53545
-5.32684	-2.05314
-6.12666	-4.71236
-6.23684	-4.23993
-6.81918	-2.26673
-7.36592	-4.2914
-11.0941	-0.89112
-10.7997	-4.8121
-14.1623	-4.23683
-32.4186	-8.98283
-29.4208	-3.00881
-24.2832	-8.24943
-21.3758	-8.05138
-18.283	-4.85567
-11.2766	-0.298573
-16.8049	-3.0568
-15.5531	-6.98889
-13.6266	-11.8213
-14.4623	-10.7227
-15.4581	-9.44338
-15.1366	-7.00848
-12.5949	-1.30448
-12.2601	-3.32932
-14.7633	-6.05041
-17.6161	-10.2318
-18.6423	-9.69818
-18.4369	-10.1036
-20.1662	-12.2159
-19.2553	-12.2805
-18.3616	-9.42397
-25.7161	-14.0765
-21.7142	-12.2159
-19.5675	-12.084
-14.0327	-15.959
-13.9952	-19.5521
-14.6406	-20.818
-15.1833	-20.7707
-13.3749	-21.7253
-9.93595	-21.1569
-8.92984	-15.1973
-10.7622	-6.64326
-19.7611	-4.52051
-25.9658	-11.2705
-24.916	-10.6068
-24.6106	-8.73281
-24.0732	-10.4413
-24.6763	-10.6185
-22.3041	-10.5553
-25.0013	-8.89908
-23.984	-8.38587
-25.9641	-7.5365
-24.4021	-2.284
-25.7164	-2.69934
-25.4129	-5.47285
-19.9554	-5.36107
-12.0343	-10.4907
-12.5566	-8.91538
-19.2423	-11.5911
-14.2454	-5.86729
-8.00128	-15.4988
-7.44723	-17.4762
-5.984	-17.9786
-5.37048	-16.3708
-5.96225	-14.7532
-4.53183	-15.8702
-3.90126	-15.2319
-4.92427	-14.8889
-5.3392	-15.533
-6.93362	-16.4246
-8.42443	-18.4128
-9.92106	-20.3412
-11.7072	-21.5569
-13.7287	-21.7721
-14.1364	-23.3249
-14.4761	-23.8307
-10.9684	-19.4571
-12.5436	-23.4714
-11.544	-20.893
-12.0019	-21.1838
-11.5173	-21.3267
-11.3492	-22.0854
-11.1572	-20.2392
-11.194	-18.5791
-10.449	-15.7374
-10.3698	-14.1585
-13.5703	-12.2765
-17.5616	-14.9352
-19.3492	-14.4341
-16.4831	-11.3711
-17.537	-13.1178
-20.0571	-13.1674
-18.4934	-13.2498
-21.8153	-11.3083
-24.042	-11.3354
-23.8176	-12.5587
-25.8411	-8.96706
-27.5775	-9.14936
-28.3202	-9.72636
-26.5692	-10.2156
-27.2458	-11.2519
-26.1513	-12.5705
-26.2127	-10.0477
-29.347	-10.6334
-27.8966	-8.62818
-25.9537	-10.8892
-22.7419	-9.21587
-23.2322	-7.53214
-24.29	-9.23873
-24.7375	-8.36817
-21.8271	-8.57063
-21.6924	-13.6092
-22.4437	-13.2806
-24.2084	-13.8278
-21.8254	-10.1157
-22.2307	-13.0667
-20.9198	-9.91007
-22.1308	-8.89828
-21.4531	-12.0942
-21.8837	-12.1117
-22.8563	-10.9846
-20.3084	-11.7903
-21.4688	-11.2645
-17.3564	-7.51632
-22.3369	-12.0827
-23.506	-13.9969
-21.8905	-10.8666
-22.0441	-11.3545
-22.3357	-12.3531
-20.7268	-8.56466
-21.7283	-12.4376
-22.7136	-13.4815
-24.3524	-11.44
-21.385	-11.7463
-15.996	-6.69597
-7.06767	-4.37505
-5.34812	-3.81068
-6.60562	-4.19721
-12.9386	-3.12277
-15.8755	-8.61717
-11.6622	-12.9318
-11.9584	-13.6478
-11.4995	-14.7582
-10.8303	-14.32
-10.8951	-14.2036
-9.88631	-12.0899
-8.98925	-10.6843
-9.52297	-7.02312
-11.4615	-5.48916
-14.776	-2.20207
-17.5216	-5.72193
-20.0715	-2.08265
-20.1008	-4.70421
-21.3421	-5.19522
-20.7857	-5.1829
-22.1296	-5.50335
-18.7697	-5.40833
-11.9133	-8.67518
-9.65535	-13.9557
-9.55412	-16.8373
-10.7075	-19.1002
-12.2271	-20.751
-13.1666	-21.0728
-13.8784	-21.9412
-13.0327	-22.589
-12.8322	-20.5758
-10.6111	-20.5543
-9.66677	-17.359
-8.42317	-14.1225
-7.13232	-10.3411
-8.93649	-9.04772
-5.69953	-10.1836
-5.233	-8.36337
-4.83688	-8.91035
-5.50379	-6.06409
-9.98628	0.757414
-15.0173	2.08142
-17.1971	4.13674
-14.9403	-1.64303
-11.9832	-7.38356
-9.71942	-9.48209
-10.2078	-11.0612
-9.86221	-12.7174
-9.57855	-13.3058
-9.2722	-14.2125
-9.83325	-13.3899
-9.00972	-12.7197
-8.71737	-10.2784
-9.17852	-7.09498
-13.1855	-4.34309
-20.8895	-5.3897
-24.6629	-8.38982
-27.8054	-12.6645
-27.4433	-8.49602
-31.2744	-6.02272
-28.1168	-4.87676
-24.1644	-1.42294
-22.8276	-3.00414
-24.76	-5.3277
-25.1769	-7.86655
-21.042	-7.44266
-21.2692	-9.53292
-22.0545	-11.6487
-13.4341	-6.46378
-17.6215	-10.4147
-14.4609	-13.0469
-15.952	-8.39989
-17.8048	-8.03105
-17.409	-9.73855
-16.0152	-13.3112
-15.7512	-13.7945
-16.0194	-12.7973
-15.6105	-12.1892
-14.4223	-10.402
-13.0335	-9.85677
-11.6449	-8.69175
-10.7234	-6.70884
-11.5154	-4.46361
-10.9866	-4.24578
-11.9339	-2.93789
-12.5305	-2.39097
-12.2112	-0.144795
-11.448	-2.68799
-11.2748	-3.5825
-12.3698	-2.27602
-10.9099	-6.83556
-9.05648	-8.62265
-7.92127	-14.5113
-8.77451	-16.4177
-9.95785	-18.0567
-9.43304	-20.6789
-9.32009	-22.5395
-9.96892	-24.403
-9.30121	-25.9587
-9.94802	-23.3598
-6.10634	-24.903
-4.22808	-20.8713
-4.10631	-17.9936
-4.25779	-15.7531
-4.9444	-15.9234
-5.4565	-15.1268
-4.71092	-13.9036
-5.4998	-13.1432
-4.2812	-14.7964
-5.6443	-18.8678
-9.17078	-21.3998
-10.9604	-22.6583
-12.7678	-22.2566
-13.2284	-22.009
-14.2841	-19.4403
-14.6559	-15.6083
-12.575	-15.0309
-7.38113	-9.88693
-6.72468	-10.1215
-5.3699	-11.7984
-7.6614	-9.52775
-7.62961	-8.2047
-7.42508	-9.65317
-9.60279	-10.1654
-12.2425	-10.8845
-12.7052	-12.5751
-13.9284	-14.7748
-14.2402	-16.5021
-13.7599	-13.9866
-10.5394	-15.6177
-11.5697	-14.9119
-9.88304	-17.879
-10.1159	-18.2242
-11.7937	-15.2945
-12.2473	-15.3667
-13.6306	-14.807
-14.0239	-15.1155
-16.6865	-15.0436
-16.0207	-14.7088
-22.1639	-9.1666
-20.9119	-11.4976
-20.047	-12.8774
-20.7098	-11.5024
-21.6802	-11.6275
-20.6863	-11.4512
-21.7291	-13.8322
-23.6074	-11.4427
-23.0075	-10.2992
-24.1793	-11.8738
-21.6225	-11.3743
-22.1882	-13.7109
-22.0706	-12.0677
-23.2446	-13.1827
-20.8554	-8.41789
-22.7735	-11.2708
-22.0192	-9.01827
-21.0292	-11.7969
-23.2783	-11.2312
-22.386	-11.3678
-24.7513	-11.6713
-23.7107	-8.30302
-23.619	-10.4576
-22.7184	-10.4689
-22.8936	-8.78267
-22.588	-10.0022
-17.7377	-7.09456
-28.9163	-8.69675
-27.8618	-10.8552
-22.5936	-8.92897
-18.3384	-7.15148
-8.21734	-12.3294
-6.67279	-12.6556
-8.38307	-12.974
-7.46975	-15.4024
-7.79087	-16.1415
-8.67784	-16.3645
-9.13404	-15.7343
-8.97478	-16.19
-9.6674	-15.6958
-10.4696	-13.6126
-11.1035	-7.93425
-11.2623	-6.9829
-10.9899	-6.53421
-10.6699	-6.65987
-10.4746	-6.75848
-9.7613	-7.0981
-9.35065	-7.29552
-8.4645	-6.50027
-12.0272	-7.40373
-14.4807	-15.4482
-16.0579	-15.7599
-17.4907	-12.9364
-17.5622	-9.01213
-17.6014	-12.9559
-18.2071	-17.2984
-19.6575	-18.1934
-19.7979	-18.7902
-19.4391	-21.1994
-19.3248	-22.0027
-19.0467	-23.314
-19.1623	-22.6457
-18.8217	-23.0529
-17.9891	-21.8818
-15.8595	-20.9584
-12.2518	-17.4659
-8.48676	-11.9309
-8.92223	-10.4431
-11.566	-13.9214
-15.436	-14.2069
-17.5397	-13.9425
-17.9377	-15.523
-21.8058	-18.8739
-20.8792	-17.0745
-21.8109	-15.6382
-24.0054	-16.3988
-16.7549	-12.2351
-13.1846	-15.8012
-12.61	-19.3419
-14.7191	-14.35
-13.2499	-10.9792
-14.0505	-17.1099
-15.701	-17.3184
-15.7193	-20.9487
-15.8823	-21.6183
-16.2083	-23.7799
-17.2716	-22.3057
-18.2239	-21.554
-14.3538	-26.7759
-12.1571	-22.2743
-12.8954	-25.5948
-11.9642	-23.6117
-11.7381	-19.9425
-11.3865	-18.3946
-9.8199	-16.1784
-12.1002	-11.6145
-17.5508	-16.3233
-16.8348	-16.0097
-17.0729	-16.2311
-19.1407	-13.1841
-19.7125	-13.8856
-24.4532	-13.5452
-22.618	-13.034
-21.6795	-12.2669
-23.6462	-4.30949
-22.8507	-4.20424
-18.1794	0.149654
-14.5885	2.67566
-14.4423	2.10112
-11.7755	-2.17167
-12.5568	-2.83105
-13.3419	-4.13576
-14.2417	-5.31672
-15.6951	-4.97804
-16.0431	-5.00641
-15.5439	-6.10782
-15.2971	-6.84117
-13.9969	-9.34315
-13.8435	-12.5214
-12.2068	-16.157
-11.8517	-17.2288
-10.7399	-17.824
-11.4349	-15.9604
-9.76215	-14.3399
-7.19612	-9.7025
-8.5106	-8.52478
-13.3102	-4.45733
-19.6943	-6.01416
-24.3163	-8.0534
-27.7171	-12.7041
-28.1621	-10.8453
-27.6766	-10.4602
-27.9419	-7.45865
-27.6172	-8.25483
-26.2243	-10.4699
-24.8913	-9.98002
-20.9051	-11.7271
-14.9098	-8.01799
-12.5267	-12.3641
-13.8331	-14.9778
-15.227	-14.9434
-14.3571	-15.8548
-14.4769	-15.8361
-12.4944	-16.1404
-12.9254	-13.9589
-14.9924	-6.37625
-14.2346	-5.42209
-12.5048	-8.31619
-7.63869	-13.0361
-6.50795	-9.98902
-11.601	-7.77969
-15.949	-10.9459
-17.1515	-12.1031
-19.4209	-11.5569
-18.666	-11.2558
-20.8788	-11.062
-21.0589	-11.4357
-23.9485	-16.4443
-23.8282	-17.2067
-23.5382	-14.5174
-21.251	-16.3624
-14.7516	-11.2219
-11.9555	-14.9746
-12.3838	-18.0861
-12.9322	-21.1884
-13.8165	-23.0678
-14.06	-22.3235
-13.7129	-23.276
-13.7385	-22.5539
-13.369	-22.8001
-13.6889	-22.206
-13.0323	-22.0648
-12.387	-19.0375
-11.2195	-9.6181
-11.3058	-1.90736
-14.273	-0.438354
-13.9563	-1.96368
-13.3615	-5.60454
-13.7709	-4.79139
-14.7025	-1.86214
-16.126	-0.458909
-11.5949	0.62708
-13.0792	1.40882
-10.4516	3.01479
-10.2666	2.43799
-10.0177	2.59979
-10.9509	3.13351
-9.92196	1.91946
-10.5057	-2.25974
-16.402	-6.87048
-19.1264	-7.93923
-20.0049	-11.1767
-21.2279	-9.11089
-20.9827	-9.85176
-22.5587	-10.9843
-21.6621	-8.80847
-23.0713	-11.3749
-21.3594	-11.4512
-22.6384	-12.7631
-22.599	-9.93266
-21.0478	-12.244
-22.6888	-16.4567
-21.4287	-14.9526
-20.7074	-15.9524
-19.5097	-12.9256
-21.9319	-9.54876
-20.2651	-13.3225
-17.8016	-10.0959
-20.0937	-8.15534
-24.0115	-13.2513
-21.7031	-10.9668
-22.0835	-13.2516
-22.5569	-12.1998
-21.6889	-9.99167
-22.3504	-11.8877
-23.0482	-10.1019
-23.2847	-11.2022
-22.2083	-11.9307
-22.0933	-9.80995
-18.1448	-8.76334
-22.8172	-9.45897
-22.5356	-12.5003
-22.2143	-11.2682
-23.0437	-11.9415
-22.3021	-12.0994
-21.5424	-8.39222
-22.2235	-9.94909
-18.7406	-8.20226
-14.0327	-10.0764
-11.9958	-11.0524
-15.1599	-12.5062
-21.2172	-12.3122
-17.2251	-13.8178
-17.455	-18.9425
-20.6761	-20.1748
-20.9691	-16.5351
-19.8044	-13.1115
-15.9632	-10.8197
-13.6028	-7.93604
-11.5186	-7.78276
-12.735	-5.23254
-14.7205	-8.6671
-17.7985	-11.8217
-18.4908	-11.8814
-28.6609	-17.4846
-25.8227	-15.6168
-12.5711	-2.90633
-14.3036	-6.14229
-14.842	-7.58918
-14.3142	-8.45296
-13.8329	-9.1119
-12.8247	-9.22433
-10.647	-8.42137
-8.31208	-7.29688
-8.26488	-5.50272
-10.5364	-5.25218
-13.9641	-4.31865
-20.607	-6.33103
-21.5575	-12.4597
-20.5587	-13.6749
-11.6152	-9.27185
-13.5049	-13.7464
-14.0631	-12.8441
-13.5336	-12.8094
-13.5969	-12.5268
-12.9968	-11.411
-11.5145	-10.2768
-10.803	-8.21949
-9.6723	-4.22719
-11.9076	-1.91355
-13.9799	1.78544
-16.2103	3.05497
-14.7841	-0.97953
-17.5879	-14.1633
-23.1345	-4.44559
-18.3534	-0.806631
-13.3843	-0.638093
-7.32885	-5.04467
-7.43844	-6.13635
-7.07212	-7.05159
-6.9233	-6.35462
-9.72171	-3.52813
-7.04959	-7.336
-6.62134	-8.07742
-6.12667	-8.78056
-6.44079	-8.24689
-6.63248	-7.23463
-6.30403	-7.04578
-6.10464	-8.1671
-4.98413	-8.11331
-4.59503	-7.97246
-4.04914	-6.77947
-7.05901	-2.52513
-9.43675	-3.00954
-13.4195	1.64536
-19.9538	-3.23433
-21.9447	-0.670352
-23.4757	-4.64955
-25.9649	-2.38381
-27.4795	-1.38932
-26.5578	-7.80569
-25.6632	-8.42129
-25.15	-2.71996
-20.3783	-1.57932
-12.8522	0.293418
-14.0425	-0.0436234
-12.2356	-0.609326
-13.0974	-0.624046
-14.153	-0.550627
-14.5701	-0.436889
-14.7887	0.54517
-14.8369	-0.357018
-14.2631	-0.971998
-14.3038	-1.55542
-14.6834	-3.40665
-15.102	-5.43284
-15.5228	-7.86786
-16.9557	-8.96888
-17.8985	-9.16163
-18.2088	-10.0557
-18.5211	-11.7803
-17.8839	-11.9433
-17.8349	-12.9292
-16.4702	-13.0628
-14.5358	-12.8247
-12.5365	-8.79095
-10.6387	-9.07537
-11.0842	-9.01957
-11.5687	-8.36603
-11.1414	-9.36857
-10.9356	-9.23179
-10.4322	-9.6728
-11.2474	-9.83679
-10.7842	-10.9632
-10.8805	-10.2934
-10.3817	-11.0081
-10.6482	-11.5613
-14.8246	-12.6715
-14.5982	-13.8379
-13.0394	-14.172
-12.1318	-13.6282
-10.4215	-13.2107
-8.56887	-12.2159
-7.56994	-9.08672
-7.46644	-5.71565
-9.94523	-3.58543
-13.2318	-1.12323
-15.4396	-1.42714
-17.2172	3.8248
-15.5802	1.42458
-13.5048	-0.688099
-12.3136	-3.74183
-11.9099	-6.32486
-12.7797	-6.06093
-13.96	-5.26634
-13.6547	-6.52077
-13.7691	-7.69244
-12.8064	-9.0332
-12.6479	-2.46053
-16.4002	0.64858
-13.4968	-8.78468
-13.0301	-12.5582
-13.0105	-14.9918
-12.5106	-15.4456
-12.0557	-17.0724
-11.4212	-17.2336
-10.4489	-18.6932
-10.8493	-17.8949
-10.7494	-18.1647
-10.6854	-18.6764
-10.2859	-18.6166
-10.0701	-17.7343
-10.4851	-16.2507
-10.4687	-17.1558
-11.5506	-17.3816
-12.2248	-18.4276
-13.5474	-18.8596
-14.9406	-18.7055
-15.2856	-18.9247
-14.7252	-19.6871
-14.5245	-20.3164
-13.7442	-19.1489
-11.731	-19.9467
-10.3848	-19.1983
-8.7192	-16.7974
-8.15876	-12.4874
-11.7526	-5.1314
-17.9368	-4.89775
-19.9217	-4.12879
-21.3291	-2.90628
-26.5768	-3.06189
-27.0233	-4.91714
-26.5232	-8.30711
-25.4551	-5.5233
-24.3241	-9.30247
-16.7756	-5.54234
-8.71116	-8.08615
-6.33265	-14.2097
-9.0126	-15.2804
-8.67568	-15.1192
-8.77647	-14.0459
-8.3615	-13.3142
-8.86916	-11.3883
-8.56158	-10.2075
-8.3352	-8.06213
-8.20685	-7.20355
-8.58124	-5.50352
-9.42457	-3.63105
-10.8786	-2.55947
-12.1283	-5.19114
-16.7217	-6.40725
-19.4174	-11.7104
-20.5841	-17.0538
-23.5326	-14.3017
-22.1603	-13.3873
-15.0586	-2.74312
-13.2326	-4.65492
-12.9909	-5.10696
-11.2788	-7.34655
-8.17666	-8.18784
-8.12244	-8.0866
-7.60811	-9.55371
-6.89885	-8.69974
-6.43132	-7.56122
-5.78997	-8.13775
-4.99914	-6.9409
-5.27114	-4.84054
-13.0143	-1.02426
-19.6096	1.31701
-21.4543	-1.43497
-24.1069	-6.71158
-26.0198	-7.33212
-24.7494	-7.8164
-25.3853	-5.83563
-25.2418	-6.35719
-24.0708	-7.82685
-23.1738	-11.1936
-21.0297	-9.29034
-21.9632	-11.4369
-21.0627	-13.8229
-17.6242	-9.65771
-11.753	-13.579
-17.6978	-6.65733
-23.6457	3.30526
-23.1268	4.73286
-16.5808	1.06883
-14.8411	-8.74729
-14.6076	-11.2504
-13.9648	-11.1844
-11.7492	-9.57967
-11.1836	-6.8083
-14.0662	-1.48293
-19.1987	-0.697954
-21.8261	-6.76296
-26.5802	-9.26077
-26.1583	-7.48026
-25.5278	-9.39878
-25.1266	-8.48524
-23.7253	-13.0105
-21.0065	-15.9895
-19.0727	-17.9023
-20.5047	-19.6686
-20.0202	-15.7686
-14.7068	-13.1193
-14.3178	-17.0175
-15.603	-21.384
-12.1261	-16.361
-15.8519	-21.6875
-11.214	-20.5077
-13.6093	-22.8795
-15.6344	-13.6922
-14.3238	-8.65781
-9.03123	-15.406
-11.5257	-20.1136
-11.7267	-11.2778
-7.9604	-7.99967
-10.6405	-8.09708
-10.2679	-7.5051
-8.12297	-7.0186
-8.79528	-7.01486
-6.64059	-6.77298
-6.9571	-7.00915
-7.17175	-6.08996
-7.02059	-5.90928
-6.76936	-3.7434
-8.83984	-6.49614
-11.0817	-4.52707
-11.4485	2.40199
-15.1969	-2.74544
-23.2518	-11.6593
-22.6611	-6.81734
-27.1243	-1.52596
-28.7623	-4.48255
-27.369	-4.13348
-27.8921	-6.31286
-27.8691	-5.78099
-27.9613	-6.29268
-26.2919	-5.58217
-28.0056	-1.19892
-26.3209	-2.48458
-25.7693	-6.18704
-25.5851	-10.3976
-21.0697	-9.0717
-22.5643	-13.8764
-21.1975	-12.21
-21.6015	-12.43
-22.1823	-9.79665
-21.8746	-10.7045
-22.534	-8.76054
-22.1509	-10.6017
-23.3091	-11.4006
-22.3409	-9.42088
-23.6663	-7.00523
-23.9464	-10.9453
-21.1786	-7.54056
-22.3088	-11.3965
-21.2176	-13.9301
-21.7767	-12.941
-21.9409	-9.24747
-20.0294	-11.6467
-21.5278	-10.8434
-21.9803	-10.5183
-21.1579	-8.27934
-21.6218	-10.1595
-20.885	-10.0205
-16.6166	-7.81899
-10.6487	-3.3412
-12.3851	-4.82708
-13.9495	2.80327
-14.6349	5.47343
-15.055	6.82264
-14.5054	7.42944
-15.2189	5.27746
-16.5218	5.18436
-14.9716	1.67766
-17.4758	-0.669283
-17.8598	-5.38508
-17.2365	-10.9186
-16.6201	-14.0888
-15.8905	-16.6788
-14.1868	-19.003
-11.6858	-20.5619
-10.2791	-17.6542
-10.7467	-9.76617
-10.0546	-10.4999
-10.6495	-10.8556
-10.9372	-10.736
-11.3094	-11.6531
-11.975	-13.9228
-9.22519	-22.6212
-10.8202	-21.3921
-10.9785	-21.207
-10.8638	-20.1043
-10.3351	-19.6141
-10.048	-18.7729
-8.59087	-17.0203
-6.79788	-11.0513
-5.93703	-7.44626
-8.26947	-7.53748
-9.7115	-11.9519
-12.3109	-9.51155
-15.5038	-13.5949
-26.3653	-7.08546
-28.1003	-14.8616
-23.7436	-17.3778
-19.7874	-7.9146
-10.5167	-14.0616
-12.5503	-14.4322
-13.6728	-13.4221
-13.7986	-13.1659
-13.0432	-12.1603
-11.6024	-10.3802
-9.54373	-7.12532
-8.46257	-7.64737
-12.9581	-9.46554
-14.8519	-11.9702
-19.8493	-6.86391
-21.2376	-8.46091
-25.3438	-16.3927
-18.6388	-15.725
-15.6368	-14.3028
-13.7462	-19.2616
-12.9197	-21.1349
-16.1622	-19.8245
-16.5677	-19.658
-16.4328	-19.3389
-15.7693	-18.2085
-15.892	-16.4131
-16.7338	-16.2331
-15.7316	-17.5286
-14.1165	-17.5752
-12.6481	-16.7823
-10.08	-14.9317
-9.17338	-11.162
-8.93515	-11.6812
-9.82141	-11.6481
-10.2912	-10.721
-11.0415	-9.71984
-11.2673	-10.1846
-10.8917	-10.645
-11.6329	-10.2195
-11.6464	-10.4818
-12.1804	-9.79053
-12.0038	-9.2643
-12.1591	-9.15286
-11.6082	-8.62795
-11.3634	-10.8415
-10.487	-15.401
-10.5773	-17.5574
-10.8259	-17.6917
-11.3884	-17.1954
-11.7606	-17.3858
-11.708	-17.4217
-11.4463	-17.6053
-11.4175	-17.6907
-10.9613	-16.9053
-9.5794	-15.0218
-7.91789	-11.3546
-6.86293	-9.566
-7.04775	-9.63739
-8.10426	-7.37815
-8.3917	-8.73216
-10.581	-8.57737
-11.1292	-6.89607
-9.85646	-4.65345
-9.4749	-9.3305
-10.9088	-11.3292
-12.1232	-14.0719
-12.497	-16.01
-14.2666	-14.7691
-14.8742	-13.4728
-14.6538	-13.2315
-15.1704	-14.6468
-16.6098	-16.5218
-16.6837	-17.5225
-15.3902	-19.6863
-14.3702	-19.5989
-14.7556	-20.591
-11.089	-21.8963
-9.34675	-19.9062
-12.3881	-19.788
-11.2725	-19.8564
-12.41	-19.9469
-14.6265	-20.6374
-12.6066	-21.0221
-15.7333	-21.8155
-11.7432	-20.1993
-15.9623	-19.7296
-13.0395	-16.8827
-15.8616	-16.2877
-12.5032	-17.135
-13.9295	-15.9061
-14.3557	-17.656
-15.387	-18.3245
-15.17	-19.5337
-15.511	-18.7364
-14.0269	-19.7693
-12.0648	-20.829
-10.2142	-21.2461
-9.55015	-18.4463
-8.55042	-13.4602
-9.16407	-8.35514
-7.22052	-8.9554
-6.49298	-9.17516
-6.30981	-6.39467
-5.38949	-5.61931
-4.54593	-5.1484
-6.28824	-3.58133
-8.74847	-2.60107
-12.5532	0.601728
-21.4421	-0.145846
-24.8793	-4.23421
-28.8794	-8.24038
-26.9972	-8.00181
-26.6118	-7.48094
-27.0105	-7.11586
-26.5297	-5.92417
-26.2506	-5.80993
-25.9261	-3.77242
-22.8823	-6.19769
-16.3284	-1.31167
-9.25637	-3.81172
-13.6405	-6.16411
-15.458	-4.36547
-14.4428	-7.2547
-14.7073	-9.31994
-15.0326	-11.8127
-12.631	-13.3543
-12.9701	-14.9453
-8.69455	-11.5471
-8.91981	-7.03474
-14.3348	-4.1703
-20.5261	-7.06141
-23.4007	-8.0096
-26.1921	-9.73504
-27.729	-8.5275
-29.8661	-11.7197
-28.7248	-8.23404
-23.0024	-7.48281
-19.561	-13.9838
-20.5467	-12.7807
-20.6118	-10.8435
-21.3202	-11.5643
-21.6848	-11.6861
-20.581	-15.1197
-24.5278	-10.0242
-18.5619	-6.61986
-12.7057	-13.5435
-6.85676	-17.7034
-8.18923	-18.966
-10.9756	-19.446
-12.9253	-21.8487
-12.7636	-23.1562
-12.5952	-24.4018
-12.6758	-23.0535
-11.5724	-22.1143
-10.5584	-17.9798
-11.551	-15.5451
-10.0018	-12.973
-9.78574	-10.9374
-13.834	-8.18839
-18.4922	-6.36787
-22.0301	-10.8614
-23.7322	-9.56563
-26.3012	-9.52595
-26.7534	-9.18028
-25.7698	-8.89373
-23.9121	-8.9672
-23.6896	-8.58924
-21.5634	-6.65816
-18.4339	-3.85645
-12.0205	-1.17567
-12.8961	-1.95928
-12.0367	-0.421048
-9.62527	-1.88214
-8.84956	0.19035
-10.6992	0.99128
-12.3175	-6.27752
-17.1059	-10.0941
-18.664	-9.58332
-20.2721	-11.2328
-21.0874	-12.3282
-21.1226	-11.5862
-22.2666	-11.8673
-21.3822	-11.3382
-18.4226	-25.4498
-16.3601	-23.0255
-21.5043	-18.667
-15.6088	-23.7054
-15.7646	-13.7941
-13.1359	-12.1901
-7.676	-9.64035
-3.02623	-14.5427
-3.36014	-14.6247
-3.56397	-13.5434
-3.46453	-11.0345
-4.3274	-10.4441
-4.67589	-9.58913
-5.44365	-8.29001
-4.60185	-8.13517
-5.38064	-5.662
-6.84159	-6.23731
-11.2334	-4.06441
-16.8528	-8.47069
-19.8972	-10.4945
-20.4685	-14.0915
-24.7999	-16.6294
-26.5165	-10.2349
-22.8348	-9.32188
-19.8319	-5.76724
-18.7576	-6.00665
-15.8377	-3.52663
-11.0523	-5.7112
-8.97378	-13.4843
-7.36907	-15.3945
-10.7979	-16.6108
-13.4146	-19.5282
-14.8211	-19.7984
-13.9729	-19.8978
-9.47262	-22.022
-7.10252	-20.8452
-6.78612	-18.5616
-5.89082	-17.3513
-5.82573	-14.4736
-5.10313	-15.1963
-5.24049	-13.8562
-5.35659	-11.9203
-4.72964	-13.588
-5.70232	-8.35701
-6.20257	-5.65898
-11.3384	-6.71944
-13.6472	-8.43154
-13.2612	-7.22961
-11.6264	-6.07877
-10.6068	-4.51308
-11.8205	-6.63316
-13.8216	-5.44924
-15.45	-10.1494
-19.2142	-11.8028
-19.9013	-12.9765
-19.3679	-11.4892
-21.4036	-13.0997
-21.9081	-9.64873
-21.3659	-12.4067
-22.4389	-11.7461
-22.6689	-12.0703
-23.5272	-15.2829
-22.6126	-14.9862
-23.4394	-12.0139
-21.4173	-10.3449
-22.0442	-12.2968
-22.1672	-8.5234
-21.6114	-11.4291
-22.5395	-14.4596
-22.112	-11.0984
-15.9714	-17.4892
-19.943	-22.9368
-17.5924	-17.389
-13.9872	-18.3285
-15.4667	-18.3369
-17.8354	-20.7152
-17.2502	-19.9438
-17.7154	-24.0053
-16.6476	-26.4652
-15.7019	-26.1109
-16.4651	-24.8719
-15.3102	-25.2821
-13.7432	-23.9258
-12.9346	-23.0694
-11.9923	-23.5336
-12.62	-24.0482
-13.2175	-25.2885
-14.7945	-24.7969
-16.343	-24.2907
-18.6162	-23.2024
-19.3869	-22.3318
-19.3338	-22.418
-18.4954	-21.5165
-17.5933	-21.2197
-15.6924	-20.3688
-13.0319	-20.8222
-10.7646	-15.7384
-8.42079	-8.99806
-8.29327	-9.61493
-6.55544	-8.5832
-5.95903	-7.56808
-6.59119	-10.8152
-19.2881	-5.76832
-23.1422	-12.3194
-23.2208	-9.11324
-23.3034	-6.46173
-22.476	-3.80821
-25.5043	-7.48232
-24.1387	-6.96562
-15.2764	-4.27527
-11.1541	-6.72407
-11.6787	-9.93167
-11.6443	-8.4035
-11.7474	-8.32396
-12.1387	-5.57805
-11.6906	-5.72514
-11.5757	-5.79107
-10.8173	-4.47707
-11.8371	-2.80782
-11.8598	-1.77831
-11.1457	-4.13313
-11.4522	-3.61159
-11.0724	-3.22643
-9.84215	-3.14822
-9.74084	-4.54376
-9.95916	-1.43591
-11.7677	-3.43741
-12.0888	-5.74111
-11.7237	-7.27474
-11.2643	-12.2557
-11.9948	-13.65
-13.443	-15.055
-14.7612	-14.4038
-15.6916	-12.8434
-16.2287	-12.0101
-16.2421	-11.0353
-16.3767	-9.3119
-16.2143	-7.06565
-15.7246	-6.59998
-15.2603	-6.35849
-15.8852	-4.06073
-16.73	-2.33493
-17.2807	-1.53362
-17.6901	-2.4108
-18.4525	-3.49115
-18.6609	-4.23504
-18.5575	-6.48996
-17.1315	-11.6554
-17.7712	-12.5278
-14.5685	-17.1861
-13.563	-19.8418
-13.6947	-20.8829
-10.9993	-22.0624
-9.47529	-23.346
-10.3189	-22.2703
-8.58288	-21.6185
-7.41166	-21.2655
-6.82599	-22.3338
-5.78809	-18.6894
-5.23992	-16.2181
-5.01741	-14.3215
-5.07967	-12.979
-6.71584	-13.1095
-8.0773	-9.18066
-9.88565	-8.52909
-10.5172	-8.83035
-14.2402	-3.61121
-17.8867	-5.42588
-25.0021	-9.28634
-29.1223	-9.14649
-28.9478	-6.47879
-26.9229	-9.33461
-27.0271	-6.25178
-26.318	-10.9663
-25.2318	-9.80476
-22.8074	-12.3767
-17.2352	-12.3026
-13.6148	-18.0816
-13.8879	-19.4875
-14.5232	-21.7169
-14.9466	-21.1639
-14.1052	-20.9524
-12.8493	-19.8441
-11.3768	-18.0601
-10.9169	-15.8041
-8.41734	-13.2596
-7.21554	-11.2766
-5.52203	-10.2447
-4.54137	-9.63127
-5.83441	-7.45077
-8.63508	-4.02495
-10.709	-6.60164
-13.9801	-9.06289
-16.2247	-11.659
-18.7814	-12.6058
-17.5274	-16.3684
-13.9102	-19.9663
-16.6924	-18.9535
-19.7594	-20.7614
-17.0404	-22.4088
-16.125	-15.905
-7.15309	-11.8223
-6.80311	-13.6092
-8.87076	-11.7002
-9.31468	-13.9502
-10.3097	-13.7762
-11.2317	-12.7536
-12.3215	-11.9546
-11.9919	-12.274
-12.6951	-11.1266
-13.3058	-9.75776
-14.1596	-9.19217
-14.4763	-13.2931
-13.4793	-16.4911
-14.8834	-16.5423
-15.0308	-16.258
-16.1978	-15.5434
-17.144	-14.2988
-12.9074	-11.8195
-11.065	-10.8302
-13.2891	-12.4436
-12.1466	-8.31759
-12.6828	-6.64065
-11.0066	-8.00398
-11.8811	-5.92389
-14.0662	-5.49395
-12.6971	-6.63511
-14.5858	-4.02095
-16.017	-7.4421
-15.7331	-8.58174
-18.1392	-11.8606
-19.4404	-14.6796
-20.156	-11.8068
-19.7941	-14.9953
-20.2719	-11.7014
-21.9739	-11.3
-20.001	-9.95648
-22.1914	-10.7098
-20.9198	-12.8677
-20.1554	-7.18258
-22.0041	-10.9409
-21.7122	-9.73937
-22.3454	-9.8987
-21.6482	-13.1171
-21.8821	-10.4906
-23.658	-11.9142
-23.147	-10.4846
-20.4384	-10.3436
-20.2721	-12.1009
-21.421	-12.1037
-19.8186	-7.10952
-15.9824	-6.56772
-7.86545	-8.19126
-10.3147	-8.68028
-8.1561	-8.41153
-10.78	-8.63964
-10.4468	-10.0517
-11.4501	-7.63888
-10.9358	-16.4741
-11.4707	-20.7873
-12.557	-20.9247
-11.9772	-21.3352
-12.6853	-19.8368
-11.0317	-19.9003
-10.7935	-16.7274
-10.4326	-13.0161
-11.2631	-10.2223
-11.1094	-9.58757
-11.7869	-7.78651
-11.9719	-6.98121
-13.231	-4.69397
-12.4109	-4.15136
-12.0194	-3.51994
-11.1397	-4.46104
-10.7005	-6.13541
-8.88084	-6.95763
-10.4625	-5.23706
-12.6033	-5.51339
-16.6036	-1.49773
-20.2321	-2.75491
-22.5265	-4.74891
-23.3289	-9.84951
-22.4304	-11.6967
-17.0255	-11.276
-11.3057	-13.3617
-8.7268	-13.0637
-7.28182	-14.4793
-7.00382	-13.6117
-7.19221	-12.8306
-8.31818	-11.0856
-9.67012	-7.76371
-10.9747	-4.16348
-14.8452	-1.76277
-20.9742	-1.45114
-23.6857	-3.90861
-27.6397	-10.5319
-30.2775	-8.38278
-30.2993	-8.78796
-29.9153	-3.01876
-28.8154	-4.58792
-30.1025	-5.01586
-28.9603	-7.30031
-29.7706	-6.4489
-29.4449	-3.13133
-27.7737	-2.74697
-21.548	-1.87199
-12.2658	-6.72695
-14.4078	-8.32795
-14.9397	-11.023
-14.803	-12.2456
-15.0394	-13.6018
-14.9687	-15.5108
-14.6036	-16.9942
-14.6076	-18.5919
-14.6479	-19.0283
-14.027	-20.7163
-13.3283	-20.7378
-12.7219	-20.9283
-11.5738	-21.2824
-10.7994	-21.3202
-11.1002	-20.4835
-11.1732	-21.4407
-10.8416	-21.9308
-10.3753	-21.9191
-10.7058	-23.6685
-10.7488	-24.1122
-11.2297	-24.0721
-11.8643	-23.9297
-12.1576	-24.3514
-11.8473	-24.2917
-11.7638	-24.4588
-10.5513	-23.2605
-10.1654	-17.7137
-12.2884	-11.7333
-10.3675	-12.9099
-6.69053	-13.0994
-5.99898	-11.2646
-8.75732	-4.27706
-13.5354	-7.13007
-16.5909	-2.45128
-21.5742	-3.59985
-25.3524	-5.53152
-27.0916	-3.94573
-28.118	-6.79218
-29.1573	-4.18749
-29.0359	-8.49132
-28.1365	-12.6623
-29.764	-12.6281
-26.9907	-9.78078
-23.1455	-10.4916
-20.3649	-11.2094
-10.8849	-8.08406
-9.61123	-11.665
-8.5704	-14.4262
-7.1037	-16.3801
-7.89236	-15.8957
-7.95504	-15.0333
-9.5671	-7.23338
-9.6297	-7.80879
-9.56678	-7.56119
-9.16404	-6.83083
-9.02387	-6.75071
-9.7692	-6.52486
-9.34958	-6.00308
-9.08688	-5.02394
-8.41545	-6.05787
-7.80224	-5.93568
-8.32144	-4.20744
-8.53538	-3.08564
-7.80521	-3.95076
-8.51196	-4.87077
-13.6127	-6.57333
-16.6799	-10.3525
-17.8147	-12.1911
-18.8445	-12.7608
-20.0781	-11.7848
-18.6826	-13.2742
-16.5577	-13.5832
-15.785	-13.0131
-14.98	-12.4663
-14.2236	-8.9992
-9.26271	-5.95982
-9.12179	-3.28007
-11.3435	-4.87115
-11.4789	-4.55885
-12.9432	-9.55312
-23.0472	-6.45958
-24.2334	-10.9526
-25.9657	-6.31798
-26.9258	-6.80057
-26.9095	-2.53216
-26.328	-3.12457
-22.0062	-4.32506
-20.8979	-3.84573
-11.4874	-8.68753
-11.5437	-14.1164
-11.147	-17.1318
-12.5296	-18.0111
-13.2125	-19.5681
-13.6284	-20.4614
-14.941	-18.9282
-14.4163	-16.939
-10.641	-12.1682
-7.63783	-7.86805
-10.2027	-5.96686
-13.7162	-11.4145
-22.2125	-11.877
-26.1014	-15.4343
-21.3435	-17.1666
-14.2777	-10.4298
-13.6804	-11.5968
-14.4311	-13.7999
-12.0684	-17.2004
-11.4735	-16.3691
-10.2837	-14.9599
-8.98669	-13.4252
-7.53892	-7.72864
-8.38821	-8.46896
-8.34886	-9.44455
-8.52741	-9.1055
-8.1324	-10.0476
-8.68685	-10.0075
-9.01493	-8.8842
-9.4569	-6.57529
-10.8522	-4.13364
-12.057	-2.5732
-13.1787	-0.788639
-13.5646	-0.676309
-12.8444	-2.53004
-12.5111	-5.12313
-11.8867	-8.08478
-11.148	-10.6598
-10.4392	-11.4934
-10.3029	-12.774
-11.0117	-12.9019
-11.3247	-13.7527
-12.2151	-10.1159
-12.1566	-7.44866
-12.4729	-6.98097
-12.5164	-7.47366
-12.2917	-8.116
-12.7829	-7.94496
-12.5015	-13.5268
-12.7018	-19.095
-13.2965	-21.185
-14.6943	-21.6387
-15.4919	-21.5906
-15.0886	-21.8217
-14.0213	-21.7732
-12.623	-21.8396
-11.1882	-19.6654
-10.4479	-13.7769
-9.40796	-11.8413
-7.91163	-11.6487
-6.62757	-10.6536
-4.50347	-8.54956
-4.99758	-4.98073
-6.70572	-3.83474
-9.19362	-6.38488
-12.9121	-8.38032
-16.2959	-11.4411
-17.6841	-11.9077
-19.2847	-8.07293
-20.6108	-6.0359
-22.5517	-6.93919
-22.2087	-3.6427
-25.9131	-8.76249
-18.3459	-4.98621
-14.1817	-8.48172
-14.0091	-8.12999
-13.5676	-6.84968
-12.8128	-6.27068
-12.3043	-7.00747
-11.602	-7.22617
-10.5804	-8.39058
-11.7758	-5.32049
-14.2729	-6.92516
-16.0733	-4.32417
-18.4886	-7.55092
-21.7029	-2.27137
-24.0077	-3.71439
-24.8221	-5.24786
-26.9689	-6.06829
-26.4547	-7.19207
-21.6008	-7.59674
-18.2602	-4.12045
-11.4592	-9.37976
-10.2503	-20.863
-10.3962	-21.2295
-10.7343	-22.8438
-12.2506	-22.9151
-12.3328	-23.788
-12.4931	-22.997
-10.989	-22.2558
-9.67437	-18.8757
-8.6984	-15.1294
-9.14691	-11.6322
-14.7236	-3.91402
-21.4182	-6.38859
-26.4783	-6.89891
-29.4133	-6.4978
-32.1397	-8.62149
-30.4943	-6.05907
-32.8913	-5.60877
-30.5501	-6.30711
-29.1599	-7.72691
-26.102	-5.10222
-25.622	-12.5214
-20.0502	-10.5604
-13.5342	-14.0038
-12.5982	-17.8462
-11.8925	-22.0338
-11.4476	-24.6077
-12.252	-24.3239
-11.9157	-22.9061
-11.6308	-19.6989
-10.3697	-18.1574
-9.72947	-15.712
-7.75709	-13.7319
-6.95156	-8.45335
-8.92467	-9.24953
-14.794	-11.3727
-16.9915	-14.0586
-16.9288	-13.0184
-17.5888	-11.988
-18.2524	-12.7504
-13.4507	-9.26149
-7.40992	-10.8114
-3.72388	-13.5797
-4.23304	-13.6118
-5.09727	-14.0475
-5.51285	-13.481
-6.81359	-11.9452
-6.18133	-11.5903
-5.74389	-10.9518
-6.2239	-9.68357
-5.79238	-10.4009
-5.75426	-9.58486
-5.37286	-8.66459
-5.39992	-6.84047
-4.76197	-8.04821
-5.5409	-7.2041
-7.99459	-10.4665
-10.7501	-9.46355
-11.6331	-9.83359
-12.063	-10.5875
-13.1917	-8.03093
-15.7101	-5.69523
-16.1059	-8.93528
-14.7926	-11.4527
-15.0267	-12.3761
-15.7501	-12.6802
-16.1483	-12.4103
-16.4804	-12.7862
-16.8108	-13.2601
-15.7794	-12.2965
-9.04959	-10.5778
-9.41872	-9.3805
-10.0233	-10.8327
-10.8373	-9.10044
-11.2569	-10.4275
-10.6437	-12.0148
-9.54772	-11.1007
-10.0115	-10.6598
-9.83165	-6.13194
-8.51424	-6.34603
-9.29635	-5.73969
-14.8128	-5.01262
-20.8608	-5.02817
-23.4483	-4.62206
-25.1077	-5.49728
-26.008	-6.3045
-27.8955	-8.51521
-26.6604	-5.16544
-25.4304	-4.72639
-25.8141	-7.10807
-27.5551	-4.81896
-27.5833	-5.97718
-28.6054	-5.39088
-17.8572	-10.1907
-22.646	-9.4878
-22.0291	-11.6506
-22.8477	-12.0457
-21.1656	-10.2104
-22.2868	-10.7173
-20.8646	-12.0817
-20.9018	-13.0647
-19.6624	-13.272
-20.1443	-14.495
-17.8382	-14.8912
-15.6782	-17.3076
-7.0888	-15.021
-6.35266	-18.9854
-6.82228	-20.3542
-7.09224	-19.647
-6.203	-20.5295
-7.75815	-14.5859
-8.00951	-8.99121
-7.95861	-9.60588
-8.17482	-9.43398
-8.80122	-8.7716
-9.17672	-10.2103
-10.6762	-18.0549
-8.72278	-24.3038
-10.2306	-24.9326
-12.5448	-23.033
-13.449	-23.8138
-12.4661	-24.7395
-11.9888	-24.3529
-11.6442	-23.3144
-9.35332	-23.2573
-7.86888	-22.7624
-7.56471	-21.8669
-8.5253	-19.0383
-7.68686	-17.8776
-6.6469	-16.3785
-6.41886	-13.9535
-9.1832	-6.52395
-16.5814	-4.2697
-21.1613	-4.64493
-18.8518	-2.95921
-19.8516	-3.34606
-18.6468	-1.63276
-19.3579	-5.7998
-11.1403	-11.2804
-10.0602	-18.3676
-9.03284	-17.4656
-9.04611	-17.4765
-9.70364	-16.9409
-10.6461	-20.9322
-10.9074	-20.6102
-11.6308	-21.3533
-13.3945	-21.5607
-15.4254	-20.9352
-16.0726	-19.2594
-17.608	-17.4645
-18.3786	-14.4968
-18.6156	-10.9303
-16.6643	-8.37667
-12.4912	-7.58717
-6.77363	-11.884
-7.72297	-9.79059
-8.07376	-9.13474
-6.71585	-9.78726
-6.52055	-6.26399
-6.15178	-6.17698
-4.96146	-5.24718
-7.04177	-3.41518
-17.4717	-1.8642
-19.7266	-4.61566
-23.6627	-6.51561
-27.3591	-7.17745
-28.8972	-5.3737
-28.1614	-3.06516
-29.8933	-4.56088
-26.2323	-0.130582
-24.3334	-0.762075
-24.0021	0.0559283
-25.1731	-5.7962
-21.6991	-7.93232
-21.6578	-8.69814
-24.7009	-11.2444
-21.6174	-4.80593
-13.4348	-5.0427
-13.8894	-3.26265
-15.2569	-4.31033
-15.5747	-5.38668
-14.9556	-7.93446
-15.513	-6.37525
-19.7777	3.09213
-17.0198	-8.3195
-16.8666	-14.238
-18.8716	-15.6813
-20.0305	-18.5688
-20.6717	-18.6372
-20.3084	-20.1892
-20.0387	-20.9437
-19.4218	-20.6039
-17.6405	-20.2565
-14.8498	-21.612
-13.4443	-21.9742
-12.8136	-19.1122
-11.9439	-16.4557
-10.7468	-12.9741
-10.0854	-10.8301
-9.89747	-7.92227
-13.5349	-8.68616
-16.7031	-14.8258
-15.3655	-13.5055
-19.6855	-16.5261
-20.9856	-17.316
-20.6488	-16.0889
-14.1737	-16.6705
-13.6113	-22.1832
-14.8212	-22.1008
-15.2383	-22.1105
-12.913	-22.3627
-11.2765	-17.3659
-7.74892	-14.5403
-7.566	-14.5072
-7.30371	-12.6254
-11.517	-8.23695
-14.3009	-12.0266
-15.8753	-14.7884
-20.2279	-16.678
-19.6071	-15.1709
-24.7056	-16.0076
-20.6367	-17.5768
-17.1818	-14.6303
-12.1209	-21.0345
-14.6102	-21.4603
-15.0746	-21.2398
-13.1985	-20.7218
-11.4275	-17.2892
-10.4843	-12.7735
-12.0547	-11.8463
-12.3302	-11.6261
-12.349	-13.0698
-12.8222	-16.5392
-12.235	-19.5151
-15.07	-22.2745
-16.5258	-23.2682
-18.0161	-22.4146
-18.9418	-22.4263
-19.2756	-21.7599
-18.7888	-21.6493
-16.9548	-21.6755
-15.441	-19.3793
-10.338	-12.063
-9.46112	-12.1265
-11.4761	-14.6071
-13.5712	-15.0726
-18.8413	-18.4519
-23.0636	-16.2421
-25.3886	-14.5533
-21.1706	-11.6284
-15.1388	-3.88235
-14.7538	-4.18521
-17.9779	-0.482819
-17.9236	1.09835
-16.963	1.33206
-13.4344	1.87885
-9.80053	0.208074
-7.91807	-3.09181
-7.63219	-2.52133
-6.17874	-4.83522
-7.89462	-5.24024
-8.66621	-1.99743
-8.22402	-3.21909
-8.69427	-2.50743
-8.04916	-2.30512
-9.13097	-2.03299
-14.3186	-2.44174
-20.0973	-9.62179
-14.3495	-12.4117
-14.3502	-15.6561
-12.8076	-20.3071
-12.8707	-19.8929
-12.3362	-20.6688
-11.4225	-21.805
-8.72641	-20.9057
-7.66612	-17.1191
-7.69302	-11.4338
-9.69712	-6.75163
-16.5659	-11.7887
-16.0289	-14.6547
-16.2533	-12.82
-18.5009	-14.201
-21.1554	-12.4358
-25.1325	-14.3489
-24.9152	-14.813
-20.7857	-14.1557
-18.6076	-13.99
-15.5506	-16.1433
-9.78806	-11.7647
-5.0137	-15.9484
-5.05724	-15.9594
-7.26657	-10.7187
-7.77927	-7.67661
-8.52073	-6.28772
-8.1019	-7.56076
-8.51127	-7.68985
-9.0231	-7.93362
-10.4884	-6.88173
-10.0945	-6.60034
-9.31873	-7.79691
-9.11365	-7.71023
-8.80157	-7.67355
-8.70533	-7.07797
-9.26818	-6.61999
-10.8709	-7.81593
-12.8229	-16.7535
-14.4373	-18.0603
-14.5024	-19.7008
-13.853	-21.2867
-12.8947	-22.5445
-13.4101	-21.6893
-14.6666	-19.4828
-14.9823	-17.7432
-15.2647	-15.6285
-13.9044	-10.484
-15.241	-11.6384
-15.1237	-14.1395
-15.5153	-15.1078
-15.5976	-15.8758
-15.2239	-15.7939
-14.3445	-16.6671
-12.8657	-17.3625
-10.75	-17.6372
-9.72377	-15.2902
-8.59075	-10.8808
-9.93904	-5.83157
-16.8094	-3.16411
-23.7262	-2.19858
-25.1749	-5.87986
-27.2382	-3.95514
-27.9769	-7.14689
-28.1644	-11.3237
-27.5529	-10.2707
-25.0842	-9.50423
-21.0503	-11.8691
-9.33653	-16.3666
-10.178	-18.8619
-11.5153	-19.2237
-11.8047	-20.5649
-12.5459	-22.2844
-12.3472	-22.294
-10.4932	-21.0773
-10.5048	-10.2378
-11.5494	-3.90268
-23.1619	-5.86137
-21.4888	-6.00326
-13.5071	-8.43746
-10.426	-8.08898
-12.4896	-16.6042
-12.683	-21.018
-14.6873	-21.157
-15.9985	-21.2745
-16.5994	-21.1648
-16.6211	-21.7844
-16.5152	-22.9173
-16.1922	-22.2022
-16.0618	-21.2732
-15.7062	-20.4073
-15.3865	-20.3839
-14.8761	-19.6914
-14.7325	-18.3005
-11.0889	-16.7982
-12.1826	-15.537
-7.35205	-10.3442
-12.0107	-12.8632
-8.00521	-7.29293
-10.7426	-10.2037
-7.17067	-10.1117
-9.13998	-9.43712
-8.09976	-7.5848
-8.02046	-6.04508
-8.29961	-7.96943
-7.7213	-6.51282
-9.38612	-2.27577
-12.7341	-5.00185
-16.2869	-5.79743
-17.6965	-6.59225
-21.2738	-6.47382
-31.1515	-16.0268
-23.2282	-14.3392
-20.611	-10.6953
-21.405	-11.8559
-21.5171	-11.1675
-21.0424	-11.8206
-21.8395	-13.105
-23.0611	-11.002
-22.2649	-10.7825
-22.6354	-11.5419
-21.5038	-11.3531
-22.7348	-12.6834
-20.8338	-13.1402
-21.5932	-9.15963
-21.5448	-10.6223
-21.3439	-7.24869
-21.7491	-8.85818
-22.4427	-9.08456
-22.016	-10.2888
-22.1887	-8.75777
-16.5872	-6.15472
-5.31538	-10.7081
-6.92329	-14.409
-7.1701	-14.6279
-7.87521	-12.456
-8.94593	-11.6459
-10.4432	-10.5406
-11.0354	-6.91655
-10.3241	-7.53932
-10.3139	-7.39556
-9.90336	-6.96147
-10.6082	-7.06779
-10.3244	-6.88753
-10.0863	-7.65301
-9.77144	-7.3797
-9.45001	-6.78227
-9.55453	-8.18679
-10.8808	-12.6264
-6.96431	-15.5615
-6.11705	-17.0633
-6.73771	-16.6712
-6.878	-15.3909
-8.42575	-9.20217
-14.9377	-0.359257
-19.6714	1.53748
-26.3999	-4.32576
-27.8871	-4.45879
-28.4678	-5.09342
-28.305	-10.1245
-29.4117	-10.7984
-28.534	-11.2392
-25.8276	-10.9958
-22.0773	-11.7179
-17.6211	-13.1612
-14.1448	-22.3934
-16.4281	-23.2068
-18.3732	-22.1104
-20.9025	-20.0466
-22.6367	-17.0299
-23.2802	-14.7162
-22.7319	-10.4648
-21.511	-5.33528
-20.8718	-2.66713
-17.9568	0.0358001
-10.4614	-9.40525
-9.58155	-11.3028
-10.3504	-8.76885
-8.65038	-9.67356
-8.17888	-5.68375
-9.14611	-4.77708
-10.1489	-4.26525
-9.59544	-1.9511
-8.97929	-4.83203
-17.9915	-8.24121
-18.7772	-10.3306
-15.3937	-17.0809
-16.2085	-20.9739
-15.828	-22.9549
-14.6225	-22.7712
-13.7626	-20.6766
-15.2363	-20.3518
-16.7319	-20.1295
-17.7363	-19.8768
-18.2448	-20.6557
-18.2215	-19.8201
-16.736	-20.1412
-15.6136	-19.1956
-14.1454	-16.7224
-12.1222	-14.0726
-10.1315	-14.3003
-11.4892	-11.8594
-13.784	-12.1607
-14.627	-19.7075
-14.5993	-24.2097
-16.4085	-19.3237
-14.5981	-15.5877
-14.6249	-14.3667
-12.6053	-13.4501
-7.72114	-10.5088
-11.537	-14.7025
-9.08859	-16.7158
-9.34931	-15.6739
-10.6848	-16.15
-9.33749	-16.6978
-10.2227	-15.8959
-10.1516	-15.4089
-9.81349	-15.5235
-10.2727	-16.0298
-9.7848	-15.9125
-9.69417	-9.52014
-9.79766	-7.6111
-10.7795	-6.88399
-10.748	-7.72675
-11.7058	-7.69115
-11.9196	-8.99078
-13.1841	-9.00454
-14.1426	-13.4186
-12.6997	-20.7341
-12.2837	-20.4196
-12.3405	-20.507
-12.5715	-20.1709
-13.2574	-18.4318
-9.07866	-18.2755
-7.89471	-10.3941
-14.5867	-2.58207
-20.6937	-6.61327
-25.3867	-9.81193
-27.0186	-7.93872
-28.4268	-5.0036
-30.2117	-3.78954
-31.1258	-3.33735
-28.4517	-0.647309
-28.439	-4.61713
-24.7345	-7.64081
-17.9899	-2.34602
-14.0699	-9.11376
-12.2307	-14.2469
-12.8324	-16.1928
-13.0074	-16.7345
-12.7618	-17.8566
-12.9899	-18.1968
-13.7352	-18.3596
-14.7536	-18.8904
-15.3887	-19.2797
-15.0485	-20.8953
-15.5302	-21.8448
-15.0342	-22.9763
-14.7129	-22.8422
-13.9119	-23.3641
-12.581	-23.4192
-12.2267	-22.0168
-11.6845	-19.9968
-15.9667	-9.40659
-21.5584	-6.15314
-17.7946	-11.4668
-10.9242	-15.8711
-10.3798	-12.9828
-10.5408	-13.599
-8.70204	-17.6592
-8.16943	-16.5239
-8.01578	-16.6547
-9.89717	-13.7804
-9.22475	-13.9673
-10.8405	-13.0663
-10.8378	-9.6893
-9.5851	-6.56769
-12.7293	-2.059
-14.0236	1.71421
-16.321	3.75146
-18.1988	5.75107
-18.7082	8.03441
-17.7731	6.61821
-17.5538	7.49716
-16.2754	6.78112
-15.3129	6.49885
-14.2997	3.50802
-13.4162	3.71154
-12.1302	0.383058
-13.672	-1.35235
-14.2129	-2.52005
-14.4275	-5.14503
-14.6211	-7.63788
-14.5608	-10.6221
-15.8959	-11.6506
-18.1428	-11.0012
-15.9663	-10.0749
-17.554	-9.98655
-12.3348	-8.53627
-16.368	-8.64883
-12.8088	-7.76509
-12.1217	-5.98786
-13.088	-6.83909
-13.7366	-3.61745
-16.7509	-7.17916
-19.5341	-7.64676
-20.9464	-8.80158
-20.9703	-11.9676
-18.699	-12.2579
-19.5877	-11.2679
-20.336	-11.7377
-21.931	-10.5308
-21.2542	-11.0105
-20.71	-9.05565
-20.9377	-10.3987
-21.0188	-8.84169
-20.0535	-11.1738
-21.9511	-11.1906
-22.1573	-12.4442
-22.5146	-9.94587
-22.8396	-10.1534
-22.2721	-9.79163
-24.1335	-11.1089
-22.4769	-9.9403
-22.8944	-12.6955
-22.4606	-11.1573
-22.0497	-12.0548
-20.7809	-9.71935
-13.8957	-10.2326
-16.5548	-12.9117
-16.9704	-7.80626
-14.3283	-3.58878
-10.6276	-6.5835
-13.8434	-12.4904
-15.3302	-8.32026
-11.1216	-7.08302
-9.54414	-5.25053
-10.7809	-2.68738
-15.9793	1.39021
-20.7142	0.585438
-25.4775	-3.8397
-25.8675	-6.62515
-28.1136	-5.08178
-27.3346	-7.39195
-26.02	-6.16611
-21.4126	-3.63528
-12.0007	-8.66724
-12.8872	-9.44382
-12.8128	-11.6219
-12.7519	-11.0628
-12.6998	-10.6544
-12.6337	-10.4169
-11.626	-9.13671
-11.1818	-7.84232
-8.67008	-7.02523
-5.97757	-10.0928
-5.66611	-9.79835
-5.86669	-10.4772
-4.86963	-10.0519
-5.05043	-9.73879
-4.51884	-8.40473
-4.36621	-7.78674
-4.02407	-7.83572
-4.49089	-5.68573
-14.867	-2.27593
-15.0839	-1.8863
-17.0095	0.715896
-17.0945	-3.39446
-16.3944	-7.19237
-15.6434	-10.5899
-15.8413	-13.6627
-15.0398	-15.864
-15.3171	-18.068
-14.9593	-18.3999
-14.9245	-19.498
-13.8421	-19.4401
-13.1566	-19.2314
-11.0787	-18.9941
-9.62786	-17.0018
-7.79681	-13.6741
-8.62022	-9.10072
-11.0225	-11.3259
-15.0593	-11.8075
-15.1464	-9.82847
-11.6596	-8.41362
-10.4506	-13.3913
-11.7722	-13.4576
-12.2674	-13.7245
-12.0658	-13.4462
-11.3915	-13.0161
-10.6138	-13.141
-9.59112	-13.0723
-8.5105	-12.2276
-8.61316	-11.4899
-7.75107	-10.9154
-6.97692	-9.70807
-7.07615	-8.2764
-5.56988	-8.8118
-5.62698	-7.07282
-6.64634	-5.91931
-9.28576	-4.50595
-14.101	-5.46689
-17.6221	-7.72238
-28.4858	-11.129
-24.5629	-7.59928
-20.2566	-1.933
-13.1739	-8.83815
-14.2301	-9.59136
-13.1666	-11.3623
-12.362	-14.432
-10.6325	-15.3696
-9.32815	-12.8287
-7.55432	-8.28356
-7.98231	-9.64182
-8.13612	-10.5186
-8.86507	-10.4433
-9.0589	-10.4984
-9.55059	-10.5068
-10.0969	-10.3947
-10.4679	-13.0416
-11.7768	-18.4934
-11.9376	-19.3541
-13.2769	-18.4565
-13.5579	-17.182
-13.7007	-15.3487
-14.1856	-12.7113
-14.6806	-10.0322
-14.8135	-8.0982
-15.1698	-5.9027
-15.0135	-2.44072
-16.1437	-0.78742
-17.7836	2.58862
-18.0387	3.42504
-18.2002	2.82964
-18.5598	3.23615
-18.6338	2.58994
-18.9237	1.44363
-18.2734	0.172198
-18.3265	-1.41306
-16.5518	-5.66574
-16.1099	-10.136
-17.1018	-12.7169
-18.0728	-14.2163
-17.5888	-16.3546
-16.5715	-17.5582
-13.1659	-20.4139
-9.55934	-17.4118
-8.77062	-10.2992
-8.00866	-9.16005
-7.10377	-7.96949
-6.72246	-7.03785
-6.70735	-4.57624
-6.84959	-3.48239
-6.34514	-3.41845
-7.0944	-0.919625
-9.3404	-2.8821
-11.7994	-4.83989
-14.298	-6.84525
-16.509	-9.36842
-19.6625	-10.7842
-20.0972	-12.7453
-20.928	-13.2028
-18.4989	-9.5771
-15.1415	-6.3475
-12.9172	-22.3637
-14.435	-23.8283
-17.0795	-22.742
-16.6795	-24.6724
-18.1803	-22.6606
-17.5264	-22.5736
-15.7921	-22.7801
-11.5152	-21.802
-11.086	-12.0251
-15.243	-18.9578
-17.4387	-20.4347
-16.3543	-15.5985
-18.011	-14.2737
-19.6501	-14.6642
-25.9116	-7.8614
-26.2929	-6.94908
-25.9053	-5.45352
-24.588	-7.73863
-28.368	-7.18982
-24.6572	-2.79957
-23.7225	-3.69907
-25.9297	-10.4755
-22.5255	-8.83375
-19.9373	-6.32769
-21.8885	-8.32164
-24.3563	-11.1666
-22.3491	-9.54423
-20.2025	-9.34357
-12.6032	-8.895
-9.02099	-12.4616
-10.6539	-12.3262
-10.2494	-12.1575
-11.4247	-10.2481
-11.5207	-7.32692
-10.476	-2.90208
-13.8482	1.06803
-22.0363	-0.979766
-25.1037	-3.65317
-27.4318	-6.10167
-29.7174	-2.49503
-30.3592	-5.07972
-28.9103	-3.41035
-29.6475	-8.56092
-30.3607	-8.46785
-26.9114	-5.87001
-18.393	1.2115
-14.4639	-1.06463
-13.6692	-1.62852
-13.9577	-2.32568
-14.7955	-1.86217
-15.1971	-1.87883
-12.9813	-5.64535
-12.3572	-6.86038
-11.7352	-7.75803
-9.95965	-9.58005
-6.68718	-5.77323
-7.22682	-5.14934
-5.80298	-5.80151
-6.20577	-5.64112
-6.81161	-5.21142
-6.70013	-3.1553
-6.57526	-2.47392
-7.49689	-1.19546
-12.5017	-6.06193
-12.4345	-7.85403
-11.6722	-12.6551
-10.9182	-12.3834
-10.7042	-12.6078
-11.1008	-11.9085
-10.7383	-9.72015
-9.89294	-8.0295
-10.0133	-6.68141
-12.5111	-11.4425
-11.9421	-15.3991
-13.7732	-20.9122
-11.8361	-14.0366
-12.7015	-17.7441
-10.1691	-15.9843
-10.2839	-14.9765
-10.6023	-13.7288
-10.1784	-15.3595
-10.9954	-12.8722
-11.144	-13.003
-11.7037	-8.55917
-9.93324	-8.49554
-12.5293	-5.36764
-19.0517	-4.52121
-24.4554	-9.87843
-25.6636	-7.14216
-27.9601	-8.07371
-29.2636	-2.68049
-29.2673	-1.81738
-29.0527	-3.71986
-28.2091	-6.79009
-27.5804	-4.36428
-27.6839	-3.90695
-29.1669	-6.10946
-28.0619	-8.29848
-26.1389	-7.67238
-26.0123	-8.0281
-25.9804	-6.8543
-23.3547	-12.0999
-22.2641	-8.23376
-21.1786	-7.98583
-22.0885	-12.0624
-21.0333	-10.8613
-21.2757	-8.74314
-20.4018	-8.55295
-21.135	-10.2784
-22.0577	-10.1298
-19.1271	-9.6745
-19.3166	-6.84718
-19.6586	-9.97581
-22.6127	-11.0729
-21.8694	-9.22771
-21.8091	-9.57198
-22.7347	-10.2725
-24.0051	-11.7608
-23.0874	-12.4482
-23.9975	-13.6077
-23.2701	-10.8611
-22.744	-12.5797
-23.162	-11.4849
-24.1071	-10.3196
-24.2043	-11.1077
-23.6195	-12.0226
-24.3675	-12.2826
-23.4081	-14.3588
-24.1218	-10.5205
-23.7014	-10.5233
-21.7109	-13.0716
-23.2448	-12.7843
-22.8184	-12.963
-18.4778	-17.7421
-21.2676	-12.0584
-19.871	-10.4283
-19.5899	-10.0138
-19.0505	-12.2224
-18.302	-12.0256
-18.332	-7.10249
-14.0157	3.35068
-15.2337	4.34159
-14.2551	3.32052
-15.1311	4.71859
-14.2625	3.57381
-13.8523	3.41006
-13.4004	4.35009
-12.6343	5.17677
-12.1382	6.66901
-11.5079	6.0752
-12.2314	1.50217
-14.4128	-2.78238
-16.697	-8.95909
-17.528	-8.08388
-18.7584	-6.06898
-18.7538	-8.04843
-29.6457	-8.6769
-26.2136	-5.77031
-15.4272	2.2925
-16.7874	0.317672
-16.3476	-4.81658
-15.8216	-7.46192
-16.5587	-10.231
-16.5834	-12.2672
-16.9611	-12.3913
-17.3553	-12.265
-16.8862	-11.513
-16.6481	-9.945
-15.6001	-7.56133
-14.1154	-5.5523
-12.8252	-4.17111
-11.1191	-4.91761
-10.2003	-7.40305
-7.99905	-9.82197
-7.78849	-10.3187
-8.02882	-8.43304
-7.41674	-8.70045
-8.56588	-6.02049
-11.8507	-1.81793
-14.0307	-1.88131
-15.8115	-5.85922
-15.7456	-9.93221
-14.8381	-10.4068
-15.1598	-9.93053
-16.7641	-13.1777
-16.069	-14.9898
-16.0192	-16.7608
-14.9622	-17.326
-13.911	-16.2475
-12.8283	-14.9471
-10.2302	-12.5708
-9.69151	-9.07546
-12.1267	-4.86384
-18.0412	-4.2061
-23.2468	-9.43468
-25.4842	-11.7773
-25.9841	-8.10943
-26.8805	-11.1563
-24.7325	-12.7959
-22.7859	-13.175
-19.0637	-11.928
-10.8609	-18.5765
-12.1147	-20.8084
-13.0956	-22.26
-14.0755	-24.0287
-14.465	-23.2861
-13.7189	-22.6965
-12.6122	-19.8535
-9.00566	-13.1254
-9.57585	-9.22382
-7.31159	-7.28762
-8.24698	-6.97626
-8.36062	-7.15534
-8.84923	-9.17151
-9.0397	-9.83657
-9.61587	-10.3114
-10.3731	-9.36684
-10.0554	-10.5591
-10.5142	-10.415
-10.863	-10.9662
-13.1114	-10.1349
-15.8609	-12.8283
-16.238	-10.6285
-15.6895	-8.36964
-14.4445	-6.88023
-11.6188	-6.04874
-8.73035	-7.24602
-7.12422	-8.91591
-5.87007	-8.94747
-5.47396	-8.08914
-4.96112	-8.04746
-4.27312	-6.39022
-7.65625	-3.0812
-16.1831	-0.03713
-15.7781	2.78593
-20.0312	1.73945
-22.167	0.346193
-22.7537	-3.51024
-20.2499	-3.76939
-15.656	-1.88169
-9.71511	-3.62382
-10.2786	-14.9262
-11.7539	-17.3401
-12.9668	-20.2136
-13.2051	-21.3721
-14.2065	-20.6684
-14.9848	-19.3835
-16.0814	-18.2486
-16.6651	-17.8627
-16.4107	-17.8225
-15.3734	-19.2251
-15.6007	-20.17
-16.2184	-20.3056
-16.4751	-21.0854
-15.9605	-22.2127
-14.567	-24.0748
-14.0895	-22.9443
-14.4749	-18.3671
-16.2473	-10.367
-17.8247	-3.31511
-21.9851	2.19494
-23.9292	-2.37446
-28.1519	-6.32997
-26.3632	-7.80011
-28.517	-9.29033
-28.9156	-6.33743
-28.1797	-4.67177
-26.3836	-6.05663
-22.1985	-12.2399
-17.746	-14.1117
-13.4939	-17.0491
-11.7235	-21.0325
-11.0239	-24.4464
-12.3993	-22.5695
-11.1276	-19.4252
-11.3756	-12.9247
-10.831	-13.4
-10.3173	-12.9649
-9.53568	-12.3243
-9.04812	-10.2168
-8.33448	-8.75652
-7.1554	-7.66035
-6.10817	-6.30042
-6.56912	-5.47929
-8.05984	-4.7429
-11.7584	-4.74664
-18.3148	-9.73977
-24.7374	-9.68964
-28.3458	-13.2848
-20.0211	-14.4997
-19.1608	-9.62094
-17.4873	-7.08861
-13.8098	-10.9688
-14.3894	-3.43548
-14.082	-10.1294
-16.1412	-10.1792
-15.9793	-12.5185
-15.8599	-13.3136
-16.196	-13.2589
-16.1227	-13.0135
-16.089	-11.6754
-15.5829	-11.2881
-14.8585	-11.7227
-14.1394	-11.8692
-13.2863	-11.6386
-12.602	-11.8814
-8.88709	-11.4284
-7.44831	-8.45609
-8.17262	-7.46102
-7.5519	-9.1998
-8.12268	-7.96733
-7.03045	-9.15603
-7.90052	-9.0227
-9.90282	-7.9146
-11.9299	-3.31925
-10.0123	-0.38883
-10.6113	0.0248717
-10.7487	-0.262079
-11.3915	-0.158337
-11.643	-0.435067
-10.6812	0.754004
-10.107	-1.96463
-10.4416	-2.86104
-13.2161	-2.63639
-18.0873	-2.36946
-23.4445	-4.3522
-21.8714	-4.60164
-22.0237	-6.17875
-22.0032	-5.58192
-22.0764	-4.72972
-22.1996	-5.68855
-24.5275	-6.01603
-22.7159	-4.60408
-22.8962	-4.96714
-24.0085	-7.22879
-21.5575	-7.90658
-20.388	-6.26869
-19.3494	-5.79467
-18.4661	-5.35522
-17.8396	-3.93696
-16.1572	-8.95628
-18.8644	-10.2001
-17.1369	-12.545
-18.0726	-11.5118
-18.6378	-12.063
-19.6528	-10.1451
-19.1904	-11.0734
-18.5186	-12.8261
-17.481	-8.67957
-18.322	-8.067
-21.2446	-10.7207
-20.5979	-12.0973
-19.2145	-10.7774
-19.9309	-10.5355
-21.3427	-10.3801
-21.6889	-12.2331
-21.7421	-10.6221
-23.1587	-12.2954
-22.5409	-13.7042
-22.9951	-11.23
-19.9938	-10.4125
-21.6577	-8.44699
-24.646	-8.48055
-25.8309	-8.17288
-25.5363	-8.37101
-26.8698	-6.28105
-28.5905	-6.26817
-28.7633	-9.97894
-27.9637	-7.18945
-23.145	-2.42881
-17.6198	2.05413
-16.6947	1.03699
-15.1163	-0.643713
-16.0187	0.839492
-15.4971	2.97368
-14.0607	1.93398
-12.2247	4.32616
-13.7403	3.2632
-16.4982	3.86389
-21.6963	0.668097
-24.4496	-1.31944
-26.2972	-5.84443
-27.3419	-6.05041
-28.8825	-6.87927
-28.2397	-10.5122
-26.6734	-9.54356
-28.762	-13.0032
-23.5984	-11.5616
-16.6838	-6.87638
-15.8533	-14.2348
-14.7288	-19.4231
-16.7242	-20.3966
-18.8571	-20.2756
-20.6262	-19.9547
-21.0175	-20.9846
-21.448	-20.3266
-21.8756	-20.2322
-21.6292	-20.9083
-21.543	-20.3768
-21.4057	-19.6377
-21.599	-19.3922
-21.718	-18.1976
-20.9511	-16.6654
-21.3098	-16.0055
-20.2688	-14.2585
-18.4446	-12.742
-14.5805	-12.5486
-13.9147	-12.1053
-12.2004	-11.5904
-10.214	-11.8167
-9.43394	-11.9798
-9.25384	-14.3381
-7.95357	-12.822
-8.54885	-12.4625
-7.82928	-9.90452
-8.18742	-9.10652
-11.104	-6.67338
-21.7375	-10.4126
-21.228	-6.80423
-25.7347	0.713315
-28.2929	-3.71365
-27.9717	-5.44135
-29.0362	-5.11353
-30.5242	-6.65654
-29.5468	-4.22509
-27.9747	-6.62301
-20.0147	-9.45012
-11.9448	-12.6294
-18.3232	-12.0358
-20.0583	-10.4941
-22.1551	-12.9783
-20.9161	-9.4331
-20.9081	-9.43771
-21.7607	-10.0264
-23.0573	-10.2169
-21.6195	-9.99742
-22.4205	-14.3619
-13.8368	-9.59198
-16.9371	-8.19206
-8.38897	-14.138
-7.7484	-15.8133
-7.84685	-14.8207
-7.59963	-14.8286
-7.11562	-14.5045
-8.23544	-13.8256
-9.63928	-10.1876
-9.61927	-8.99482
-9.63537	-8.81335
-9.13586	-9.43607
-8.54228	-9.53998
-8.47452	-9.3003
-8.89913	-8.29902
-8.18245	-7.94428
-7.74544	-9.46845
-8.55014	-8.70799
-9.01266	-9.2447
-9.22214	-10.1812
-9.87327	-9.90233
-11.3331	-9.10339
-14.6325	-13.0654
-16.4477	-13.1342
-17.5594	-11.5784
-18.2241	-10.8877
-18.4628	-10.6908
-19.1325	-10.8637
-19.2895	-10.5654
-19.1521	-10.6111
-19.1312	-10.9232
-18.5725	-11.5346
-17.8343	-12.3406
-16.7197	-13.7161
-15.4045	-13.7944
-12.3259	-15.7611
-11.2429	-14.0131
-10.6718	-13.6557
-10.1025	-10.8564
-11.115	-9.06168
-14.6844	-4.90759
-20.3136	-8.14047
-24.3843	-8.09133
-25.2242	-3.26154
-24.3002	-8.97773
-25.1548	-6.05094
-24.5205	-8.192
-27.2709	-11.8913
-26.2969	-10.6042
-27.6041	-8.85038
-23.83	-7.83463
-17.5056	-11.8819
-19.9499	-12.6598
-23.2088	-11.093
-22.5518	-12.8658
-23.0808	-11.969
-22.6713	-9.953
-22.5689	-11.9808
-22.0677	-11.3697
-21.846	-14.033
-23.2661	-10.0437
-18.7949	-6.88706
-16.9285	-3.64421
-21.7488	-3.56704
-16.2443	-0.955469
-13.0635	-1.24026
-13.5812	-8.36294
-10.3018	-11.8635
-7.03208	-12.4742
-5.11761	-11.1868
-3.39601	-13.8495
-3.79739	-15.2866
-4.80657	-12.4905
-4.87608	-12.4836
-5.48547	-12.7271
-6.44575	-10.9909
-8.09308	-11.2858
-9.6056	-10.0378
-12.1255	-8.71204
-14.7695	-5.02746
-16.028	-2.61238
-16.7222	-1.35684
-16.7718	0.593914
-16.0001	0.722381
-13.1447	2.73616
-7.72918	-1.37575
-7.24126	-4.16655
-7.26525	-5.60995
-7.85233	-2.09188
-9.34477	-3.191
-8.49439	-4.12142
-8.40624	-5.38405
-8.66129	-2.84414
-9.41388	-3.81904
-13.5511	-4.11398
-18.9627	-9.06169
-19.8611	-7.82643
-16.0502	-0.773849
-16.8423	3.6582
-15.8173	3.31512
-16.7592	3.81969
-16.7041	5.00238
-16.4751	5.04541
-16.4347	4.9302
-16.333	5.36502
-16.4044	5.35365
-16.2886	5.63932
-16.1623	4.3738
-16.0242	3.5067
-15.9503	0.927936
-16.4028	-1.36519
-16.4204	-3.71254
-16.5993	-5.92793
-16.6393	-9.03751
-16.1382	-10.2497
-14.7732	-12.6813
-15.2691	-13.9452
-13.4971	-16.5846
-13.1249	-15.3005
-14.7018	-15.3438
-12.142	-15.4393
-11.1032	-15.1965
-12.6562	-13.622
-10.8734	-9.85155
-12.4327	-8.58014
-16.8993	-7.01512
-21.9867	-9.15692
-24.6624	-8.31396
-26.4173	-10.1282
-25.9135	-7.81408
-26.7012	-7.85988
-26.5006	-7.96117
-26.5032	-6.31647
-26.389	-7.25449
-27.3761	-9.86118
-23.8841	-8.61473
-19.7461	-10.4613
-23.9111	-5.74144
-22.804	-7.60027
-24.4577	-8.0065
-26.0834	-7.98067
-25.328	-11.3809
-23.1826	-10.7169
-20.983	-8.85567
-21.7169	-10.7461
-19.8074	-12.096
-21.3594	-10.2366
-21.5319	-12.2796
-22.0809	-9.76971
-22.0394	-10.0644
-22.1859	-10.6607
-24.4741	-9.34363
-24.2373	-9.78408
-25.9594	-6.92612
-28.3397	-9.40215
-27.0531	-9.61425
-27.5748	-6.66082
-29.6688	-8.80922
-28.3244	-7.51994
-19.1823	-2.33155
-19.6045	-6.57442
-17.9669	-8.9098
-17.8963	-7.72995
-17.9336	-6.96586
-17.8602	-6.16311
-18.1759	-5.22976
-17.6205	-5.31865
-17.1403	-6.12503
-16.8775	-7.34899
-17.5096	-8.63535
-18.6862	-9.93684
-19.3861	-10.4667
-19.5307	-11.7159
-18.5886	-12.5627
-16.8497	-14.2096
-14.3791	-15.2225
-12.0186	-15.5932
-10.1892	-15.8472
-9.28991	-15.424
-8.75961	-15.299
-8.91149	-14.2124
-7.99676	-14.3693
-7.3542	-13.5634
-10.1306	-12.8641
-14.9371	-13.8582
-16.4319	-16.7361
-17.2259	-18.0658
-15.3352	-19.2179
-13.2002	-17.3183
-14.1906	-18.6723
-15.7923	-20.1708
-17.7585	-19.0244
-18.6941	-19.6065
-18.4273	-19.4989
-17.1885	-19.8002
-15.6906	-21.1134
-13.2137	-21.2879
-11.3622	-13.4776
-9.83116	-11.9276
-8.39517	-11.8208
-6.82437	-11.2249
-6.0866	-9.89459
-5.50315	-8.80981
-5.95745	-7.03047
-11.4733	-3.91137
-19.5382	-9.91226
-21.6282	-5.91496
-25.6483	-7.2439
-27.5961	-7.15305
-24.9736	-5.9833
-25.6032	-9.44608
-23.258	-11.348
-19.9294	-11.5951
-18.0209	-10.1957
-15.204	-12.8883
-15.4172	-21.3611
-14.7459	-23.3822
-18.4777	-21.5005
-18.695	-22.8591
-18.7671	-22.1111
-18.9366	-22.1068
-18.0363	-21.723
-17.3999	-21.2685
-15.8317	-21.3136
-12.1289	-19.6972
-9.32974	-14.974
-12.0663	-12.3542
-14.5031	-13.3306
-17.1868	-17.665
-18.605	-18.0561
-20.7317	-14.9543
-19.65	-8.68746
-14.5139	-18.8483
-14.3257	-21.894
-16.871	-21.8692
-15.8767	-24.2072
-17.6441	-22.5322
-16.5355	-22.9515
-14.373	-23.6041
-13.5441	-18.408
-8.59123	-12.0592
-7.96373	-10.3005
-9.63677	-11.4571
-9.3255	-9.97691
-17.0134	-5.2214
-19.2452	-2.74678
-19.8887	1.08385
-21.2272	4.5408
-18.6744	1.55555
-15.34	-1.69181
-12.0496	-6.21228
-11.346	-10.466
-11.743	-12.9354
-12.1389	-13.6398
-12.6201	-14.2159
-12.9163	-14.5306
-12.7128	-14.5386
-13.1832	-10.8877
-14.8096	-12.3167
-14.7241	-14.493
-14.4065	-16.4854
-14.4296	-18.3244
-13.8732	-19.6452
-12.8503	-22.5817
-13.1008	-21.7942
-13.4602	-21.4965
-12.184	-18.6598
-11.8371	-7.64205
-10.9811	-7.70765
-9.20087	-7.83357
-9.24915	-6.7685
-7.12454	-4.67268
-6.20102	-5.25784
-7.50227	-7.10783
-11.744	-7.5124
-21.3409	-10.4911
-25.5973	-14.96
-21.4678	-16.3071
-16.8684	-12.6782
-8.49809	-13.2695
-12.0319	-17.0094
-11.0777	-19.3199
-11.8482	-18.7909
-10.2392	-18.7534
-9.25501	-16.9836
-7.56663	-11.474
-9.90779	-3.73661
-12.0936	-8.02459
-15.5232	-10.6664
-19.2343	-14.5689
-23.1659	-12.6898
-24.8056	-16.9133
-21.3614	-12.5927
-12.2377	-8.49697
-14.3335	-17.4796
-12.6134	-22.5412
-11.9317	-23.4232
-11.8171	-23.2838
-11.6209	-21.4948
-11.412	-20.4192
-11.6303	-18.9036
-11.2436	-18.2587
-10.9052	-17.551
-10.4624	-16.5304
-11.8697	-14.2911
-11.8442	-12.1222
-11.2645	-11.1438
-10.0988	-8.68761
-8.55987	-7.33888
-13.3506	-3.63596
-13.3071	-4.23102
-13.3122	-3.24287
-16.4892	-4.49195
-14.8881	-0.238688
-14.6959	-1.23135
-14.8659	-2.60705
-14.2993	3.26064
-14.1098	4.29474
-14.6484	5.31176
-13.8153	4.03255
-13.9379	4.00626
-14.5353	3.4473
-15.0049	3.78448
-14.0558	1.97489
-14.1943	1.30476
-15.7637	0.414797
-16.6863	-2.16744
-16.9253	-5.9059
-12.0586	-5.48386
-13.511	-8.95215
-12.2876	-13.6938
-13.2771	-15.6191
-13.9942	-15.2038
-14.2849	-15.6349
-12.7733	-16.9081
-11.1446	-18.2143
-14.2047	-19.5364
-13.2065	-15.7478
-15.9027	-15.8125
-15.9829	-17.8479
-17.412	-17.386
-21.3798	-19.166
-20.4657	-18.0799
-20.5019	-13.9589
-20.8252	-13.9255
-20.2011	-11.0549
-21.2305	-12.8123
-20.9058	-11.5912
-22.1175	-13.8115
-22.5626	-12.7687
-22.2317	-11.7827
-23.2937	-11.6068
-23.485	-11.039
-21.3401	-13.9755
-22.241	-11.058
-25.6415	-7.03843
-22.4328	-10.8194
-21.6499	-13.0204
-21.8525	-13.0539
-21.9126	-9.30653
-25.0807	-9.98743
-23.6679	-9.21442
-22.8501	-10.8317
-20.7885	-10.7708
-18.778	-10.7664
-20.8021	-11.6223
-19.277	-10.5121
-17.125	-7.41859
-12.1743	-8.54877
-10.2967	-14.6716
-13.5929	-13.8346
-13.201	-15.0181
-16.031	-11.5148
-15.7286	-18.5448
-15.4321	-22.5645
-16.2018	-22.3877
-15.8727	-22.3134
-13.4897	-22.7293
-12.2842	-21.9124
-10.5428	-18.4015
-9.3053	-13.4196
-11.5456	-4.13546
-17.4084	-4.3421
-21.9631	-9.19327
-25.2392	-7.80443
-28.0984	-11.3053
-28.6035	-13.0545
-26.8683	-11.1017
-24.6921	-10.578
-14.2537	-13.6332
-13.1234	-18.5895
-13.0401	-21.5419
-14.4168	-22.0957
-13.402	-22.7149
-12.2625	-25.1124
-11.8073	-23.7696
-12.2763	-18.9066
-13.2256	-16.684
-11.9261	-16.481
-11.2596	-17.8654
-9.99476	-18.3082
-8.94738	-16.4722
-8.91039	-8.14168
-10.1429	-8.63574
-12.4556	-11.4703
-20.3317	-11.604
-23.174	-9.21123
-13.4255	-5.92901
-11.1755	-12.5009
-11.04	-17.3393
-10.8299	-19.6784
-10.4874	-20.6772
-11.0638	-19.5253
-11.219	-19.1041
-11.4178	-18.6763
-10.5469	-20.1151
-10.6257	-21.0457
-10.6801	-21.7774
-13.9311	-19.3704
-13.7729	-22.3043
-13.2485	-23.6943
-13.6099	-23.828
-14.1845	-23.9368
-13.499	-25.054
-14.433	-21.6287
-14.1801	-19.9297
-12.8699	-17.871
-10.3927	-15.1996
-11.5462	-8.86264
-13.8711	-1.99082
-18.0904	-1.46684
-21.5939	-2.47593
-24.0009	-4.05155
-27.3771	-8.45701
-26.8231	-11.3181
-24.2118	-8.8511
-21.2442	-5.46198
-11.1526	-10.521
-7.69607	-15.4977
-8.77182	-14.0894
-9.03075	-15.2671
-8.76143	-17.3923
-9.15717	-16.2735
-11.5724	-11.2568
-12.3726	-6.70109
-10.8398	-9.11366
-10.233	-7.21343
-11.6576	-5.57447
-16.2125	-9.20997
-16.4091	-7.87985
-16.8918	-6.20547
-18.4841	-11.0648
-21.5648	-13.0273
-22.2519	-12.6879
-21.747	-18.0246
-21.4335	-12.1671
-14.4448	-9.8072
-14.1422	-15.7858
-14.6514	-15.8511
-14.5952	-15.7425
-14.9896	-15.5464
-14.5504	-14.3078
-15.0788	-11.6094
-14.1336	-9.41447
-12.8713	-5.41145
-12.9218	-3.40979
-17.9738	0.609887
-14.8544	-0.0908979
-14.2651	-7.93828
-20.9807	-11.1399
-24.6683	-10.229
-24.5122	-5.22477
-23.8473	-4.97089
-25.1148	-1.41658
-15.9539	-6.55716
-13.1538	-11.6147
-11.8664	-14.1621
-12.0633	-14.7697
-12.8541	-16.9756
-12.5722	-18.9499
-13.2534	-20.0541
-13.5567	-20.544
-12.6958	-21.469
-12.049	-19.4147
-11.2999	-17.9405
-8.30726	-9.27236
-9.30739	-5.55438
-11.2979	-9.0263
-17.8687	-14.4827
-18.3259	-14.0638
-17.7602	-12.3021
-21.0512	-18.0901
-19.6268	-17.7715
-15.7598	-7.306
-12.624	-10.2143
-12.2719	-13.4786
-12.9941	-10.8402
-7.38296	-5.24455
-11.8571	-11.2548
-13.729	-14.0413
-15.4403	-14.7885
-15.5806	-13.5844
-15.3964	-14.0422
-15.3601	-13.5608
-16.2334	-12.8142
-15.6282	-13.8287
-16.0861	-12.6271
-15.6378	-12.4975
-14.5354	-13.0381
-12.417	-13.6129
-10.9613	-9.86543
-10.1421	-9.69146
-10.2994	-9.83842
-10.2769	-9.33447
-10.3946	-11.0217
-9.39467	-11.9692
-11.9722	-9.06181
-13.7856	-4.10685
-14.1954	-1.02167
-14.214	-0.259875
-12.9515	-1.21701
-11.7783	-2.19454
-11.1341	-2.34
-11.8585	-0.267008
-12.1659	0.567178
-11.9149	-0.44455
-8.98823	-2.85762
-12.6728	-0.770588
-17.0644	-2.38412
-21.7352	-1.10513
-26.2802	-4.57443
-25.9504	-4.53533
-27.5619	-4.30963
-27.8045	-5.53656
-26.5862	-4.75314
-27.9226	-4.49193
-27.4611	-6.23031
-28.8068	-6.63868
-28.7906	-8.16689
-26.7786	-5.604
-25.542	-3.32619
-23.6435	-3.71499
-27.1471	-6.83141
-24.9191	-8.37249
-23.9987	-9.30557
-26.3254	-7.37174
-23.7904	-7.62605
-23.4031	-11.8121
-25.2101	-12.4604
-21.5936	-8.74403
-22.5643	-11.001
-22.6479	-13.4161
-22.3376	-12.5626
-22.4272	-12.5196
-22.7769	-10.5978
-14.7194	-14.8663
-12.8002	-20.0282
-11.2616	-19.529
-8.70642	-16.0857
-8.19798	-12.1959
-7.72507	-11.377
-7.72253	-10.4044
-6.71768	-9.61076
-6.29772	-8.49243
-4.84136	-8.95322
-10.3215	-7.71642
-27.449	-11.9434
-20.7477	-8.62257
-11.3652	-23.9085
-10.8035	-19.2143
-11.4249	-17.403
-10.9676	-23.0933
-11.6158	-24.3176
-11.9049	-24.3615
-12.7027	-24.0186
-11.2098	-25.1094
-11.7059	-23.0218
-10.4897	-21.4039
-9.20256	-19.6537
-8.94903	-13.6399
-9.14176	-8.96096
-10.1102	-8.44151
-11.1601	-7.84027
-11.9993	-8.32569
-11.7954	-14.3756
-10.5318	-18.7898
-11.4249	-20.6464
-11.1191	-21.7917
-11.6329	-20.9509
-11.3889	-20.8999
-10.9998	-19.9105
-10.756	-19.5215
-9.82397	-19.6859
-10.156	-19.2216
-9.61867	-18.2668
-8.93941	-18.2483
-9.66512	-17.5112
-10.0445	-17.3388
-10.2807	-17.8487
-10.3575	-17.5107
-10.0821	-16.3908
-10.0268	-16.5848
-11.1015	-17.1016
-11.4236	-18.208
-11.6418	-20.0285
-11.8273	-21.0874
-11.4158	-23.252
-12.0821	-23.1954
-12.23	-24.2369
-12.3838	-23.7491
-12.4688	-23.2553
-12.6792	-22.8924
-9.8644	-22.237
-11.0939	-11.8185
-10.7794	-10.3533
-11.3594	-8.29361
-10.7717	-8.8937
-10.1825	-7.92279
-9.489	-8.26155
-7.85308	-7.27661
-6.57683	-7.15112
-5.51777	-6.25249
-5.43585	-5.61002
-13.5551	-3.99014
-20.9732	-9.21284
-15.1935	-11.3099
-11.4947	-17.2161
-12.2307	-18.2621
-14.8419	-6.51359
-22.3143	2.42128
-18.3082	1.56376
-13.3686	-13.6766
-13.108	-19.8993
-13.6927	-21.5347
-14.1472	-21.3728
-13.4042	-23.5827
-12.7456	-24.0325
-11.8036	-23.2371
-9.80998	-21.0041
-10.4661	-12.8202
-11.3789	-11.7538
-11.5198	-11.1149
-12.4214	-11.15
-11.8435	-16.6051
-12.9272	-23.0739
-13.4473	-24.6029
-13.7987	-23.2539
-14.3877	-20.1923
-13.0111	-17.8872
-10.1561	-15.1079
-7.36674	-10.7712
-6.27715	-9.87958
-9.86685	-8.55846
-12.7512	-6.79086
-15.3918	-8.04064
-25.6845	-11.7464
-26.28	-14.5843
-21.1986	-6.08014
-12.0899	-6.91751
-14.6679	-11.2357
-13.6604	-14.2008
-13.9551	-14.4098
-12.465	-13.6163
-11.0536	-6.83916
-7.28161	-5.13208
-7.8983	-5.12545
-8.23716	-3.94014
-7.41481	-4.62922
-6.19084	-3.75525
-6.12292	-5.14632
-7.06793	-3.50713
-8.1311	-3.42214
-12.5993	-0.672882
-19.8396	1.85629
-18.3603	-2.45403
-20.6509	-5.39114
-18.7314	7.24375
-16.3419	6.96299
-15.0453	5.02963
-10.8023	-5.8821
-15.1155	-10.7564
-14.7918	-14.5177
-14.1607	-16.6163
-7.53313	-15.6594
-8.04376	-17.1102
-7.75877	-13.965
-8.97266	-18.6037
-6.90634	-15.4735
-4.88927	-18.1994
-5.2983	-14.972
-4.60768	-20.0841
-5.69641	-14.9381
-6.46608	-12.1291
-7.50668	-10.3156
-11.4677	-8.40224
-16.9267	-7.93947
-20.219	-11.0451
-21.8223	-13.1346
-20.8426	-11.8344
-20.419	-10.6755
-22.6864	-11.3647
-21.6178	-11.9406
-22.2855	-12.16
-23.0447	-11.8302
-22.3525	-22.1188
-20.6099	-20.2211
-19.7168	-16.1254
-20.1154	-14.1522
-23.2031	-13.7643
-19.9259	-12.5081
-18.5264	-12.7713
-20.365	-12.938
-22.248	-12.2293
-21.8148	-12.5793
-22.4998	-13.6144
-23.3406	-12.0893
-19.4107	-10.4709
-22.4264	-7.0206
-22.8425	-12.2969
-21.3495	-12.7486
-23.4291	-9.83692
-23.9658	-10.8769
-22.8827	-9.64913
-22.4971	-8.78816
-22.7143	-11.3437
-22.8477	-10.9699
-20.7958	-11.1484
-19.1023	-9.19605
-16.5007	-7.42685
-12.6976	-12.7375
-16.9852	-14.3794
-15.2761	-19.8688
-15.0618	-21.8884
-15.4504	-23.0086
-16.0149	-23.3435
-16.9801	-22.936
-16.0998	-22.5034
-14.6352	-21.8271
-12.9178	-20.3848
-10.7167	-19.6192
-10.1705	-18.1294
-9.64519	-16.4363
-9.29367	-14.4506
-9.025	-13.612
-8.6755	-13.0569
-9.18205	-11.8007
-9.46653	-9.95688
-10.8727	-8.67289
-11.543	-8.67957
-12.8534	-8.00671
-14.0367	-7.37258
-14.9166	-6.69777
-16.2299	-5.53448
-17.4915	-3.56121
-18.1785	-1.7527
-18.8312	-0.202064
-18.9816	-0.167017
-18.6967	-0.303329
-18.5931	-1.96646
-18.4022	-3.05326
-18.401	-4.96061
-17.8068	-8.11668
-16.7357	-10.8085
-15.3209	-12.4174
-15.0377	-10.5285
-13.0289	-10.4076
-11.9288	-10.5859
-10.9103	-13.7946
-8.35632	-8.94685
-8.04895	-8.82719
-8.1495	-7.97714
-8.74157	-8.4016
-8.30932	-10.5669
-9.70535	-10.6335
-13.865	-15.324
-11.7784	-21.8488
-13.2976	-21.8846
-13.636	-22.0446
-13.8236	-22.1734
-14.1237	-21.0504
-14.39	-21.3242
-14.8495	-19.8359
-15.0853	-18.9977
-14.5233	-18.8928
-13.8096	-18.1374
-12.3912	-16.7658
-10.9502	-13.6632
-11.1087	-8.37684
-10.7701	-5.23429
-16.1625	1.00699
-21.9759	-1.81565
-24.851	-3.98344
-26.5529	-0.465542
-27.9989	-2.65496
-28.111	-7.78024
-29.4479	-8.09404
-24.591	-4.46069
-25.8249	-10.3911
-19.3421	-11.3611
-9.72035	-10.8425
-9.21222	-13.5348
-9.02477	-10.9318
-9.01309	-11.2319
-9.49224	-10.3021
-9.90445	-9.02442
-9.04125	-9.53174
-8.5782	-9.61505
-7.48437	-7.45917
-6.12874	-6.54905
-8.60628	-3.32155
-13.8885	-5.94821
-17.2629	-7.25811
-19.8245	-10.0106
-14.8673	-4.14622
-10.3281	-21.4209
-11.2575	-20.5602
-11.7222	-21.4014
-11.788	-20.6022
-10.3211	-19.3169
-9.04884	-14.4827
-11.8719	-9.22891
-17.7501	-5.04358
-20.5079	-6.73544
-24.0413	-10.2306
-25.0622	-13.5069
-25.1192	-11.9333
-23.9938	-9.23401
-23.052	-8.56685
-17.8801	-9.67777
-12.7609	-16.0523
-11.0794	-21.381
-11.4189	-21.2505
-11.3485	-20.1113
-11.1282	-15.8227
-10.7519	-10.9494
-9.85008	-6.35038
-11.7723	-7.80714
-13.7052	-7.40621
-18.4921	-9.06744
-19.8277	-14.1369
-20.4675	-12.5851
-19.8369	-14.0346
-19.1966	-15.7899
-19.644	-9.60108
-16.0253	-9.73465
-17.7009	-12.0222
-15.6645	-14.1955
-16.2092	-13.7458
-14.5668	-12.8673
-10.092	-11.1027
-9.3501	-11.8164
-9.87686	-11.8108
-9.06438	-12.0414
-9.39889	-10.6847
-9.47204	-10.9411
-8.68676	-10.8765
-7.18636	-10.8845
-9.21742	-7.89014
-9.85967	-4.84276
-9.65574	-1.50996
-12.3924	-0.871945
-15.258	-5.25263
-18.9974	-0.350353
-21.1079	-4.59013
-25.5104	-7.23007
-22.5823	-7.79308
-19.944	-4.60477
-11.7023	-3.58647
-7.32135	-11.7845
-6.74576	-14.809
-7.04697	-18.2091
-7.7126	-19.5743
-8.54753	-20.1913
-9.65568	-20.4238
-9.10583	-20.7281
-8.229	-19.1024
-6.316	-17.6401
-6.31987	-10.4438
-10.2774	-3.23841
-17.9131	-3.20417
-25.6187	-1.77495
-28.4596	-3.22443
-28.9491	-2.81626
-31.6013	-2.23252
-30.8876	-3.23056
-30.2388	0.232698
-32.0955	-3.73666
-29.5775	-3.98431
-29.2362	-6.68127
-20.3834	-6.76953
-7.86729	-9.72896
-8.92573	-9.78629
-10.0293	-8.19398
-10.0418	-9.46928
-10.5593	-10.1414
-10.2805	-12.1205
-9.54619	-12.8434
-9.30238	-14.0854
-10.1686	-13.9281
-9.9479	-16.9961
-10.8246	-18.1989
-11.9307	-19.4824
-13.6202	-18.6768
-14.7142	-19.1297
-14.7114	-20.0573
-15.3239	-20.7102
-15.4668	-21.9398
-14.3478	-23.0114
-14.2645	-23.256
-14.3462	-22.5495
-14.4235	-23.8223
-13.3429	-20.1971
-11.8127	-18.0978
-8.18615	-14.0386
-10.6642	-13.2137
-8.75032	-10.5105
-9.03226	-9.08306
-8.47608	-12.4953
-7.8192	-12.6903
-10.0681	-11.8024
-11.0501	-9.34901
-10.5365	-7.63437
-11.6862	-6.06245
-13.0666	-7.12976
-15.5478	-8.81607
-23.8829	-5.74527
-23.341	-9.24456
-23.0841	-11.5034
-23.6675	-9.42125
-11.4418	-10.2041
-7.05298	-12.3886
-7.31202	-15.9634
-6.84659	-15.7765
-7.99757	-16.0462
-8.23391	-16.8986
-10.6984	-13.8051
-10.4555	-8.15919
-10.91	-8.17866
-11.5004	-8.37495
-15.0159	-5.08889
-13.6478	-9.33075
-13.808	-18.504
-13.3534	-22.5183
-14.4548	-23.3684
-14.5611	-24.4092
-15.0569	-22.3508
-16.3439	-17.267
-13.8663	-18.7787
-11.4513	-18.0586
-10.8409	-13.7936
-10.268	-10.5067
-10.013	-9.87603
-12.5301	-7.14577
-20.0785	-9.27158
-23.1395	-10.4432
-23.336	-10.3277
-21.7375	-12.547
-17.2582	-14.2562
-15.6327	-15.6567
-15.0665	-17.7724
-14.3273	-20.7705
-14.7043	-20.9851
-13.667	-19.7531
-11.4087	-16.9712
-9.00544	-12.4948
-13.2426	-2.96245
-18.2937	-0.345355
-22.4706	-1.30583
-23.5613	-5.57354
-24.2155	-3.85318
-17.2078	-3.91835
-10.2356	-9.12854
-9.5206	-11.4849
-7.25539	-12.9656
-7.21509	-10.7121
-6.45838	-7.72857
-6.39526	-6.72738
-7.53403	-5.5818
-8.15796	-5.28671
-14.2977	-13.0683
-11.7249	-17.193
-11.5642	-20.8134
-11.6406	-21.4563
-13.2334	-21.6857
-14.1496	-20.9812
-12.9982	-20.6026
-11.2905	-16.7191
-12.1197	-16.4969
-11.0808	-19.5829
-9.34812	-20.0365
-6.51983	-14.1597
-8.78172	-9.39493
-10.1668	-8.78822
-11.0516	-7.42978
-16.2177	-7.84985
-18.2768	-10.6129
-17.2272	-9.28705
-14.3761	-8.12574
-9.77473	-6.05659
-7.04938	-9.60007
-6.68155	-15.0403
-7.64214	-16.2433
-8.66743	-16.2548
-9.62663	-14.7047
-9.47906	-9.51471
-8.14688	-4.95454
-9.27729	-4.59493
-12.3535	-4.0975
-22.544	-9.83547
-26.0845	-13.7183
-25.7209	-10.7287
-18.4471	-10.3334
-12.3745	-7.28142
-13.5307	-15.3138
-14.0962	-16.3291
-15.7534	-14.6829
-15.3525	-15.5843
-15.0847	-14.5329
-13.8822	-14.4736
-12.169	-13.7925
-10.5848	-11.9338
-10.0327	-9.07059
-9.18811	-7.63979
-7.60787	-7.99269
-6.58644	-7.28801
-5.54093	-4.87929
-14.7205	-2.06144
-21.7745	-5.35305
-22.9945	-5.40772
-22.8527	-6.37569
-28.2354	-10.35
-26.0048	-8.5775
-15.5984	-5.26291
-10.6006	-12.8016
-11.8008	-14.0254
-13.2173	-15.4787
-13.6413	-16.739
-12.9606	-19.7263
-12.9161	-21.0979
-12.8394	-21.8882
-13.7356	-20.9515
-14.3464	-21.039
-15.1459	-21.6553
-16.2654	-20.7052
-16.9732	-18.7584
-17.7965	-16.2186
-18.0283	-13.3999
-18.0703	-9.70135
-17.5211	-5.68567
-15.9922	-3.59397
-13.3505	-4.62878
-9.54246	-8.83515
-8.93586	-9.24121
-7.87814	-8.04112
-7.59224	-8.25071
-6.01585	-6.648
-5.88255	-2.51085
-8.7358	-5.16124
-13.1371	-6.59661
-15.9957	-8.11688
-25.6283	-13.568
-25.4644	-14.2047
-14.7354	-13.1563
-16.0508	-17.6621
-14.7555	-19.6081
-14.7794	-20.5981
-14.1709	-21.691
-13.696	-21.8745
-14.0128	-19.6286
-14.0555	-13.0554
-14.824	-15.2521
-14.3654	-17.6618
-11.9118	-19.2076
-9.78618	-18.5693
-7.92665	-16.1834
-8.59355	-15.9563
-9.28539	-15.1575
-10.2319	-16.2708
-11.2368	-16.4171
-11.989	-18.0815
-12.2513	-20.4707
-12.8018	-21.6105
-14.119	-21.5029
-15.0113	-20.9168
-14.9538	-20.3865
-14.5856	-19.0178
-12.3974	-19.263
-11.5748	-13.2242
-11.0591	-8.64333
-10.7275	-9.49033
-10.4323	-8.8531
-9.84941	-9.33793
-12.4395	-6.16114
-12.2271	-5.16339
-12.7288	-2.3777
-14.1136	-1.78176
-14.749	-0.970747
-15.8625	-0.567365
-16.5345	-1.51349
-17.2683	-3.63856
-17.4321	-7.70609
-17.5968	-10.6978
-17.4486	-15.0113
-17.0635	-18.6933
-17.44	-20.8272
-16.1639	-23.0981
-14.3653	-23.33
-15.1713	-19.2412
-15.1983	-18.3905
-16.9474	-14.9664
-14.7341	-17.9893
-16.5488	-17.7987
-17.6129	-19.8203
-17.7955	-20.3344
-16.2301	-20.7697
-14.6113	-20.4193
-12.2209	-19.7429
-10.3828	-17.8023
-9.22	-16.3413
-8.61484	-15.1865
-8.97569	-13.2939
-8.36956	-13.585
-8.64613	-13.9387
-10.5175	-8.68719
-9.76036	-8.00829
-10.0555	-6.45964
-10.0287	-6.27198
-9.12303	-6.50586
-9.66013	-5.09678
-10.7463	-3.60601
-12.7995	-0.669001
-13.7789	0.807063
-15.7808	1.86342
-17.2815	1.13417
-17.8964	-0.592352
-18.0941	-3.24523
-18.0556	-5.72496
-16.8099	-8.0946
-14.4999	-10.6034
-11.4602	-12.2828
-9.04686	-10.8193
-10.3527	-3.14755
-16.3028	0.724582
-24.8207	-2.2048
-24.7987	-0.764178
-25.9542	-4.02756
-28.283	-5.24284
-29.1508	-9.27306
-28.8925	-9.57356
-26.3401	-6.57447
-23.6515	-9.52089
-22.2803	-10.7826
-21.0688	-11.4031
-17.9578	-11.2973
-8.93254	-9.56723
-9.74406	-10.7115
-8.12463	-8.99528
-8.08509	-9.11338
-8.63805	-9.32058
-10.4889	-10.0712
-9.54527	-7.46367
-11.6108	-6.1519
-14.4745	-3.0993
-15.5944	-1.72917
-16.3423	1.01526
-17.117	2.55071
-17.7344	1.96744
-17.8625	0.974608
-17.4669	-0.886859
-17.1456	-3.57615
-16.1697	-6.43162
-16.3681	-8.82531
-15.077	-10.3973
-13.6478	-11.3152
-13.3321	-9.54135
-12.0856	-10.5922
-10.0567	-8.03157
-10.7414	-3.87921
-14.4794	-5.53608
-18.0491	-10.8796
-19.9577	-9.61052
-28.8835	-9.55964
-21.1708	-13.3456
-18.7378	-2.71223
-19.7792	-4.61739
-15.246	1.82173
-12.1033	-3.33341
-12.6837	-0.477188
-13.738	0.0907045
-14.1104	1.47623
-15.6368	-0.733557
-20.3828	-12.5448
-21.0377	-4.5072
-22.7898	-6.49074
-23.3391	-6.81692
-21.0655	-11.7203
-22.3509	-12.7959
-18.3241	-12.0495
-18.4755	-12.2712
-20.9817	-12.3219
-20.3179	-16.9293
-16.9364	-14.931
-11.4561	-13.2247
-13.2731	-15.4925
-12.8022	-18.4146
-13.926	-15.3659
-14.0472	-19.1035
-15.3738	-18.599
-18.1806	-21.4992
-19.0142	-17.5843
-19.4256	-18.9938
-18.5357	-16.8332
-17.3511	-15.0599
-19.6824	-13.9317
-21.8456	-13.6895
-21.5319	-10.5837
-22.5642	-12.9953
-21.4616	-11.6184
-23.3717	-13.4615
-20.8143	-9.34925
