-7.00475	0.239645
-18.845	6.91578
-16.7465	9.05192
-17.748	6.58557
-12.6797	7.77016
-16.7545	2.25668
-17.9481	6.96532
-13.7268	-1.8012
-10.7806	6.48158
-14.5835	8.71909
-13.9761	7.0041
-11.5785	8.06521
-13.2245	7.97222
-14.793	8.33789
-9.23504	6.89503
-19.4561	-13.901
-24.499	-21.5906
-24.1254	-24.3395
-27.6506	-20.2196
-26.1	-22.3091
-23.787	-20.4096
-23.1781	-19.9354
-20.9343	-20.3326
-20.7933	-12.5006
-18.1003	-6.97362
-17.9579	-8.03478
-18.4595	-8.04133
-17.9256	-6.11142
-16.6709	-5.5017
-18.1165	-4.43923
-18.3294	-0.63761
-17.2051	-1.42762
-17.5878	-0.160401
-15.4112	-1.29805
-15.1083	0.27834
-16.7927	-0.436266
-17.2807	-3.12207
-25.49	-5.59903
-23.609	-6.48138
-22.131	-9.10579
-21.4743	-9.35392
-24.4857	-9.9548
-22.6612	-10.3305
-20.0793	-14.5163
-20.1234	-13.2431
-19.7298	-16.1105
-17.2226	-17.5326
-7.1711	-9.31069
-7.74902	-15.0505
-9.86883	-15.5731
-8.78339	-18.9718
-2.91556	-24.0064
-3.09219	-25.849
-2.45418	-26.7367
-3.87719	-25.0191
-5.10781	-24.8379
-4.90049	-22.8569
-6.82379	-13.8875
-7.62069	-12.2409
-7.71871	-13.7598
-10.8461	-15.8195
-11.76	-14.5446
-11.9828	-13.7673
-12.0055	-12.6971
-13.5518	-11.4361
-14.5522	-8.77647
-14.7768	-9.29262
-15.5646	-6.71095
-22.1284	-4.46263
-24.3824	-5.45708
-23.7346	-6.99173
-22.526	-8.66231
-22.111	-8.75092
-19.2617	-11.637
-15.179	-13.5512
-10.218	-18.1128
-3.94825	-19.9656
0.479202	-21.0545
2.85587	-20.574
0.884017	-16.4901
0.564827	-17.8704
-2.4641	-18.9518
-6.86415	-19.6662
-10.414	-19.7712
-11.7758	-21.3441
-13.5277	-20.2588
-15.9474	-16.676
-17.6106	-15.0372
-17.8216	-13.5978
-18.6556	-11.0059
-15.1014	-17.0426
-16.5885	-14.7798
-16.1777	-14.1991
-15.5839	-19.4328
-9.12252	-19.9391
-6.73902	-14.9657
-3.6013	-8.0338
3.81399	-3.74831
-7.64343	-8.62941
-9.24487	-15.4051
-2.39944	-8.55882
-2.88961	1.50596
-12.1195	-1.99533
-13.4435	-2.28083
-7.84807	0.935617
-17.7869	-8.68863
-20.3298	-8.63424
-19.1278	-6.93747
-7.19523	-14.772
-16.0778	-12.7392
-21.648	-7.59966
-21.7062	-5.77771
-19.3694	-7.40592
-17.5772	-9.17444
-12.5489	-8.29721
-3.79417	-7.5895
-1.32778	3.27179
-9.7116	0.622335
-7.50871	-3.79615
-9.45382	-15.3501
-5.91611	-10.976
-0.836461	-13.8438
-2.52633	-7.90817
1.37492	-17.7841
-3.42736	-13.6689
-7.6656	-14.5669
1.33857	-3.48191
-6.73217	-12.04
-0.397484	-1.79285
-9.62307	3.63833
-11.6566	6.30446
-10.1645	9.10754
-13.3183	11.0266
-10.0045	7.88612
-7.06897	10.9924
-6.15324	13.3259
-3.25765	1.04061
-14.3511	-3.65369
-11.499	0.0943107
-17.628	-9.30087
-8.42149	-6.44888
-7.45876	-2.7372
-6.05319	-5.82307
-14.1003	-13.0447
-19.102	-11.1179
-19.6386	-14.1398
-20.5483	-12.7375
-20.5193	-11.5959
-21.3151	-8.79479
-21.1071	-9.27431
-20.0567	-12.289
-22.3472	-11.7505
-27.495	-9.21363
-30.6389	-7.70386
-33.0741	-2.82548
-34.8957	-4.50174
-36.8308	-4.91185
-36.6809	-6.61731
-37.1155	-8.25743
-36.9821	-12.6495
-20.5703	-8.15763
-14.7013	-1.47927
-13.7782	-1.89319
-14.8914	-7.02258
-15.1909	1.64205
-15.2406	4.16601
-9.87865	4.85229
-9.84542	7.8299
-5.30732	-1.1449
-8.74737	0.21496
-11.4293	0.768277
-13.3599	-0.00155063
-4.11653	4.69993
-8.01688	0.6062
-8.73004	-11.5087
-17.104	-20.9478
-23.2711	-15.4336
-26.5182	-10.7015
-30.3159	-8.81585
-21.8015	-0.676449
-28.675	-9.49774
-41.1535	0.902295
-36.3855	-1.46261
-29.7829	-1.87576
-21.474	5.50029
-27.469	-1.86433
-25.0587	1.64195
-26.1141	1.24537
-20.4919	7.84489
-18.1739	5.15507
-16.2637	8.74705
-13.5241	8.80105
-16.1092	9.30618
-13.3684	7.456
-17.4051	5.87258
-16.1397	8.93801
-15.7959	6.3533
-13.9511	10.5009
-12.4346	14.9812
-12.7947	7.52439
-14.2877	7.3565
-13.6866	7.19873
-11.728	9.82987
-15.289	5.92184
-13.1703	11.3352
-11.5743	1.43082
-3.03475	-0.333868
-7.16016	6.07867
-15.9835	12.8238
-14.3499	15.0305
-12.7381	8.48744
-10.3499	3.00947
-7.87922	6.25388
-11.2014	4.83757
-9.96439	12.6875
-6.914	11.6685
-12.0847	14.1822
-20.3026	-9.09173
-7.35514	-14.9048
-21.0401	-10.9192
-22.0472	-15.8984
-15.9975	-11.5067
-14.2894	-12.0284
-21.657	-11.1736
-26.3186	-10.5333
-25.6858	-12.8826
-27.2958	-13.0848
-26.9713	-13.9044
-27.123	-11.0323
-24.2453	-12.2679
-22.5937	-12.6853
-21.3175	-12.6965
-18.3843	-14.3846
-14.5948	-16.2055
-11.4012	-16.1066
-8.77585	-14.0821
-6.89213	-11.4651
-6.13688	-12.4173
-6.06659	-13.1491
-4.61645	-14.6966
-2.26886	-19.3709
-4.33162	-19.965
-5.87849	-19.422
-9.61408	-19.005
-13.7283	-17.5905
-18.1042	-15.1455
-22.3069	-15.5061
-24.3342	-17.1565
-25.3351	-21.4622
-25.2984	-22.9061
-23.973	-24.724
-24.7192	-20.7533
-29.7859	-12.3321
-32.425	-8.41102
-20.5152	-3.56098
-22.759	-1.1463
-29.5386	-9.27295
-31.5201	-5.01129
-25.3775	-8.29586
-29.6226	-6.74513
-31.4424	-6.55597
-29.368	-7.99309
-27.1206	-8.90788
-28.494	-12.5007
-27.1387	-13.4081
-27.7608	-12.4104
-27.1579	-12.6163
-27.4424	-11.1351
-29.5426	-10.4313
-29.9045	-7.502
-31.3439	-6.99979
-33.1583	-6.00204
-33.5011	-4.79173
-31.1564	-6.21235
-27.4252	-8.07589
-25.7719	-8.42466
-24.1456	-9.49464
-22.4106	-3.33873
-15.5343	0.737284
-16.2347	-1.39608
-14.9596	1.34314
-15.9939	0.639955
-16.8416	1.03049
-15.7555	1.66272
-26.2443	-4.84067
-23.5376	-5.9075
-22.2576	-5.44968
-22.1546	-5.07672
-21.3717	-1.33218
-15.3441	-0.438755
-16.4842	-1.80679
-17.1633	-4.05322
-15.7143	-4.74058
-15.3829	-9.85453
-15.8684	-9.61362
-14.5413	-3.40753
-13.8086	-3.32206
-11.5043	-9.11239
-11.3793	-3.17684
-11.2613	3.10709
-11.2064	2.8266
-18.0469	-5.79723
-22.3678	-5.49784
-5.70326	-8.83132
-27.8258	-5.0884
-27.8423	-6.23156
-32.6947	-6.49597
-37.5956	-3.30817
-28.9008	-11.6562
-15.9273	-0.668321
-12.6325	-0.904674
-13.8439	-5.34637
-9.14209	-2.41103
-19.8832	-0.450774
-15.9525	-6.46321
-12.4487	0.944966
-26.1528	-10.8163
-23.4908	-13.6299
-23.8376	-15.943
-22.632	-15.3265
-22.1305	-12.7368
-18.0533	-7.87873
-9.97275	0.879353
-4.77953	-5.13599
-10.6314	-1.68641
-20.8023	-8.45439
-19.7319	-7.10249
-16.1407	0.402991
-15.139	5.13808
-25.0887	-6.27867
-25.8052	-11.6211
-25.1905	-7.03885
-17.3741	-17.8625
-8.35347	-13.0661
-0.185057	-16.3561
3.41114	-9.73284
-0.774859	-13.3867
-2.00329	-12.9389
-0.996493	-13.626
0.334142	-18.3049
-2.55366	-10.5034
-3.09723	-11.876
-5.20897	-10.1654
-1.96069	-10.3556
-12.1651	-11.5117
-11.0711	-21.8489
-12.9934	-13.5999
-17.8126	-14.5165
-14.5345	-13.6911
-10.817	-18.3892
-0.204648	-15.7353
2.11364	-11.6684
-4.91711	-5.54986
-9.23763	-6.73329
-12.0884	-3.3807
-11.6279	3.6837
-11.0438	-1.88866
-10.3812	-3.29051
-10.7495	-1.29873
-11.0227	-1.3721
-10.8866	-0.167451
-12.7266	-2.00253
-27.8109	-6.46678
-33.4178	-1.88359
-31.1458	1.3637
-28.6484	-1.84867
-17.2113	-1.43441
-15.7416	-1.31083
-16.9363	-4.54525
-15.9417	-7.25434
-11.714	-13.6493
-7.60428	-21.3992
-5.56853	-22.1821
-4.02096	-19.5976
-12.7215	-8.43344
-13.6238	-8.74414
-15.5205	-4.78799
-12.4035	-6.03354
-10.298	-7.48705
-9.94444	-4.79011
-9.18152	-3.54535
-6.24651	-6.09674
-6.12334	-1.41402
-9.28362	-2.38736
-8.94278	3.20988
-26.665	-5.20667
-22.4738	-1.38472
-20.9462	11.0028
-19.7591	6.22144
-18.0091	-12.5723
-26.1617	-15.0167
-26.8811	-15.1717
-28.5332	-7.29163
-27.1008	1.06755
-21.4783	3.54853
-15.1251	-6.05318
-18.2546	-9.90717
-14.4994	-12.2956
-7.51351	-7.52153
-12.2237	1.37212
-14.26	1.86279
-13.8761	1.54264
-16.9328	-0.588763
-23.2134	-6.81193
-25.6648	-3.32753
-10.5905	8.66802
-24.3519	1.7695
-30.7883	-2.05199
-32.1229	1.30852
-30.8275	-0.364961
-32.0708	0.0972901
-30.1021	-0.455036
-30.889	-0.161126
-31.2685	-1.64766
-31.0201	-1.78476
-29.0043	-2.84951
-15.6017	-3.57514
-15.7704	-4.31545
-15.6112	-6.52092
-16.1029	-4.83171
-14.86	-6.52304
-18.2291	-8.4477
-18.3629	-7.96659
-13.909	-8.83449
-8.03143	-13.8035
-12.8399	-5.09355
-9.80197	2.91978
-6.33262	5.1036
-4.78319	0.455983
-6.34416	2.96962
-7.64039	10.7537
-13.0452	11.3702
-12.3364	10.3371
-13.3979	5.41128
-9.77076	12.2724
-13.0532	9.84214
-12.6955	7.10644
-15.0933	6.61875
-13.9259	2.97678
-13.8032	7.75968
-14.1555	5.75571
-8.85159	-11.4618
-16.7404	-13.7016
-15.2335	-16.3139
-13.0861	-18.2534
-11.1587	-16.073
-8.15267	-17.7778
0.0862395	-16.7255
-0.935154	-8.43474
-4.29731	-7.01575
-1.79193	-6.65835
-12.3344	-11.4378
-10.4484	-5.42503
-8.02092	-6.07946
-11.4773	-9.21277
-9.57931	-9.96963
-8.72567	-6.00791
-8.82963	-3.46309
-13.4739	3.25735
-10.2162	3.07862
-15.4991	1.28664
-20.1324	-14.3743
-34.6708	-15.9311
-35.4686	-15.4114
-35.9168	-14.0194
-36.9335	-15.9242
-33.3303	-17.3997
-27.8359	-17.5954
-9.69285	-19.2035
-4.33679	-6.94715
-7.99737	-6.39436
-4.44083	-2.28692
-7.3343	-16.4511
-7.1979	-6.6319
-5.57687	-2.44109
-9.82287	-22.8994
-15.9561	-17.7736
-17.5737	-12.5071
-14.3863	-12.2054
-14.5534	-5.11947
-17.1394	-0.90394
-20.8421	-3.54338
-21.0359	-0.106868
-20.3822	-2.58451
-19.2461	-7.20988
-19.2089	-6.19742
-19.8745	-5.62781
-28.2488	-7.81816
-33.7268	-7.43497
-33.9432	-7.67763
-32.3719	-10.3027
-31.505	-10.808
-28.815	-12.8258
-24.3038	-14.7435
-20.4599	-8.57742
-13.1538	-0.879371
-13.4395	-4.72506
-21.2574	-3.89134
-28.5561	-16.9637
-15.5717	-4.70537
-24.6043	-18.8444
-27.9315	-17.3168
-27.623	-18.372
-24.3773	-15.3096
-23.1967	-15.4666
-21.5351	-16.5996
-21.4368	-12.8328
-14.0434	-12.7309
-15.0538	-6.93531
-3.94445	4.43701
-11.1618	5.83044
-11.6218	4.18201
-15.8119	-0.700173
-10.9679	0.00844644
-14.3108	0.674927
-14.5595	-4.52406
-10.1023	-5.99181
-13.3992	-0.143282
-5.14386	-6.45379
-6.78104	-14.9113
-9.60428	-15.3381
-11.4496	-14.073
-10.2637	-14.0641
-11.9423	-12.3532
-13.8452	-8.71765
-15.9902	-7.47566
-18.1191	-9.95912
-20.023	-10.041
-19.2909	-15.4248
-21.9761	-18.056
-20.1429	-19.037
-20.479	-22.3394
-22.1437	-17.8404
-21.9339	-15.6472
-22.5425	-12.0478
-21.8215	-7.93564
-17.5198	-0.663239
-3.19179	-1.96114
-5.0384	-6.29911
-5.51577	-0.287855
-17.6386	0.633106
-28.8512	-7.43513
-32.1185	-6.36157
-28.9241	-6.7019
-30.9585	-3.15778
-28.0871	-4.73871
-25.3324	-5.37996
-21.2896	-7.41028
-16.8199	-10.8929
-10.2806	-13.5962
-2.42564	-16.3671
2.09878	-17.3921
4.69827	-17.861
7.6833	-12.3588
4.04046	-10.2485
2.39782	-8.8931
-0.979467	-7.13087
-0.578021	-9.43719
-1.61045	-10.4407
-3.98679	-9.35292
-5.11625	-6.48015
-5.9685	-10.0204
-5.87433	-8.01796
-6.42835	-9.5258
-1.52221	-9.7864
2.16389	3.0814
-10.4624	-10.4155
-4.91027	-11.1775
-5.94846	-15.0881
-8.33442	-8.27144
-8.94393	-9.43252
-10.1027	-14.5028
-3.98582	-4.35027
-7.82763	-15.6634
-10.6854	-10.0305
-8.23036	-2.65835
-12.6969	4.78058
-18.6172	3.1153
-28.7135	-1.89743
-31.0688	-2.45688
-29.666	-1.30438
-28.9702	-1.19523
-33.6308	-2.05816
-31.222	-3.97129
-37.0035	0.463642
-31.9452	0.106039
-34.7583	1.63855
-37.7399	2.15376
-30.9485	-2.32634
-27.994	-5.19045
-22.9962	-4.60609
-20.8412	-0.920411
-14.7701	-2.80261
-7.98197	-0.120686
-11.2394	4.63221
-9.82772	8.2122
-11.44	9.32298
-16.0675	4.46875
-11.5125	8.94569
-11.6187	9.63779
-16.1134	4.75732
-11.7241	8.61082
-13.031	11.4174
-12.9596	10.9706
-15.6066	12.8384
-12.6173	-0.0488057
-16.2766	10.0045
-14.9863	4.16345
-16.267	10.3013
-16.7329	9.98085
-14.5479	10.0507
-12.6454	5.59183
-16.4415	2.81599
-16.0655	11.1996
-7.77934	10.9593
-7.70621	-5.18521
-6.54078	-10.1994
-4.81518	-8.94929
-9.21287	-6.10011
-6.94812	-5.51351
-4.52214	-7.94962
-7.55696	-5.22435
-1.33163	-4.67107
3.42963	-11.4165
-0.309405	-5.90645
-1.03027	-6.84537
0.9635	-10.8522
0.134151	-15.0315
2.24528	-11.0256
-2.20387	-4.13538
-1.38573	-0.581829
-4.13645	-2.80919
-12.9317	-9.60908
-7.98892	-7.6658
-10.6373	-9.26029
-10.5288	-13.0038
-10.242	-12.8927
-12.4696	-7.15394
-13.4379	-11.9619
-9.26916	-12.6614
-14.3081	-10.6206
-20.3134	-9.69691
-21.0654	-10.7871
-22.5901	-7.77182
-22.82	-8.47929
-22.3128	-10.339
-21.7702	-9.65261
-19.3327	-9.70447
-18.5001	-11.1869
-19.3101	-9.49201
-19.2665	-5.26332
-18.9561	-5.48147
-19.2268	-5.53903
-18.8012	-7.72964
-16.8916	-8.19204
-16.5621	-5.54814
-16.359	-7.90618
-16.0161	-12.2624
-15.103	-11.0514
-5.41963	-17.6439
3.23983	-18.364
-3.05621	-16.7921
-8.9182	-12.5968
1.45183	-11.5287
2.60588	-12.5952
-5.62505	-11.2756
-0.773503	-6.73617
-2.222	-13.88
-0.019189	-14.1397
-11.9782	-16.4558
-16.6522	-14.0703
-26.1575	-9.39044
-30.4863	-9.20841
-32.2643	-5.32965
-34.396	-3.6537
-36.7809	-2.38216
-37.7226	-3.62083
-38.5643	-5.84553
-30.4624	-11.1237
-14.2986	-11.9619
-9.20339	5.79879
-13.4241	-6.62678
-8.45419	-4.57717
-17.9168	-4.82766
-9.73676	-9.3641
-10.6801	-8.22473
-10.2743	-2.69626
-14.0302	-13.9917
-10.3819	-18.1964
-6.47816	-24.043
-3.91253	-22.8207
-2.21979	-15.5919
0.98144	-15.848
-9.18713	-13.2385
-6.79176	-2.71899
-10.4929	-0.259473
-8.93936	-2.37978
-11.7182	-2.73908
-20.5174	-10.6794
-14.1283	-3.41613
-26.1906	-7.0016
-32.2573	-7.48466
-35.2633	-5.66325
-37.0496	-4.90657
-32.8917	-8.43229
-26.6419	-4.50092
-20.5447	1.48216
-18.0635	0.571874
-19.4247	0.8027
-19.1744	-0.0413663
-17.9854	-1.63203
-17.7615	-3.05794
-17.3143	-2.41979
-20.5539	-8.24367
-20.4459	-12.7162
-23.0584	-13.872
-20.1007	-16.3451
-21.0243	-14.8569
-19.656	-15.7432
-19.2881	-10.6748
-17.465	-4.20432
-9.01674	-1.99353
-6.85676	-3.60659
-6.69952	-8.11616
-3.90166	-8.52434
-8.95943	-7.83336
-8.42819	-4.86395
-4.29061	-3.5394
-7.95613	-1.08641
-2.16574	5.09421
-8.60097	3.12469
-6.79992	6.0212
-12.8684	6.23106
-3.15931	7.11839
-12.6867	-4.29621
-10.9983	-18.7116
-7.67136	-13.6458
-2.5541	-17.3511
-7.01793	-16.458
-12.9613	-13.9311
-20.0791	-8.5054
-18.0691	-11.3311
-16.4695	-11.5012
-12.5174	-11.995
-3.18753	-11.6344
-6.06466	1.52566
-9.54095	-0.90681
-13.0377	-3.52592
-12.5987	-2.98121
-15.3232	-2.76726
-15.9179	4.50849
-16.8826	-1.68411
-13.1829	2.18437
-19.9569	-5.16025
-17.4911	-6.14162
-18.4021	-7.05891
-24.6902	-8.86063
-29.8634	-12.7851
-31.8383	-8.39044
-31.863	-6.88598
-33.5253	-7.14595
-32.8552	-11.5639
-23.7961	-18.1635
-10.1031	-10.2519
-7.19135	-10.0199
-14.0021	-12.7755
-13.8723	-5.43257
-11.5403	-4.14191
-13.6797	-11.4108
-14.0762	-6.92118
-14.2882	-1.21112
-10.6499	-5.50239
-10.6721	-9.15135
-8.63109	-1.68953
-2.90102	-7.40688
-3.50454	-6.47407
-7.61295	-16.142
-9.25795	-12.3407
-17.9804	-4.7598
-14.6112	5.61846
-18.7234	3.16865
-8.08129	5.28127
-24.6386	-9.12651
-27.9104	-9.85396
-28.1007	-13.8588
-25.5613	-16.6874
-22.5305	-18.4533
-24.2388	-21.5134
-22.9994	-21.1635
-22.6797	-16.6518
-23.4669	-16.5166
-25.0131	-16.8233
-27.631	-17.2114
-30.5423	-13.9952
-33.1661	-12.884
-34.1724	-10.9048
-35.6273	-6.34836
-36.2287	-2.17162
-29.6049	-6.36082
-35.3164	-2.17635
-31.7999	-3.36982
-32.0563	-1.30012
-32.2064	0.210554
-33.0692	-1.12616
-30.4418	-1.36988
-28.0798	-3.3604
-23.3774	-3.0887
-21.2615	-6.97545
-18.7988	-1.07817
-20.0158	1.15416
-18.733	0.253697
-16.0149	0.0965299
-18.6141	-0.15266
-17.8463	0.642374
-18.4273	5.15654
-16.3435	3.14723
-15.6742	-1.84044
-15.9332	2.88517
-10.203	3.58774
-10.3982	-5.66282
-10.9154	-9.37265
-13.696	-9.23404
-13.3946	-1.93549
-15.7742	-10.7593
-12.5573	-5.3058
-12.1749	-6.3449
-9.17836	-7.3585
-14.4832	-12.2931
-12.1462	-16.0337
-10.2432	-14.2666
-11.4194	-6.1683
-9.01226	-4.55528
-10.3812	-6.13973
-17.1363	2.95836
-16.1084	8.7099
-16.1202	5.70964
-13.031	7.19321
-15.5717	3.28833
-11.9534	7.75454
-9.253	3.6876
-14.2642	4.51507
-15.1931	9.07819
-11.1636	8.6558
-15.9174	5.65212
-13.7522	8.81073
-10.7293	-2.39261
-14.6966	6.49305
-17.5642	4.69873
-13.8814	4.81185
-13.4581	7.37406
-15.6907	10.9331
-10.6449	7.81178
-16.2533	6.78487
-17.0625	8.28651
-13.6096	7.88083
-15.6535	9.4818
-9.77216	3.64152
-7.49932	-4.93954
-7.53248	-12.7211
-8.78613	-7.61484
-4.93013	-10.4737
-13.9888	-12.6237
-20.2311	-9.42059
-21.1731	-13.2722
-22.5575	-15.8204
-21.9827	-18.1832
-22.2588	-18.3265
-18.8546	-20.7465
-16.7367	-19.4734
-10.8982	-15.8801
-8.45534	-8.91604
-4.01474	-1.29306
-9.38681	-3.97457
-3.21731	-1.90916
-7.22076	-3.90448
-8.20479	-6.28179
-8.16809	-8.53834
-7.64586	-4.01237
-8.7011	-3.92762
-12.6668	-7.80491
-21.5314	-13.3087
-26.0902	-14.0825
-29.1772	-12.8908
-31.4753	-9.60431
-31.1798	-4.80381
-32.8579	-2.87461
-34.5952	-1.80544
-31.4606	-4.06409
-31.7675	-0.929053
-27.0815	-4.76699
-22.2919	-6.39509
-17.1042	-12.3001
-15.1792	-8.00361
-16.671	-13.4472
-13.4075	-14.0389
-14.801	-14.1144
-10.6138	-17.9073
-0.416252	-19.3037
0.834572	-23.5729
4.55708	-19.8882
-3.66666	-19.971
-12.0797	-17.1366
-15.5	-18.7842
-17.6115	-16.3897
-19.7919	-18.8377
-20.7712	-17.1579
-21.6164	-17.0293
-20.6426	-18.1468
-20.2721	-16.1443
-16.4139	-17.6425
-11.6366	-15.0587
-6.88799	-7.93987
-7.90467	-8.9529
-12.0193	-8.89465
-16.7481	-15.8001
-11.0991	-15.9631
-6.99533	-3.31856
-7.05069	-7.45508
-2.28574	-7.10722
-5.47451	-14.2464
-8.35628	-9.61328
-12.725	-3.26835
-10.7947	2.46875
-13.1217	5.04047
-16.2905	-5.64834
-9.68594	-3.81272
-17.8325	-13.4513
-22.7339	-3.77816
-15.7703	-8.58649
-15.1944	-11.5451
-16.7484	-9.60712
-21.53	-8.27035
-22.2877	-12.7757
-20.6778	-16.2315
-19.9781	-18.4686
-17.3186	-20.1775
-15.9966	-20.3868
-14.2286	-19.7094
-11.5715	-19.6405
-8.30509	-19.453
-7.67808	-16.213
-5.41297	-15.3721
-5.17626	-16.4456
-1.26021	-19.9283
-5.82304	-13.4813
-7.17223	-10.821
-4.66249	-9.2869
-12.0799	-6.95075
-13.9579	-11.6854
-22.9851	-7.13231
-25.4785	-11.8453
-27.9902	-12.5647
-30.6969	-12.1317
-33.2681	-10.5298
-36.1902	-7.39032
-38.576	-5.66846
-34.878	-10.959
-38.1003	-10.2442
-30.592	-19.6749
-26.9587	-25.1271
-23.9418	-21.6867
-24.6158	-21.7315
-23.2255	-19.9285
-21.7041	-25.6624
-20.7546	-22.5949
-22.9713	-26.8913
-27.8882	-23.7596
-32.1801	-16.5265
-34.2877	-10.0139
-33.5686	-4.50178
-33.7039	1.98544
-29.9167	1.90696
-24.2818	-1.6971
-24.2611	-1.58822
-16.0712	-2.87821
-16.396	-6.40801
-18.5041	-7.74585
-16.0166	-8.77892
-13.3191	-8.86628
-15.595	-7.90872
-16.6197	-6.6827
-18.1711	-7.28647
-20.0671	-4.47727
-23.4292	-0.929313
-26.1134	2.12026
-21.7746	-3.16112
-24.6696	-2.6168
-23.3068	-1.56714
-26.9811	1.50922
-27.4834	8.05794
-22.7103	9.92705
-22.8183	5.08317
-21.7128	11.0616
-22.3648	5.62115
-21.7768	10.4738
-20.6814	2.01005
-12.9602	0.984247
-15.7446	3.77688
-17.1257	1.18698
-16.1854	12.2056
-15.3711	8.96166
-15.0641	7.32767
-17.9465	8.7165
-13.2581	7.27025
-12.0151	5.08938
-14.4022	14.7773
-14.0559	3.3664
-18.856	8.52867
-15.6547	14.2417
-16.4168	12.8385
-10.1837	13.221
-14.0459	10.6988
-11.0947	7.66408
-15.8694	10.0883
-13.8031	12.2592
-13.2485	9.98048
-14.1872	17.9334
-9.40798	15.0166
-12.0059	14.7539
-12.7014	14.6489
-9.67676	12.8022
-12.0482	13.4903
-9.03891	7.54404
-10.9264	0.679879
-16.1212	-13.1628
-12.9567	-5.13671
-10.7498	4.33111
-19.7583	-11.0153
-20.5089	-13.8073
-20.3194	-18.0404
-24.0821	-16.943
-25.1622	-17.9884
-25.5002	-15.8161
-24.3763	-17.9447
-24.7151	-15.6324
-24.0591	-14.7152
-21.5697	-13.3287
-14.5939	-2.93796
-12.7669	-4.10148
-12.5102	-4.21819
-12.7814	-5.91469
-12.474	-8.95281
-13.2607	-8.86045
-12.8402	-6.56959
-11.3822	-7.96169
-11.2485	-10.0769
-24.0995	-11.81
-24.2128	-11.5863
-20.1353	-13.5864
-13.2003	-13.1116
-20.4582	-10.966
-27.1504	-10.5641
-28.5314	-10.418
-29.1051	-9.09121
-32.5208	-7.6553
-33.2624	-6.02661
-36.3162	-6.19423
-34.2395	-7.19499
-34.6433	-9.04598
-33.0442	-11.2806
-31.9406	-13.1026
-27.0345	-12.5426
-18.1806	-1.19718
-15.8217	-7.9508
-20.1922	-2.32062
-20.0539	-4.89755
-18.9843	-6.64139
-21.2808	-0.904163
-23.7317	2.63268
-22.2671	-0.724655
-20.523	-1.06861
-23.174	-3.59122
-19.4317	-7.1294
-25.1117	-13.2615
-30.4686	-9.5404
-23.6681	-3.53757
-17.7866	-11.3795
-27.2459	-9.42136
-27.2551	-10.4227
-32.2272	-9.79546
-33.5643	-6.01011
-36.0884	-5.54013
-34.1381	-2.46598
-32.3418	-1.79411
-40.5564	-0.269079
-31.7892	-3.59322
-38.4022	-4.52657
-35.8965	-12.0471
-30.4345	-8.62617
-28.0905	-14.196
-23.4613	-6.3235
-17.8566	-1.23288
-21.9704	-1.24689
-21.3738	0.59803
-22.9632	-3.36964
-17.2655	1.6989
-20.2255	2.86526
-19.6212	-9.73034
-18.1419	-11.6752
-18.2152	-19.3078
-5.03157	-2.27878
-7.95002	-5.34863
-0.808504	-2.63256
1.69228	-17.5358
0.950639	-17.3659
-5.39266	-14.6014
-6.69675	-12.9841
-8.82785	-10.4936
-10.3591	-7.51087
-9.31781	-8.43479
-8.82785	-8.45266
-10.3678	-7.73865
-11.4522	-6.93093
-14.7757	-6.47317
-19.6077	-5.60947
-24.8863	-4.93729
-25.9727	-7.24781
-26.9151	-8.87219
-24.1665	-10.6221
-21.9657	-10.5087
-15.2975	-12.1937
-13.6947	-5.57652
-6.97947	-3.15978
-10.2007	-0.300327
-10.9907	-5.16019
-15.1286	-7.48985
-12.6116	-4.16411
-11.9217	-7.11378
-6.76231	-6.84309
-9.28165	-2.2896
-12.5695	-11.1841
-13.2678	-5.63022
-17.8353	1.83326
-12.1827	4.46973
-19.4004	-6.7796
-23.5865	-10.7856
-23.5898	-12.3439
-24.2111	-9.46195
-24.3799	-7.44009
-24.7793	-8.24247
-21.2077	-7.89439
-11.0623	-17.7873
-8.53736	-15.953
-13.4862	-15.8213
-20.3887	-14.909
-15.4445	-10.157
-12.1332	-0.497917
-16.5023	-0.773373
-16.498	-2.70478
-14.3804	2.65139
-15.1436	4.27503
-12.3501	4.46344
-14.3623	6.3817
-22.746	-2.17455
-23.5367	-2.00494
-20.4832	4.29661
-24.4465	-2.76588
-17.1355	4.75662
-22.3725	-8.14158
-27.4661	-8.55775
-32.0101	-6.29981
-34.948	-1.19632
-33.4608	-1.9904
-34.9856	-0.786412
-33.944	-1.62026
-34.4644	-0.644461
-33.7668	-0.183449
-33.8436	0.808305
-29.5354	-5.06025
-15.8288	-12.2078
-4.48986	-10.7206
-1.43118	-14.4546
-3.23014	-10.9887
-9.947	-7.39133
-9.31713	-10.4807
-4.98288	-14.9411
-3.09588	-17.3241
-1.60272	-20.3047
-0.0950066	-19.9766
2.67363	-24.789
1.44325	-23.1475
1.56221	-17.1623
2.21266	-15.4026
0.91304	-15.6618
-4.70103	2.15257
-9.40001	0.0601234
-10.633	7.19137
-14.503	4.47377
-11.5367	7.47214
-12.8151	6.20523
-13.1404	9.96017
-9.26493	2.64441
-14.4433	8.16626
-13.8595	5.59614
-14.7485	8.84405
-10.8392	11.7919
-14.7898	7.73089
-22.6119	-5.86477
-21.2192	-5.48167
-22.8525	-11.3658
-17.5858	-11.0571
-11.6851	-3.59905
-17.6673	-1.81944
-14.0788	-2.81627
-10.2946	8.29506
-15.5228	4.83698
-12.6089	5.21714
-16.1017	5.28187
-14.2805	13.8636
-12.063	8.68023
-13.9286	10.0199
-10.9905	10.6013
-11.9963	12.22
-13.8065	10.5318
-11.5897	12.4573
-11.5363	-2.37485
-11.0612	7.66624
-15.0511	13.2055
-12.74	6.56985
-13.7409	8.3184
-14.7923	7.7106
-10.0545	13.3635
-12.6971	12.1773
-11.5885	7.18339
-13.9018	-6.05079
-15.7891	-9.92486
-18.4388	3.47103
-17.6325	12.6413
-19.2059	9.98857
-28.9387	-2.51586
-31.9985	0.577384
-25.8154	-3.7636
-21.1088	-5.04317
-18.1899	-2.115
-13.3332	0.939557
-11.7612	-3.68378
-7.87032	3.16801
-12.5497	-1.16936
-17.4305	3.17792
-17.3731	4.66547
-23.8421	-0.414062
-22.2338	-5.42185
-5.57032	-9.86205
-11.2831	-13.0452
-12.8995	-20.8715
-14.4878	-20.1943
-15.6277	-20.516
-15.2775	-16.6556
-13.7236	-9.26851
-12.2654	-6.99489
-9.99446	-10.4343
-9.14097	-4.04071
-7.05282	-6.65178
-9.92618	-4.82173
-18.4608	-8.4501
-20.7624	-3.10448
-14.7909	-12.6576
-22.2232	-12.7993
-20.3434	-14.3209
-20.3914	-14.2637
-20.3141	-14.4944
-18.3484	-13.9829
-16.3082	-13.6835
-14.0954	-13.9657
-8.07409	-20.3176
-4.41066	-17.2227
1.47162	-14.1978
3.55768	-6.61598
-1.52324	-6.91672
-22.0441	-1.62025
-5.38577	-5.73205
-1.52362	-4.23906
-2.57583	-7.81338
-9.13941	-13.4087
-11.2988	-12.8823
-12.0024	-13.0622
-11.2382	-14.7701
-6.84142	-25.934
-12.1948	-19.6078
-13.6005	-16.0311
-15.1908	-14.2806
-14.7513	-10.229
-12.0763	-9.89956
-11.9053	-11.9089
-13.9892	-10.4073
-13.0762	-9.59259
-12.931	-8.20249
-11.5387	-10.1431
-5.04014	-11.6956
-5.81151	-10.4849
1.53421	-4.22424
-5.48552	-2.11225
-1.06571	-2.1277
-6.18599	-7.79405
-2.62365	-6.57618
-0.395535	-4.69465
-10.984	-12.5147
-11.339	-12.2996
-3.11184	-2.99533
-3.02849	0.362501
-2.23065	-11.206
-2.85033	-15.3782
-3.36219	-18.444
-3.37544	-18.8025
-3.54339	-17.9582
-3.59123	-17.4761
-2.27124	-19.3244
-3.21291	-17.7037
-4.22704	-16.4279
-4.53691	-16.3691
-7.40105	-14.3508
-10.3884	-14.3178
-13.9376	-14.0531
-15.4109	-14.1706
-15.4296	-13.7526
-16.7948	-12.834
-19.2479	-13.1441
-19.1049	-9.82623
-20.4357	-9.55484
-20.309	-7.66386
-20.3337	-5.24804
-14.9603	-4.0278
-16.5652	-2.43387
-15.5409	-3.69384
-14.2419	-4.79916
-16.3317	-3.17452
-15.4067	-2.56409
-16.2706	-1.22214
-16.7061	-1.6829
-18.6267	0.383117
-17.2404	-0.2538
-18.5255	-0.167537
-20.096	0.0768962
-20.9813	-6.48573
-22.2423	-8.85608
-22.0303	-7.43183
-21.2492	-8.68535
-20.9527	-9.69455
-19.5173	-11.9362
-15.0513	-14.1247
-9.79693	-15.9679
-6.57883	-14.2064
-2.52629	-13.0751
-2.84524	-9.40068
5.12912	-3.13257
0.351675	-3.45465
-2.61535	-9.42068
-6.7931	-4.72871
-10.5754	-5.98604
-10.8441	-6.84752
-10.053	-8.74459
-12.3954	-6.86443
-13.5809	-7.53824
-14.9606	-6.66647
-5.92976	-19.1117
-0.0328887	-16.9257
-13.7061	-11.7389
-19.6979	-9.09707
-23.4245	-11.9818
-24.1335	-16.3255
-27.1981	-18.3036
-26.6942	-19.6714
-28.4993	-19.6355
-27.1508	-19.1911
-27.8336	-19.0266
-29.1535	-18.6302
-28.7324	-18.1236
-26.7259	-15.9959
-24.7593	-13.0269
-26.4682	-11.8016
-26.5814	-11.7472
-28.1812	-11.9428
-28.4077	-12.7347
-28.31	-13.6426
-29.1437	-13.2472
-30.3652	-12.5804
-31.6184	-11.5881
-29.9991	-11.4213
-31.186	-9.4423
-29.053	-9.5447
-25.0258	-10.5246
-19.1294	-10.4971
-8.07244	-11.9922
-8.07835	-9.9151
-5.28037	-13.1584
-3.94251	-13.4578
-3.57069	-3.0766
-6.22663	-8.02464
-10.334	-5.3307
-6.17231	-4.86852
-12.0835	-1.42566
-8.22221	-0.0487657
-12.2283	-5.56981
-22.3033	-9.68977
-23.8392	-7.24831
-23.8133	-5.35305
-21.8144	-8.66407
-21.2365	-7.52622
-17.8511	-8.74641
-16.2818	-6.84925
-12.5784	-6.99247
-11.8249	-7.95347
-9.25744	1.39844
-6.69022	-2.5887
-4.54609	5.01426
-8.41484	5.81264
-9.18998	5.05339
-15.967	6.74768
-23.3826	-4.65938
-21.0368	-9.39995
-20.2444	-4.9457
-5.14869	-16.5428
-9.18443	-18.5936
-9.66582	-20.2309
-13.4351	-16.3627
-13.7797	-9.0301
-13.9657	-8.14304
-16.0773	-6.55884
-15.0228	-5.54543
-13.4317	-6.91026
-14.0734	-6.28052
-12.5595	-9.4383
-9.69793	-11.1552
-4.14466	-3.85658
1.77203	-9.39383
-2.23727	-5.56679
-9.26196	-5.10518
-8.67778	-6.08496
-8.93266	-8.49432
-5.94688	1.50527
-6.43783	4.03087
-9.48986	2.93264
-13.3074	2.80836
-12.2871	1.56388
-14.9372	3.61689
-19.2319	-13.2139
-16.106	-17.1858
-22.6459	-11.4713
-10.1386	-10.2729
1.69505	-9.75062
4.95105	-18.3913
3.51583	-17.9832
-14.4991	-10.6569
-18.902	-15.3887
-18.8263	-14.1703
-15.6492	-15.8781
-11.3777	-11.8543
-2.74787	-8.62737
-0.66036	-9.11519
-10.1968	-16.0604
-12.345	-8.77169
-7.87112	-16.3919
-12.1272	-14.9035
-10.5668	-7.90928
-17.373	-11.4785
-21.0797	-11.2511
-24.5548	-7.04306
-26.9298	-3.89044
-22.147	-2.77899
-18.4627	6.44674
-25.784	-2.12205
-32.6786	-1.73982
-24.6762	0.474079
-33.3562	0.914526
-30.0827	-1.21813
-34.0764	1.63405
-20.3928	6.92307
-12.0552	-1.16322
-23.3975	2.14539
-31.5741	-0.632847
-17.1272	6.56563
-13.3458	-1.69205
-14.2407	1.16852
-12.7959	1.51434
-11.4405	-4.75879
-11.276	-4.11112
-11.034	-5.94337
-10.979	-5.65214
-10.1318	-9.60742
-10.0231	-7.05361
-6.28567	-10.1842
-11.4136	-2.96495
-7.71117	2.70028
3.41542	7.64061
-4.45305	13.6482
-15.6479	-17.2002
-6.57648	-11.7383
-0.311463	-4.04435
-4.69274	-4.30902
-4.10113	-16.2448
-7.75686	-7.53614
-6.03102	-11.8949
-7.01655	-11.4438
-5.93933	-13.5295
-0.757903	-7.5967
-0.891059	-8.12986
-6.07751	-3.18515
-11.9738	2.33615
-11.1322	1.04854
-16.6264	6.27874
-14.9069	9.99858
-15.5193	8.38033
-11.9953	11.7904
-13.4627	11.6915
-11.117	12.6927
-12.8615	4.1416
-12.857	7.33375
-10.7896	7.67772
-7.09552	11.3973
-12.2597	16.4313
-8.97469	6.92136
-13.1637	5.50089
-17.1885	1.44233
-16.0071	1.77171
-11.7241	12.5831
-15.3826	3.03698
-14.1703	5.69863
-13.1421	12.3153
-9.60158	7.32007
-13.3746	8.18116
-11.6444	5.0858
-9.7789	0.191473
-4.91141	-12.206
-7.85076	-5.95534
2.50638	-17.5516
6.62105	-22.9619
7.85138	-24.9064
8.94247	-24.0501
5.15751	-22.2818
4.84682	-23.7252
-0.124029	-24.6193
-3.13822	-24.9418
-9.44399	-21.5609
-18.2513	-13.739
-22.8463	-9.1839
-26.3607	-5.61561
-29.0969	-6.32133
-31.024	-6.35178
-26.3321	-6.93973
-16.1933	-4.15438
-17.6157	-6.32205
-17.7308	-5.19853
-18.0503	-3.68967
-19.3408	-7.05439
-20.7365	-15.0167
-33.9924	-6.16119
-32.506	-13.2343
-32.5578	-15.5207
-30.144	-16.2298
-29.5397	-17.9304
-28.6495	-19.7824
-25.9108	-17.1034
-16.9111	-7.34754
-11.9004	-11.0475
-11.7955	-6.36702
-17.5576	-5.41906
-13.5985	-5.01628
-18.8177	-4.36446
-9.91853	-7.58257
-21.1682	-7.31979
-26.7406	-14.3797
-11.3185	-2.942
-20.7314	-13.516
-21.8202	-19.2977
-20.3894	-21.1688
-20.6531	-21.4618
-18.9651	-20.6208
-15.921	-18.0465
-11.4298	-9.34655
-12.7507	-10.1695
-13.6104	-6.05414
-17.8831	-12.1022
-9.24701	-8.30892
-11.3841	-8.48173
-23.7101	-10.4973
-24.204	-7.09429
-19.2038	-12.7118
-28.8094	-11.9744
-31.3538	-9.24226
-30.3851	-11.7259
-30.8981	-12.1428
-29.6378	-10.1244
-27.6601	-10.129
-25.49	-7.97117
-25.5911	-10.2622
-28.1829	-9.06279
-28.4572	-6.51527
-26.7684	-7.02992
-23.5616	-2.38786
-19.0564	-1.41434
-19.662	0.17127
-19.5838	-0.436048
-18.5149	-1.10761
-17.2048	-2.23489
-17.3082	-0.494256
-18.364	1.836
-17.1683	-1.52533
-18.1897	-0.757218
-17.1476	-2.24095
-16.1966	-3.6914
-15.9193	-4.40389
-14.6492	-4.77549
-17.609	-5.01309
-24.1068	-20.9961
-26.8516	-23.5914
-27.3458	-24.0927
-25.6851	-23.6025
-26.0702	-23.8719
-26.4988	-24.5585
-26.7923	-26.2201
-27.5783	-27.0755
-26.1646	-26.4598
-22.9506	-24.8404
-18.3846	-19.5822
-15.3976	-14.6988
-15.5305	-10.0417
-11.6704	-9.47389
-14.2704	-2.52672
-13.952	-3.30355
-10.1073	-1.61935
-7.50071	-1.09152
-15.4414	-3.26735
-18.1824	-3.26327
-22.4567	-4.59316
-25.6572	-4.22725
-24.4936	-10.1617
-22.7527	-12.6306
-21.7581	-14.7807
-23.8175	-15.5062
-26.5711	-19.3626
-27.2831	-17.6712
-30.2136	-14.8949
-30.444	-14.6471
-31.9978	-16.4641
-33.7434	-13.2165
-29.7675	-16.578
-30.3409	-15.9888
-30.8149	-15.9841
-29.678	-14.5507
-30.7438	-14.0053
-31.6298	-11.5264
-32.8131	-12.2671
-31.2056	-14.8713
-30.0261	-11.7667
-26.7305	-13.8405
-25.6685	-13.4188
-26.9054	-10.0003
-24.3513	-8.44269
-26.7842	-4.13959
-27.6708	-2.11755
-29.5126	-1.24847
-28.4935	-1.51635
-30.5275	-0.993774
-32.8249	2.90154
-33.3856	4.32996
-29.35	4.06409
-21.9623	1.60694
-14.3334	-0.974695
-15.1993	-4.33964
-15.7931	-3.35846
-11.1966	-5.43424
-9.10602	-6.10718
-9.62154	-8.37646
-7.12716	-6.79127
-5.45585	0.853165
0.148351	1.42855
-0.31567	1.06208
-5.65358	-2.39192
-10.1328	-1.20402
-9.41467	-7.22706
-8.36877	-12.8836
-9.61806	-9.78428
-7.12945	-8.79099
-7.75512	-7.31308
-5.03325	-3.74193
-9.57694	-1.98177
-2.28887	-0.514002
-7.42702	-22.6456
-12.1248	-13.0116
-8.21246	-15.0647
-12.326	-14.9068
-15.6314	-14.1621
-19.1731	-9.59393
-21.4466	-16.3333
-23.9395	-6.52893
-18.456	-17.5679
-11.5563	-11.9551
-6.94113	-1.26057
-10.997	-0.247348
-11.4045	-10.9499
-11.6411	-12.0021
-10.0031	-8.3485
-13.8936	-4.2214
-11.5794	3.27403
-10.7406	10.6246
-17.8991	0.188205
-15.8794	2.95447
-14.6057	-1.32396
-15.8476	0.86594
-13.714	-2.43089
-23.0351	-10.024
-14.6336	-4.4505
-9.66669	3.2796
-21.5631	-4.43601
-26.3725	-15.0739
-28.5736	-9.05377
-28.5341	-8.33192
-32.4167	-3.31306
-34.075	0.0585709
-36.4679	1.14059
-34.4374	-0.446388
-33.1333	-3.67589
-27.3539	-9.65101
-24.015	-3.96654
-20.3709	-7.27241
-17.4718	-3.53428
-12.3442	3.98389
-9.64699	1.41468
-15.0121	-11.7916
-12.8479	-7.02298
-11.7149	-7.64908
-11.472	-7.37148
-11.8251	-8.59444
-10.7961	-12.6466
-11.6914	-10.962
-9.52726	-8.91335
-5.14559	-4.84534
-2.95065	-7.11193
-5.77507	-12.6714
-3.0434	-16.8093
-5.3372	-15.9117
-1.41664	-13.7453
-0.603699	-3.11432
-10.9105	0.955633
-13.9439	-1.26576
-13.1929	1.52359
-14.5565	7.67996
-15.6406	4.99492
-14.8066	6.7128
-13.7174	3.82633
-13.683	7.36997
-35.5798	-10.1518
-33.0638	-6.65401
-22.0097	0.338135
-33.9769	-17.4353
-18.3388	-4.0128
-17.2653	1.36637
-14.2122	-7.69583
-22.4265	-18.9934
-22.554	-17.7325
-21.2002	-18.2734
-16.9389	-18.056
-16.3813	-14.1843
-15.395	-11.5457
-13.394	-13.0084
-12.9849	-14.0598
-9.06868	-14.0047
-10.0152	-10.4008
-7.42934	-1.12568
-12.9037	8.54374
-13.3201	9.33517
-20.7192	-23.4878
-24.3481	-13.6534
-12.8985	-5.09251
-13.5294	-1.86599
-8.85702	1.6569
-8.83361	4.18304
-6.75833	7.35745
-8.47813	-3.63773
-20.9999	-9.92505
-23.5184	-12.6138
-25.8583	-9.52907
-29.955	-9.39205
-30.0104	-12.3427
-30.1572	-12.7898
-32.3553	-13.3865
-30.443	-18.1571
-27.4728	-19.6087
-26.2643	-20.6706
-22.0844	-24.0799
-23.6978	-19.7295
-21.7093	-20.2826
-18.9362	-14.4217
-21.079	-16.0629
-13.1904	-17.9634
-9.98368	-13.33
-10.4255	-3.95574
-12.4485	4.55066
-11.1402	1.58568
-9.23889	-5.02105
-7.67016	-3.3114
-10.9356	3.09933
-7.55291	-2.79741
-14.8479	-0.923021
-15.2318	-2.6723
-17.6779	3.4267
-15.5533	3.97011
-16.4936	2.86282
-11.1487	11.1869
-15.8901	4.69523
-14.248	4.90353
-14.8151	11.1772
-18.7332	10.407
-18.4422	10.1617
-13.8183	8.30134
-11.4149	5.21127
-14.1884	7.83684
-9.44712	8.72219
-13.8185	7.54958
-17.9381	10.1041
-13.7142	7.77796
-21.881	-0.830201
-33.7563	-5.24213
-22.9821	6.28586
-26.5431	-5.72492
-25.7197	-4.3098
-30.8637	-4.23214
-29.6127	-5.95107
-35.609	-5.96917
-40.4326	1.82334
-39.0948	-3.19503
-37.175	-6.23815
-38.4622	-8.7746
-35.6977	-10.1073
-34.2043	-12.0479
-35.264	-12.3922
-35.7743	-11.1383
-37.8061	-9.88136
-37.4704	-10.0642
-36.4636	-7.98239
-34.8605	-8.87135
-33.4537	-7.03855
-34.1876	-5.28201
-31.8709	-2.62723
-31.8716	-2.85685
-31.7154	-3.1633
-32.2471	-2.80653
-25.8055	1.45417
-15.9817	-11.6381
-16.5389	-8.81372
-14.4664	-12.7238
-12.5038	-7.56706
-17.6801	-5.18331
-9.51355	-11.244
-17.7865	-9.99867
-13.6077	-20.7445
-9.90157	-21.1342
-4.86748	-14.2014
-10.2988	-9.17942
-10.6664	-9.90373
-8.67104	-16.244
-11.3801	-21.9273
-16.5985	-15.5968
-13.4991	-14.5022
-14.0098	-14.9214
-9.396	-15.1397
-9.73464	-15.2119
-10.3607	-17.5458
-7.62856	-17.3635
-5.57953	-17.1514
-3.88362	-16.2269
-7.86333	-17.1995
-5.75812	-13.4207
-5.67703	-15.6848
-5.45906	-11.7415
-8.24408	-7.81695
-3.0172	-8.21819
-6.37255	-8.12783
-10.3366	-4.3808
-12.2079	-8.17564
-19.7344	-6.59195
-21.4049	-9.868
-23.9873	-9.85922
-23.8582	-9.67477
-21.5961	-11.487
-20.2741	-13.5608
-19.1463	-12.792
-16.3096	-14.9426
-12.4684	-15.424
-12.2033	-15.6098
-12.1667	-15.0031
-8.6813	-16.8623
-5.99995	-17.715
-4.82816	-19.4363
-6.40733	-21.0408
-7.90686	-20.4642
-8.72559	-20.1011
-11.4163	-16.707
-20.7878	-12.4407
-20.626	-14.7399
-26.6953	-11.7304
-31.2497	-15.4379
-31.9513	-14.424
-33.0074	-16.8411
-35.719	-20.659
-33.9808	-20.4389
-32.1627	-24.6738
-32.142	-28.1214
-34.5363	-22.8403
-28.2616	-27.8058
-24.9502	-31.1658
-22.6023	-31.3526
-20.3617	-26.5042
-20.4836	-13.8177
-14.3331	-10.4743
-13.5498	2.80342
-14.5917	1.62932
-5.51332	6.44922
-8.26616	-1.06223
-12.745	-4.32934
-11.8631	-9.60662
-7.87066	-8.84293
-13.2788	-12.7958
-6.63667	-12.1329
-14.208	-10.1904
-12.2209	-6.35898
-16.6976	-2.0358
-18.198	1.82476
-26.8535	-3.77986
-28.9924	-4.56849
-32.7464	-1.09907
-32.0683	-1.93709
-32.1518	-2.2859
-30.4849	-1.44884
-28.1579	-2.45956
-25.0237	-2.46071
-21.9396	-7.53575
-18.6344	-9.0652
-16.5091	-11.8273
-15.8779	-11.2172
-12.4183	-9.11942
-6.91099	-9.91693
-11.2141	2.06331
-13.7986	-0.974035
-15.912	-4.00068
-16.6746	-1.47818
-20.9279	-9.35852
-27.609	-23.8461
-24.6815	-8.78303
-26.9027	-2.28405
-30.63	-5.16149
-22.0885	3.9662
-18.1574	-12.7094
-21.693	-17.2607
-19.1425	-17.7492
-22.7657	-8.68411
-22.6327	-5.8838
-21.124	-6.35789
-19.5748	-7.27327
-21.0942	-4.37235
-19.1415	-6.01979
-16.7451	-7.65393
-15.3467	-9.06145
-20.7561	-10.0052
-26.0942	-5.50691
-26.9735	-7.58214
-26.1917	-6.28127
-24.4635	-7.10629
-22.6835	-3.98294
-18.9539	-8.95146
-17.8558	-9.0283
-19.9558	-4.09239
-13.5163	-8.92184
-11.4007	-3.16963
-13.5905	0.0720227
-10.3654	-1.33616
-8.84277	6.18475
-11.0161	-0.237731
-6.8484	2.72005
-10.8735	3.47138
-12.047	0.307961
-16.4479	7.22856
-18.8787	-1.27764
-15.8446	5.57948
-19.5863	4.10729
-14.0537	6.50074
-12.5422	9.13558
-12.354	5.01535
-12.3833	7.91626
-16.324	8.77883
-6.69887	9.86656
-12.8809	7.2061
-11.5414	6.80873
-10.6643	7.68571
-15.2055	5.08226
-12.8156	3.41881
-13.3839	12.3517
-12.1996	11.0652
-11.8751	6.12577
-14.7427	6.00881
-15.0696	9.02123
-8.45405	12.1729
-9.15962	10.5621
-12.1752	-13.3254
-14.9293	-6.83871
-14.1886	-12.2951
-14.8569	-9.72237
-17.4292	-3.67885
-13.5736	-5.74256
-25.4673	-5.98674
-31.4853	-8.12163
-31.5522	-12.1411
-32.1758	-11.6388
-30.6104	-12.8517
-30.6374	-12.9351
-25.7667	-10.4621
-19.8135	-8.02101
-15.9939	-8.88981
-15.673	-5.90188
-13.0492	-7.67941
-12.1985	-10.6069
-9.59533	-12.3765
-8.67537	-16.4857
-7.30046	-16.7232
-9.03493	-13.6434
-11.5519	-10.2589
-12.3573	-10.5707
-9.51244	-7.14014
-9.17421	-5.64845
-2.6111	3.38569
-5.56014	8.3266
-7.05495	8.57801
-14.6695	5.78157
-17.8479	8.23024
-17.8292	3.80625
-21.0501	-6.71032
-20.631	-12.5836
-22.651	-12.0181
-21.158	-12.5169
-19.9875	-13.618
-17.7376	-14.1525
-13.3836	-10.7359
-7.78483	-11.8796
-3.57724	-3.97228
-2.66367	2.96098
-6.14904	-7.74793
-14.6549	-10.9873
-9.68546	-14.2522
-10.6818	-13.6422
-3.96404	-13.1411
-4.78055	-11.8501
-5.63317	-8.87856
-9.53129	-13.621
-7.52819	-10.2609
-2.52903	-12.4956
-3.6189	-6.23974
-4.90768	0.0811548
-11.4171	-11.859
-14.1254	-13.2108
-17.9109	-14.2784
-19.8586	-15.6416
-21.3707	-17.095
-23.9229	-17.5727
-26.6097	-16.9426
-28.6592	-15.4542
-29.4586	-15.22
-31.4074	-15.125
-30.8379	-12.766
-32.0145	-14.2519
-32.9631	-14.1122
-32.1632	-12.0069
-31.3643	-13.2413
-32.7046	-11.3607
-32.5755	-12.6994
-33.996	-14.7692
-35.5531	-14.551
-35.6634	-15.2676
-36.1917	-16.628
-35.3145	-15.0892
-36.5442	-15.2624
-36.0047	-14.0971
-36.0452	-14.9729
-35.5126	-15.2353
-27.0005	-16.0057
-18.7659	-13.861
-21.1783	-12.2107
-20.8656	-11.8662
-18.1807	-9.03716
-7.7236	-7.29214
-11.6616	-10.4387
-2.30972	-11.0207
-5.21932	-5.34234
-7.55508	-11.1253
-5.21147	-13.2695
-9.11171	-13.8163
-4.84609	-8.88328
-10.7704	-5.13502
-17.8938	-3.85736
-15.5911	-1.72959
-13.0861	-6.57131
-15.9076	-2.9742
-16.2521	-4.82119
-10.4639	-5.94835
-18.3734	-13.2405
-22.1608	-11.1236
-25.4494	-9.43204
-24.8994	-9.58148
-24.2888	-7.24336
-12.9789	-2.57578
-14.7247	-1.71884
-13.7477	-3.95472
-12.6265	-3.49097
-12.2281	-5.46084
-11.5301	-6.19797
-10.8391	-6.498
-9.36895	-7.71722
-11.2967	-6.68444
-11.8313	-6.91448
-9.56018	-10.9973
-7.84231	-14.7061
-9.0106	-11.1222
-10.6652	-6.77045
-10.5421	-8.7351
-16.0596	-8.96407
-19.6546	-12.6575
-20.7327	-13.9728
-19.2815	-15.9792
-21.6186	-14.6637
-21.4588	-12.7753
-21.484	-12.0032
-21.6229	-8.56659
-15.677	-10.0675
-10.2799	-8.90395
-4.66331	-8.91642
-8.43713	-1.64706
-7.51218	-0.955862
-14.167	-8.33395
-9.07239	-12.3129
-13.4636	-9.71159
-7.01874	-17.7732
-9.21764	-17.232
-3.04767	-10.5322
-5.02857	-3.33448
-6.39025	-9.33862
-6.37629	-0.204812
-12.312	-8.92408
-22.5704	-10.2179
-26.293	-13.1566
-27.6346	-15.4604
-30.0907	-11.0116
-31.8726	-9.63185
-29.6971	-11.6706
-26.5184	-11.3925
-18.8293	-3.00358
-12.7389	-6.5612
-9.15106	-1.81332
-16.1863	-3.71823
-14.992	-2.52849
-22.6941	-3.92696
-25.8958	-11.0251
-15.824	-4.94597
-16.1638	-5.25763
-21.6687	-9.73035
-26.8166	-5.08438
-25.9486	-4.20713
-23.5933	-5.96203
-21.7097	-3.96545
-14.0626	-10.12
-15.0397	-7.03873
-16.2707	-4.44644
-15.5789	-6.25351
-17.5383	-4.18956
-17.5233	-5.74065
-15.7587	-9.46138
-11.819	-15.0357
-8.29644	-20.8267
-5.59794	-22.9952
-3.21304	-25.5624
-3.20122	-26.6485
-5.93624	-24.0762
-9.38792	-17.8383
-13.4479	-12.6314
-17.3254	-10.0995
-18.1913	-6.71759
-20.5727	-5.66171
-20.913	-7.01112
-22.1817	-5.05806
-17.3866	4.18488
-13.7322	-2.50337
-12.5936	-3.04694
-13.2687	-1.43518
-14.3793	1.16776
-13.9174	0.133982
-22.3206	2.59948
-29.8748	-0.812961
-32.3258	-2.9217
-33.3667	-2.20367
-33.2054	-3.24029
-33.8599	-2.23504
-32.7853	-1.74676
-32.6971	-3.41644
-30.4884	-2.47482
-21.1986	1.96732
-19.4169	2.91553
-19.2311	-0.841495
-17.4451	-2.72873
-13.5646	-7.75362
-9.0782	-6.48768
-7.50403	-5.86672
-10.9105	2.19778
-12.9247	4.25708
-15.399	-0.280777
-15.3864	2.88287
-11.8034	-0.92233
-8.9732	14.7157
-10.6781	1.51329
-5.83566	3.02579
-13.7419	2.33497
-8.95507	-9.72716
-15.2353	-10.3187
-13.873	-16.3878
-11.7396	-19.5986
-11.0255	-19.7166
-12.37	-19.2
-12.4292	-17.9107
-13.6749	-14.4646
-9.47332	-14.4688
-11.7554	-10.6007
-7.04234	-7.4932
-12.1545	-8.28643
-3.07872	-6.93089
-5.21914	-3.22294
-7.40015	-0.242695
-7.60887	1.32879
-9.68856	7.33334
-12.7811	1.39995
-6.90964	3.59187
-13.4083	-4.8833
-31.4391	-8.20567
-31.8175	-11.4891
-34.3643	-11.3282
-34.8825	-9.71747
-36.1587	-6.5693
-35.0319	-7.38891
-33.0357	-7.26869
-27.428	-12.5755
-22.2774	-12.0547
-16.4436	-8.12899
-6.35887	-5.256
-9.94118	-6.97161
-8.2937	-14.4544
-7.27962	-13.8304
-8.64984	-8.74881
-6.04776	-11.6666
-5.80139	-6.30011
-6.58552	-16.6349
-8.37452	-10.2887
-7.2377	-9.85264
-18.5734	-4.18584
-15.3695	-0.150718
-20.9124	-15.2167
-27.8815	-15.9355
-33.0811	-14.8805
-37.3765	-9.42474
-36.8704	-10.3861
-34.9392	-9.49052
-29.4128	-15.6512
-27.384	-20.6052
-24.0396	-23.6167
-21.0846	-25.3898
-12.7686	-17.8768
-14.7138	-7.41429
-15.8718	-1.25051
-20.614	-3.24072
-18.6109	-8.10553
-16.5175	-3.1172
-17.4663	1.25451
-13.759	2.38129
-17.2798	-14.9696
-21.544	-23.5779
-21.1543	-20.102
-22.2517	-16.9343
-21.6396	-14.9144
-19.7087	-11.0775
-19.1563	-10.3736
-17.9397	-10.4651
-16.0538	-8.24691
-16.9958	-6.64318
-15.279	-7.30284
-13.8799	-6.10034
-11.3477	-7.9726
-13.2729	-7.65831
-11.1771	-8.44802
-15.5141	-8.11606
-14.4992	-11.8795
-14.9249	-11.6437
-16.409	-10.053
-12.215	-10.6037
-9.8751	-10.592
-14.6181	-7.09749
-18.2893	-5.58126
-19.5409	-5.20164
-19.997	-5.7501
-19.6301	-5.75924
-20.4499	-6.30846
-21.8552	-7.8107
-20.4803	-7.21283
-17.4564	-17.2805
-15.6409	-16.3147
-17.7648	-11.9235
-15.0272	-16.4103
-17.068	-13.9189
-19.6108	-11.1104
-18.2729	-7.91366
-17.52	-5.2157
-10.41	-8.69736
-11.036	-7.35384
-9.73808	-5.01346
-8.23075	-2.74808
-8.36952	-1.98962
-6.29283	-5.11098
-6.60924	-4.56022
-6.51753	-6.40446
-8.3964	-7.29858
-5.06989	-6.68041
-4.17381	-8.49246
-8.31846	-6.74888
-4.77984	-5.56839
-5.05972	-8.32604
-4.74379	-3.54784
-15.5036	4.6318
-13.0366	12.0443
-13.8892	7.90863
-14.4058	6.26328
-13.6448	6.18492
-13.3161	6.78739
-15.0591	0.251435
-17.6032	3.78032
-17.3645	-2.10226
-20.4056	2.00701
-20.6121	-1.78282
-24.9309	1.41426
-21.5525	-10.162
-28.7406	-15.4018
-30.582	-16.265
-29.8657	-18.5536
-31.2494	-13.4275
-22.446	-7.90703
-15.5289	-4.00531
-16.3978	-1.30006
-16.0809	0.0188509
-15.3971	0.97774
-17.3958	0.920669
-27.2471	-5.08499
-36.4039	-0.669488
-37.2341	2.37503
-34.682	-1.57901
-36.3655	-0.460368
-37.884	2.539
-37.8006	1.02022
-35.0382	-0.341961
-34.7278	-1.97103
-34.3554	-2.64333
-33.7408	-2.66501
-29.1009	-5.06747
-27.1697	-5.22055
-25.0926	-8.17231
-21.5379	-7.57795
-10.2016	-1.7991
-7.5173	-5.7681
-6.2331	-6.14776
-4.46994	5.90292
-6.06287	6.32943
-2.91202	-1.62062
-8.44082	4.87313
-14.7016	9.36206
-27.6804	-6.04049
-26.3732	-7.70228
-26.7443	-13.8803
-25.0331	-11.2819
-30.9099	-9.45073
-31.1403	-6.96294
-32.5614	-7.12906
-32.4306	-9.33175
-32.4538	-14.2674
-30.6536	-12.4924
-26.6329	-10.7196
-21.68	-10.2294
-17.4357	-13.6379
-14.5559	-15.278
-13.7596	-15.2461
-19.9126	-8.04106
-16.3432	-6.64178
-15.7208	-6.31048
-17.3142	-7.8157
-11.6962	-11.7254
-10.7791	-9.09126
-9.6435	-9.66704
-6.61152	-7.80471
-4.42243	-0.832504
-7.05817	-15.7528
-9.35444	-15.7284
-9.03198	-10.2142
-7.97473	-8.36626
-4.44716	-11.4461
-5.47571	-11.9775
-1.92802	-8.13444
-2.26226	1.19773
-0.412264	2.14514
-6.24941	2.23662
-11.1904	5.06024
-10.7728	4.55758
-14.5771	7.52374
-7.78578	-1.15142
-10.4206	-10.5798
-7.78997	-17.0128
-9.19922	-16.7498
-10.8684	-15.8919
-14.7338	-14.5114
-11.6255	-9.07727
3.23745	-13.2396
-12.6722	-8.42088
-21.8337	-8.54549
-23.9235	-9.23792
-28.4913	-7.58935
-28.5711	-8.66065
-30.8895	-7.25803
-32.3133	-7.03586
-31.0312	-7.50452
-30.8813	-9.01245
-34.285	-7.95718
-33.8159	-9.01099
-29.5902	-14.2908
-25.6227	-15.7722
-20.4348	-14.8263
-16.0654	-8.52251
-12.7995	-2.05864
-13.5476	-0.17934
-22.6522	-5.34246
-19.7265	-6.02639
-22.1302	-2.86461
-25.2243	-5.95572
-23.7967	-9.56919
-22.3312	-0.917971
-34.1541	-11.1098
-33.5652	-10.8391
-33.191	-7.02836
-34.1505	-7.61291
-25.9282	-7.85716
-23.0877	-6.56106
-22.4396	-11.5628
-19.5587	-11.7449
-12.2682	-0.957124
-18.1178	0.499147
-21.7084	-1.18306
-24.6526	-8.07227
-22.3938	-5.9615
-23.8552	-7.74022
-26.162	-8.58738
-20.3734	-2.24879
-32.3484	-3.61034
-32.5847	-3.82652
-32.1968	-6.28732
-31.4693	-6.96902
-26.3413	0.631708
-21.3076	3.35679
-20.4493	4.87881
-19.2882	3.93459
-21.1629	4.11898
-25.5856	-0.0341123
-30.2681	-5.9719
-33.2596	-8.44195
-34.6177	-5.64306
-33.7093	-3.8076
-33.8394	-3.32472
-33.1932	-3.6402
-33.2696	-3.78057
-33.7033	-3.22743
-30.0264	-4.66163
-19.1531	0.0511476
-18.4274	-3.1844
-22.2744	-1.56224
-21.9872	3.6132
-26.0924	2.7227
-23.1661	2.53992
-22.0878	-4.81363
-18.4352	-18.2121
-8.09661	-14.3272
-8.82239	-22.3503
-3.16434	-22.1269
-0.415213	-21.5116
-0.920648	-18.4593
0.587113	-10.9091
-1.5324	-9.67254
-6.56775	-5.3667
-5.05172	-9.76449
-8.80064	-10.0067
-9.93035	-3.42441
-4.45059	-6.18496
-6.80131	-5.29658
-5.10686	-5.81804
-4.59131	-5.33329
-4.41923	-5.08782
-4.07863	0.804625
-15.243	-2.24466
-19.9036	-5.10282
-24.4358	-7.14799
-31.9723	-4.91915
-30.3521	-5.87163
-31.0743	-6.04504
-32.5701	-5.93582
-31.341	-9.1052
-23.8898	-8.24229
-17.0107	-1.89199
-10.2259	1.80656
-17.7667	2.74162
-21.9064	-4.01773
-18.3158	-5.01101
-20.3439	0.893071
-15.2941	-4.74027
-19.2847	-5.92552
-20.699	-3.89933
-20.181	5.24231
-19.4281	10.1103
-22.5185	-4.22114
-15.8533	-2.87156
-24.0924	-13.9625
-23.6375	-12.6701
-15.8372	-8.23838
-13.618	-2.20246
-11.4135	-1.62369
-13.4497	0.0180758
-13.3454	-0.0771319
-13.7876	-0.0400762
-11.5387	-0.533538
-11.67	1.2612
-13.4659	0.748767
-13.4357	0.909164
-13.604	0.646864
-12.7712	-1.27482
-12.2377	-0.480998
-12.8218	-1.69306
-25.9153	-7.43804
-27.6981	-8.26567
-30.1393	-7.15921
-32.7537	-4.04321
-34.4948	-2.53737
-33.1642	-2.23505
-29.0954	-6.60825
-26.7942	-7.70063
-23.5715	-10.1505
-16.7496	-8.71667
-19.0647	-8.40071
-22.894	-6.7144
-24.5227	-8.53083
-25.5908	-11.7606
-25.1743	-13.5461
-26.9116	-13.3382
-27.6887	-10.7982
-27.8371	-12.108
-23.3693	-14.6588
-16.6955	-14.1847
-9.01208	-12.4442
-5.17023	-9.45385
-3.11649	-10.8374
-7.83892	-17.9484
-3.53683	-9.67284
-8.64142	-11.2973
-14.4314	-10.152
-12.6729	-16.4394
-12.1386	-11.4817
-17.6331	0.535089
-25.1097	-10.7406
-28.8637	-16.9708
-28.9573	-14.128
-31.0672	-12.0942
-33.9799	-8.95276
-33.7022	-9.98374
-32.2372	-13.0367
-15.5315	-14.2643
-8.30103	-2.6058
-10.1252	0.450258
-9.51769	1.85187
-14.3989	-7.90408
-13.3647	-15.8695
-24.6961	-8.8961
-31.6602	-6.94839
-32.4395	-7.43327
-31.8811	-5.11417
-31.4572	-2.83047
-33.0664	-0.116901
-34.2218	4.981
-32.8535	6.61354
-31.8401	6.9397
-30.4753	7.16071
-30.4193	6.91945
-30.0375	8.69916
-29.239	7.40298
-27.174	1.13783
-24.6029	2.7806
-16.2192	-3.77787
-20.6673	1.52681
-11.6786	-0.0525171
-16.9151	1.56925
-16.9421	-2.66109
-15.9519	-2.29457
-13.1219	-4.37308
-10.6488	-7.43919
-13.3455	-4.26614
-11.0315	-4.84368
-3.90946	3.11162
-8.25678	10.2363
-9.15543	16.9203
-10.4147	8.04662
-7.5569	6.88922
-21.6122	13.4821
-17.4267	9.24045
-14.3988	11.3021
-15.6319	9.89586
-13.4355	7.01886
-15.1983	5.95425
-16.4892	6.94673
-12.2539	4.86723
-13.6781	4.41297
-13.8341	9.60841
-12.2206	8.86569
-14.3568	5.03494
-16.511	10.446
-10.2204	5.79299
-12.294	5.88146
-7.41629	9.60097
-9.97049	6.3263
-10.6386	13.7656
-11.58	12.1219
-9.73037	11.1346
-8.51215	6.55336
-16.5882	-19.3466
-23.2724	-21.8084
-23.8801	-20.8683
-20.8196	-18.8877
-18.7302	-16.6983
-17.574	-8.55861
-12.805	-9.75249
-13.1099	-9.69613
-12.6753	-6.92337
-11.9476	-5.24386
-12.2941	-5.52038
-12.1712	-6.70071
-13.6133	-6.50989
-13.0084	-7.11363
-11.4095	-7.45595
-14.4713	-8.61815
-20.8246	-13.0505
-25.1182	-15.3405
-26.1533	-14.5493
-25.3024	-15.2277
-23.9775	-12.4905
-14.579	-15.3252
-1.11954	-11.0013
1.40183	-2.96118
-7.06808	-10.0305
-6.39213	-8.32107
-6.42417	-3.55114
-13.7213	-7.12412
-13.5487	-8.29007
-13.4116	-8.32072
-13.3	-9.19392
-18.4016	-4.86329
-19.9055	-6.10778
-35.4743	-5.37096
-36.0083	-8.75565
-33.5216	-4.58817
-30.2416	-6.87671
-26.4995	-11.0797
-22.9612	-14.5112
-16.7157	-18.9373
-9.42799	-24.8974
-5.48851	-27.0813
-1.35396	-27.2048
-14.9829	-12.4152
-17.7959	-11.0726
-13.9094	-13.3599
-15.8574	-12.3001
-9.67956	-14.1553
-8.29845	-10.1386
-7.05726	-6.78302
-3.94126	-9.78854
-8.20023	-8.01678
-13.1447	-1.71451
-15.5769	-9.52027
-26.3635	-7.78507
-32.1417	-7.55266
-35.3986	-6.12812
-34.1446	-3.39023
-31.5187	-5.37872
-31.6979	-7.65796
-31.442	-10.3575
-31.3074	-10.2494
-31.5436	-6.41421
-30.2545	-6.01112
-30.8804	-5.922
-29.6872	-5.24332
-25.4984	-6.05715
-21.8075	-6.6849
-22.5395	-2.27618
-18.0244	-3.7171
-17.678	1.83465
-26.6493	-3.98501
-33.4895	-14.5971
-25.5144	-3.40396
-22.1322	-5.31527
-19.8778	4.5352
-19.7744	0.345824
-16.4287	-15.0177
-23.8179	-12.5989
-26.4396	-4.99621
-25.6817	-6.15203
-24.8655	-7.3859
-25.5078	-10.5686
-24.6608	-11.2338
-23.5417	-12.0142
-23.4835	-11.6055
-24.3287	-10.0424
-24.5362	-8.05068
-15.1755	-6.80754
-13.8237	-5.77568
-12.4104	-6.50582
-13.9764	-3.54511
-14.1505	-0.442628
-16.1007	1.28865
-15.8564	-1.24787
-20.1459	-8.93527
-31.8336	-0.261952
-30.935	-1.70568
-31.1021	-0.547097
-30.6498	-0.306275
-28.1581	-2.05675
-27.7265	-2.2509
-16.3042	-7.4196
-3.63329	1.26267
-9.40065	-6.86748
-12.497	-9.25862
-9.5703	-8.63301
-4.47692	-5.60133
-3.13386	-6.96101
-2.43898	-6.06182
-0.381192	-8.93001
-4.60698	-9.93447
-10.478	-5.93813
-3.60138	2.72335
-15.54	-10.0824
-23.1589	-8.69465
-25.6964	-5.8232
-26.3467	-7.02179
-27.9832	-6.04438
-28.0721	-7.43713
-28.1351	-7.29918
-28.7957	-8.02357
-29.0214	-7.7769
-31.7452	-5.49649
-32.7363	-3.84502
-34.5702	-3.13393
-34.4866	-4.71376
-35.426	-5.52473
-35.4787	-7.80441
-33.9874	-9.90026
-31.1182	-9.23297
-16.4652	-7.5812
-10.5528	-1.23211
-18.6353	-1.3782
-24.7567	-8.55034
-19.6295	-11.1085
-21.3917	-6.40592
-27.713	-9.61115
-25.7591	-12.6481
-26.6846	-8.6307
-22.3433	-7.81993
-21.956	-11.1614
-20.3073	-7.52929
-15.3357	-9.35498
-10.8802	-11.8169
-4.4163	-5.7356
0.655604	-8.50743
3.30494	-14.2432
6.75661	-10.243
10.1011	-4.05207
7.35762	-13.0295
8.84406	-10.6179
8.10541	-14.9332
8.09387	-17.1768
2.73813	-17.4115
3.00176	-20.2724
-2.35563	-20.0705
-4.23729	-19.5876
-5.9288	-16.9007
-9.65101	-17.3874
-13.0624	-16.48
-17.7771	-11.4613
-19.3008	-10.422
-18.4218	-9.15396
-16.7552	-8.17579
-16.43	-5.50353
-14.8477	-7.53285
-14.2982	-2.56103
-12.7896	-0.51097
-8.99286	0.474803
-11.0323	5.40284
-5.91185	11.3267
-11.1847	5.78361
-9.73017	11.0028
-11.3974	7.12943
-13.9247	10.0692
-16.0351	7.21297
-13.2993	7.93304
-14.509	7.42197
-12.0894	7.85072
-13.4668	2.80189
-10.9776	7.8455
-12.4617	6.56909
-10.7465	11.3501
-14.4193	5.91208
-13.0794	6.55504
-15.9389	8.79989
-12.3105	8.56724
-12.9748	10.0697
-11.8323	8.17757
-13.7262	9.73551
-12.8552	11.6128
-14.7248	7.18948
-13.1801	9.7143
-14.5787	7.3329
-12.1203	10.5824
-13.3551	-8.82957
-20.0699	-16.8292
-11.0289	-6.53693
-5.97318	-1.67307
-11.2568	-8.24356
-20.25	-14.7498
-13.9857	-15.9537
-13.0986	-18.5696
-9.74921	-16.7789
-5.44069	-13.5138
0.281667	-5.95641
-0.223439	-8.33167
-6.01628	-11.9678
-9.40568	-13.3689
-6.69929	-8.52488
-10.7637	-10.0744
-8.48432	-8.19856
-5.82673	-1.44818
-13.9758	-11.5416
-15.9425	-14.2086
-19.1181	-14.6934
-18.711	-12.3016
-17.8221	-12.4103
-17.9714	-9.27654
-16.3975	-8.81584
-13.9953	-10.089
-13.3487	-9.86146
-16.3606	-11.0663
-15.7123	-9.99189
-17.7234	-10.2562
-16.7235	-12.0985
-15.8668	-9.70921
-14.1242	-12.9273
-13.4236	-12.9535
-14.1762	-11.7407
-10.2559	-12.8148
-5.97677	-10.862
-6.01882	-12.6062
-1.62873	-9.19882
-8.04469	-5.05992
-13.6551	-6.3979
-17.8811	-7.6448
-22.6561	-11.4297
-24.6313	-10.7034
-28.466	-13.2827
-28.6081	-13.6749
-30.4393	-15.9877
-30.6844	-15.4075
-29.592	-16.245
-29.7952	-13.5675
-25.8158	-11.606
-21.0256	-7.97822
-14.1634	-5.72252
-16.6281	-5.15979
-16.2175	3.72104
-12.9881	-0.994452
-12.0484	-11.2566
-21.4391	-11.3915
-21.3403	-14.8729
-21.538	-13.6169
-20.9323	-13.0394
-20.3044	-12.7101
-20.8468	-13.9829
-21.3841	-12.6473
-20.4359	-11.1894
-19.4627	-6.65182
-18.2585	-9.96627
-16.782	-12.2953
-14.5647	-15.3859
-15.5235	-14.4728
-12.212	-13.2883
-10.6978	-11.0657
-7.64046	-9.57017
-7.97949	3.23503
-10.7201	5.40244
-16.8783	-2.41685
-11.5958	-0.846972
-2.91176	-5.29869
-14.4181	-5.52433
-15.2005	-12.8097
-18.0654	-14.8502
-22.7783	-9.72422
-24.0864	-6.86704
-20.4687	-4.63836
-14.179	-8.82738
-16.0077	-5.34585
-16.9749	-3.26697
-17.0088	-0.920207
-17.174	0.814494
-17.2808	-0.472738
-17.2887	0.336806
-21.3133	2.16979
-28.9619	1.21208
-29.7155	-2.14019
-28.177	-2.29114
-26.4505	-3.58844
-23.5746	-5.68376
-19.8053	-9.02358
-16.4367	-14.4518
-13.923	-16.5001
-10.8864	-19.7812
-5.81619	-23.2788
-3.93389	-19.8375
1.44884	-21.1425
2.64288	-20.558
1.46095	-20.9402
1.96657	-22.3394
1.15052	-24.8033
-0.353736	-23.3417
-2.08928	-23.0024
-4.6681	-22.9909
-10.5222	-19.2343
-16.8411	-14.4218
-20.5177	-11.6788
-22.6571	-9.30818
-25.8401	-6.9798
-27.8413	-4.25644
-31.8317	-2.79091
-27.6362	2.80808
-17.1183	2.17367
-14.591	0.72884
-12.6991	-1.06593
-12.0578	-0.926011
-8.50275	-3.33635
-7.34119	0.169561
-6.99623	-6.41114
-2.88338	-1.85208
-5.70888	0.331026
-8.34331	5.11958
-10.292	2.10239
-13.6372	6.87666
-14.1049	5.56094
-16.7557	1.99896
-16.9403	4.65916
-15.626	-0.627189
-11.532	-0.798861
-32.8221	-5.01692
-35.0557	-7.4148
-34.9303	-5.78669
-37.0992	-2.73063
-33.8031	-5.97909
-34.5454	-6.69827
-36.0288	-7.65866
-33.8933	-7.41369
-17.9194	-4.75015
-28.1871	-1.93367
-28.7302	-2.61973
-22.6256	-1.28841
-20.5238	-3.13978
-20.0125	-1.84196
-10.3329	-6.79822
-8.28113	-17.1564
-6.05516	-14.2398
-11.7102	-17.074
-10.9616	-10.7113
-4.42565	-6.86578
-5.92438	-11.8194
-14.1939	-3.64359
-11.3283	-4.244
-8.3048	3.11323
-12.9495	6.46451
-14.7597	7.95294
-13.4953	3.76637
-13.8874	10.9328
-12.9374	-3.14199
-20.0917	-19.1621
-20.349	-23.805
-19.7536	-21.376
-17.0833	-19.9242
-12.7585	-20.5914
-5.60737	-18.924
0.631517	-17.1813
-2.65629	-9.64329
-5.71701	-13.2758
-7.46209	-13.8394
-2.5353	-16.4644
-5.68512	-18.2073
-3.75533	-14.5408
-10.2786	-14.8782
-9.69228	-14.9664
-8.35011	-8.53561
0.295814	-6.30358
-3.43446	-13.5648
-4.29008	-17.2251
-5.95155	-17.0455
-5.32776	-18.58
-5.69532	-17.5522
-11.2359	-12.6377
-13.3511	-10.752
-14.2786	-6.98064
-17.2729	-1.1025
-10.6056	-6.04517
-9.83535	-2.36358
-10.3448	-3.78723
-9.51982	-5.83512
-9.31498	-4.18076
-5.8418	-5.31962
-5.36378	-2.65196
-3.92816	-1.44851
-9.10218	-2.77265
-12.6619	-6.09363
-21.3057	-0.663968
-20.1669	-2.35594
-20.2775	-1.49156
-18.5541	-3.97883
-14.7533	-7.00915
-13.5298	-8.10026
-12.2108	-10.5957
-18.1428	-10.4691
-22.2636	-2.88813
-31.7009	-4.73799
-21.739	-8.23862
-26.9784	-6.80331
-23.8548	-3.21024
-22.6849	-4.49705
-20.8987	-2.7141
-23.4787	-7.23356
-18.8488	-10.147
-20.0562	-6.37816
-11.816	1.58738
-13.6905	-2.52709
-8.33867	4.12478
-6.6788	-2.93452
-14.3277	-6.65728
-8.6195	-8.63561
-9.34186	-7.73597
-2.86854	-5.41577
-0.362643	-12.7026
-2.7639	-11.1953
-7.77816	-8.35177
-4.01604	-14.3962
-4.36723	-13.3849
-6.42932	-16.6447
-9.52678	-14.2962
-10.6126	-15.3737
-8.15244	-14.9376
-6.79811	-9.85655
-15.1838	-9.92094
-9.59182	-10.1077
-10.6643	-0.592437
-14.9678	-0.922848
-14.1897	6.73285
-11.0563	7.58927
-10.3126	6.9241
-12.553	5.0401
-11.6783	10.2151
-13.4967	4.137
-9.66632	4.00439
-12.6579	2.88057
-13.7462	8.06372
-10.551	7.7355
-12.4174	7.82828
-12.2055	6.60723
-15.9984	14.2102
-15.3138	10.4425
-15.8709	11.6775
-12.4801	9.84983
-16.1953	12.6407
-14.1833	10.8407
-11.7449	12.6631
-13.277	19.033
-15.1792	7.97879
-14.96	12.1431
-18.1642	7.92199
-12.281	8.04346
-12.7844	11.3155
-16.8122	-1.55668
-16.6642	14.1888
-15.5543	10.5105
-23.6959	-11.1312
-15.3549	0.786832
-12.7586	-15.6788
-13.0933	-17.9142
-15.6161	-9.84513
-14.9541	-5.4761
-10.7703	5.82145
1.99761	-28.8706
4.28186	-31.9265
2.18163	-31.0102
4.47813	-33.2844
3.19297	-28.4967
2.78298	-28.3499
3.78668	-27.0579
5.57354	-23.947
7.77291	-21.5594
6.63842	-21.3205
0.319875	-3.67565
-4.62361	0.390842
-12.093	2.42877
-11.2835	-0.184531
-7.62936	3.76092
-10.7797	0.300017
-11.685	-9.66829
-8.78332	-14.7281
1.00807	-18.8831
-2.4494	-22.0951
-9.31042	-20.5212
-12.5322	-20.4205
-16.6489	-19.0289
-19.6036	-15.8371
-20.379	-11.6364
-20.1579	-12.3557
-19.3595	-12.9776
-17.2997	-16.7426
-13.0734	-17.9224
-9.99963	-23.071
-8.08343	-29.5619
-9.28665	-28.254
-12.8952	-16.8184
-16.5629	-9.82564
-17.9546	-12.1005
-14.7886	-16.8768
-15.0852	-14.0634
-11.2728	-16.7044
-4.57801	-20.4028
-4.34525	-27.1598
-10.0894	-22.5244
-15.9941	-16.5635
-16.7541	-9.95779
-16.2763	-8.51306
-21.5324	-9.30605
-23.8104	-12.2582
-26.1341	-13.3221
-26.5504	-12.3393
-24.9508	-15.7093
-23.8675	-16.9757
-20.7052	-13.9403
-15.5073	-8.25202
-8.17621	-6.8889
-6.5713	-4.34585
-14.3131	-6.06808
-16.1031	-9.03291
-11.1264	-4.90688
-14.9821	-8.84055
-17.058	-9.61064
-17.9835	-5.40779
-18.087	0.624687
-27.3676	-4.8721
-31.2368	-8.69242
-33.7554	-9.62374
-37.1471	-7.29885
-36.26	-6.53802
-34.9128	-4.93669
-30.4163	-6.41329
-20.1474	-2.54394
-15.3592	-9.00713
-13.5231	-6.15958
-12.7612	-7.94793
-12.6469	-9.26443
-16.092	-4.13977
-17.3872	-3.51432
-17.7934	-2.61176
-16.1833	-3.39627
-18.5483	2.29952
-18.543	3.06114
-19.1709	1.48201
-16.4666	-3.32964
-20.9056	-7.83273
-18.1122	-9.50725
-14.1128	-11.0348
-12.1832	-13.9061
-11.4339	-14.5348
-12.6098	-8.45379
-15.5432	-8.87082
-15.3151	-7.40509
-13.4968	-8.97792
-13.3335	-7.6837
-10.919	-10.3408
-7.15875	-6.44565
-1.21703	-14.8171
3.47384	-11.1105
1.71561	-10.7491
-0.0581958	-9.34098
-5.73538	1.71418
-5.96571	-2.09447
-2.77109	3.04502
-6.40285	-13.6234
-22.2093	-7.49361
-26.0107	-11.2396
-30.5989	-12.0441
-32.2325	-9.53424
-31.3954	-9.8541
-30.6086	-9.81163
-28.9657	-12.7754
-28.5237	-13.535
-28.766	-12.0006
-29.9939	-9.84672
-31.8217	-8.87695
-31.9811	-6.55367
-32.6298	-7.34674
-34.7623	-6.93154
-37.9257	-4.24443
-35.6713	-2.32329
-28.8043	-7.77946
-17.5762	-16.3335
-6.42389	-17.2026
3.34853	-8.6328
-2.92002	-10.6091
-7.10938	-14.1463
-10.7242	-14.221
-11.1836	-4.04882
-8.62934	-1.64249
-4.93291	-2.89499
-7.41121	-3.96302
-16.8714	0.743221
-19.3678	8.86298
-26.0869	-8.02212
-31.8502	-7.22363
-37.2983	0.1969
-34.654	-3.44224
-30.23	-2.74863
-21.0727	3.88053
-22.073	5.15083
-21.5359	4.14593
-20.4569	4.52289
-17.0178	4.93387
-15.0869	2.47767
-13.1861	-2.51195
-10.8083	-5.61409
-9.2786	-2.77745
-8.71203	-1.05672
-7.49372	7.85361
-13.9171	6.60114
-11.7726	-1.28594
-19.992	-6.90129
-21.8371	-14.1206
-14.0308	-9.78492
-11.9165	4.19033
-18.3984	-11.1231
-6.29155	-9.79356
-16.081	-8.60715
-15.9306	-9.94934
-19.6095	-10.2043
-20.6683	-6.94945
-20.5373	-4.53294
-20.3468	-4.22451
-18.1258	-5.12255
-17.8679	-5.90417
-18.6267	-4.65034
-18.8915	-4.82273
-18.6784	-5.17136
-19.8232	-3.46593
-18.4965	2.25709
-14.5633	-3.4356
-12.2705	-4.52562
-15.3574	-0.318882
-13.0557	-3.16155
-14.9312	0.192499
-15.2161	-1.1358
-14.2369	-4.22983
-7.94586	-13.8254
-3.23997	-20.4446
-2.27792	-21.5348
-2.50055	-18.5645
-1.60787	-16.4417
-2.07549	-20.1301
-0.107317	-19.0574
-3.79495	-11.9973
-5.34488	-11.6038
-5.13175	-11.9049
-3.57185	-14.0058
-5.24662	-17.2365
-6.71457	-18.8375
-8.84847	-21.6956
-7.62568	-17.7198
-5.85152	-13.0741
-7.65914	-16.1543
-7.6814	-9.39818
-6.46321	-4.89942
-6.86499	-16.2821
-8.85485	-14.787
-10.2776	-14.9929
-8.36483	-13.6989
-8.06729	-7.35107
-8.11406	-8.82223
-5.351	0.150174
-13.4645	-6.12907
-13.5331	2.63188
-17.4104	-7.30715
-16.3624	-0.423827
-16.0001	-2.38675
-13.7395	7.7155
-14.8252	5.3717
-17.7875	4.18818
-11.5763	1.83285
-10.2004	-3.76239
-12.7189	8.61863
-15.9297	7.91951
-14.4885	2.19056
-13.0901	6.44152
-12.7515	2.1908
-16.1416	5.88386
-12.1771	8.70653
-14.5305	7.55366
-16.6246	13.1577
-13.7838	11.8343
-15.0918	11.3094
-11.2082	7.0102
-8.55272	0.00233863
-8.77632	-2.57757
-9.54022	-9.46572
-8.40554	-2.27512
-7.60314	-3.79589
-12.2361	-8.56128
-8.54484	-11.8686
-4.12956	-10.4531
0.0024181	-14.1465
-1.29218	-14.6707
-4.10552	-13.9911
-1.73631	-16.3213
2.64434	-15.9878
0.427195	-13.0061
3.92961	-14.7836
3.59667	-12.815
4.82197	-12.5416
0.715614	-5.94561
-2.04812	-6.50631
-8.34321	-13.0598
-7.56871	-10.9095
-8.5178	-13.4887
-14.2101	-12.1689
-12.9977	-4.84725
-17.6735	-1.03921
-16.0713	-6.79958
-9.91792	3.55179
-22.402	-8.93826
-29.7469	-4.23051
-31.4407	-2.20958
-30.6729	-0.819211
-30.2515	-2.97987
-31.9985	-2.4887
-30.7073	-1.14467
-30.7024	-0.149077
-31.964	0.319042
-31.5886	-0.886993
-30.8565	0.0201299
-31.3301	-0.468303
-27.5542	0.139819
-28.0214	-3.92476
-25.237	-5.03409
-22.1458	-8.7474
-20.4434	-9.78267
-19.9577	-6.80777
-19.2882	-6.64394
-18.5428	-8.35087
-18.7893	-13.9829
-18.8981	-9.21076
-21.5103	-12.3575
-19.314	-11.6706
-18.715	-11.9834
-14.9197	-12.4164
-13.4852	-11.1491
-9.59122	-2.178
-15.5905	-14.6886
-8.38256	-9.09425
1.50351	-13.2948
-3.79936	-12.9529
-6.03491	-19.3706
-5.55718	-12.4136
-7.62667	-13.6717
-3.55211	-13.3463
-8.98883	0.444723
-13.8394	-2.44211
-19.6731	-15.3354
-15.4139	-4.08099
-13.9332	5.70935
-16.1823	3.07211
-11.5792	6.22369
-11.7622	6.78741
-11.8302	9.57206
-11.3622	9.36174
-11.7993	7.85763
-18.1073	4.53449
-14.867	3.32588
-11.8045	5.02941
-18.6606	-10.8305
-25.0251	-14.7754
-23.2774	-14.6785
-23.5414	-15.3834
-23.235	-14.771
-22.7628	-8.43387
-17.6031	-0.34388
-16.0782	-2.59325
-15.7501	-0.02248
-16.4554	-0.0341727
-16.3635	-0.340466
-15.671	-1.13425
-13.9337	1.79567
-13.5948	1.35732
-15.4885	2.54336
-15.1518	4.17944
-16.0872	1.56938
-18.352	4.04455
-17.5687	4.99008
-15.4618	3.44878
-21.3957	0.270419
-21.8605	-5.87873
-18.6055	-7.62098
-17.4758	-8.40618
-17.5547	-10.5412
-17.8602	-11.11
-17.6212	-12.4085
-17.5539	-13.1793
-18.2865	-12.6957
-19.0788	-12.8413
-20.2983	-13.2617
-22.6256	-12.1915
-22.5165	-10.3622
-25.5302	-7.74148
-22.1346	-10.3204
-19.8235	-14.0249
-17.1269	-15.0406
-13.9631	-9.88939
-6.66831	-2.41788
-11.6645	-9.3514
-10.9512	-13.075
-2.78507	-4.85738
-11.7655	-8.66215
-7.27218	-2.49847
-10.0271	-5.6902
-14.7863	-6.17065
-12.9176	-4.5251
-9.91529	-1.88679
-8.98876	-7.84817
-15.7054	-14.6866
-15.964	5.70208
-12.7554	8.25312
-15.471	2.25338
-13.3782	7.06526
-10.9036	3.14055
-14.2555	3.27491
-12.7522	3.38713
-17.0695	7.56251
-10.6433	10.0165
-10.9784	-0.456149
-6.83792	-8.03701
-4.96581	6.95026
-2.25293	6.17991
-2.01866	-14.642
-14.5942	-10.4752
-18.9639	-7.74867
-19.6312	-11.7624
-17.6881	-15.3323
-21.2916	-15.9935
-23.6223	-12.321
-18.8225	-12.1236
-19.3619	-14.9323
-19.7601	-15.6082
-17.2287	-20.4395
-18.4062	-17.0121
-16.0368	-16.2437
-14.5429	-11.7975
-9.57466	-13.0643
-6.51898	-15.3021
-4.7609	-17.9235
-1.61139	-19.2693
-1.00177	-15.5224
3.15196	-7.88508
-3.85329	-5.98464
-7.96126	-5.57369
-9.77945	-3.14521
-4.73483	-4.17809
-5.64441	0.0859199
-7.69185	-0.892414
-9.55489	0.153616
-5.1947	-1.59062
-6.43661	-2.70587
-5.89135	-0.416769
-14.6439	-4.44973
-13.0362	-9.32757
-3.18871	-12.54
3.08916	-19.062
2.31966	-20.426
3.07812	-21.46
5.10389	-23.5491
5.16572	-23.3488
4.97972	-21.4309
5.65787	-21.1105
5.7229	-21.8917
5.96539	-21.5801
4.02287	-20.7826
2.95086	-19.7056
-1.03857	-18.2896
-4.17329	-18.9278
-7.60407	-18.1256
-10.4828	-15.3287
-14.5423	-12.2993
-16.1243	-11.5887
-19.3986	-8.29502
-21.4982	-6.39924
-26.0101	-2.28536
-23.4918	-6.89777
-23.6927	-3.14126
-24.076	-2.40061
-23.1505	2.77509
-21.4826	-0.12565
-15.3573	-0.439639
-13.4067	4.91197
-11.038	-6.62903
-13.4646	-5.88769
-10.6637	-8.71171
-13.0319	1.48837
-9.48439	1.10384
-9.65992	-0.616893
-9.2767	-2.59614
-6.29676	-1.90203
-7.74087	-4.06243
-10.9853	-5.68768
-9.91634	-9.4073
-14.4458	-17.938
-6.8373	-5.85592
-9.58941	-4.08742
-7.618	-1.60887
-7.97126	6.78317
-12.3039	7.10218
-12.5431	4.26443
-11.207	3.01244
-12.8595	6.08233
-15.2348	7.64807
-12.6473	5.30193
-15.0219	3.78211
-11.5468	3.76474
-12.0976	5.93471
-12.7926	4.87601
-11.1042	11.9237
-13.1312	6.58432
-7.02461	0.96184
-11.1843	-0.188311
-13.6569	-0.639783
-9.21112	-5.93009
-11.7588	-9.95425
-10.6574	-3.75572
-5.29557	-7.30855
-12.4723	-13.5079
-15.9667	-13.5311
-13.5749	-16.1915
-12.0294	-15.7503
-11.1725	-16.2388
-10.0988	-18.1045
-10.3477	-19.9678
-11.5077	-22.5775
-12.5161	-21.463
-14.6484	-20.1327
-16.6671	-19.5799
-17.2006	-18.2387
-18.7836	-15.0017
-20.2229	-12.149
-23.4373	-11.6797
-24.5673	-11.4221
-24.3095	-7.83962
-25.0661	-7.23559
-24.6694	-9.85596
-24.5012	-8.6785
-22.7986	-10.5058
-22.9906	-11.8752
-22.0645	-13.7331
-21.0398	-11.8742
-21.8512	-10.2424
-25.6717	-5.42436
-27.8943	-4.6903
-29.6938	-2.85663
-26.8253	-3.67386
-29.2414	-3.22913
-31.6736	-3.15665
-30.0899	-2.44372
-30.247	-1.6709
-29.5482	-1.43193
-30.4986	-2.01135
-32.4024	-0.179441
-32.9737	0.201918
-21.6683	1.45355
-19.8887	-6.29751
-18.9192	-7.58486
-18.4332	-9.03583
-16.3932	-11.9157
-13.9028	-10.007
-12.159	-3.18954
-7.22309	-3.70008
-16.0272	-10.2433
-8.66072	-4.64136
-9.0226	-6.96508
-9.6547	-8.81486
-7.92842	-13.5548
-11.5428	-8.51507
-14.3562	-11.0411
-16.3102	2.8515
-15.1868	2.04859
-19.2574	-5.12181
-32.7943	-6.51252
-35.4609	-5.69316
-32.7164	-5.5854
-34.9235	-5.53438
-33.4086	-4.6069
-33.2122	-7.16011
-32.7647	-7.75141
-32.4541	-9.8227
-32.3209	-11.813
-30.5716	-10.2706
-21.0423	-2.54515
-18.5763	1.53187
-19.9595	4.74664
-25.1286	-0.812937
-24.9278	-5.62828
-20.8276	-5.05936
-12.7995	-2.36453
-28.453	-13.2612
-33.4517	-13.5722
-33.2552	-12.4549
-38.4771	-10.3739
-33.7626	-11.4086
-34.2086	-11.8769
-36.2623	-10.9902
-28.6768	-9.84697
-18.573	-1.99224
-16.3138	-7.6271
-16.8721	-5.07874
-15.674	-4.09832
-8.28374	-10.7977
-3.61744	-4.44914
0.537964	-6.35756
6.66427	-12.8146
1.92111	-12.4372
-4.0014	-17.5061
-10.0575	-13.6643
-16.8509	-8.5136
-20.8419	-9.06131
-21.8999	-10.8025
-22.9144	-13.234
-23.7146	-11.1563
-23.706	-4.94718
-18.1117	-3.22054
-19.9525	-4.31602
-23.1932	-4.62605
-26.3618	-5.66375
-28.6292	-7.08552
-29.8186	-7.0228
-34.6567	-2.44486
-33.2149	-4.21628
-33.2283	-3.76336
-28.947	-4.40251
-13.681	-6.68205
-13.6272	-6.62216
-13.8798	-7.12541
-12.0699	-6.42792
-8.80305	-12.4987
-8.6319	-8.7296
-12.6529	-5.19793
-12.1207	0.608249
-14.1671	-7.59185
-21.5378	-13.1187
-24.4687	-8.88037
-16.8209	-0.113611
-19.6917	-10.9303
-26.2652	-14.1809
-29.5992	-14.818
-28.7435	-14.8191
-28.6924	-14.8809
-25.8724	-15.1182
-16.4084	-5.82631
-6.41548	-2.78646
-12.4934	1.69338
-15.4244	1.08914
-19.2918	-4.37003
-16.9803	-6.72734
-25.841	-9.22869
-18.2749	-6.17852
-12.5711	3.46681
-27.2263	-12.7636
-34.5121	-9.28176
-35.3166	-7.96587
-35.0898	-9.35738
-32.7646	-10.5121
-31.1662	-8.57788
-28.8766	-7.70441
-28.1162	-7.82764
-27.3567	-7.45194
-25.6545	-4.4053
-22.5652	-6.66212
-19.3379	-3.76997
-17.8737	-2.51544
-13.9517	-3.75358
-11.762	-2.39406
-6.58683	-3.02648
-7.69892	0.246603
-6.25462	-6.83738
-8.55175	-22.565
-2.39777	-15.2327
-4.48798	-13.3946
-6.44585	-12.4337
2.16276	-20.1989
3.44742	-20.4012
5.17794	-19.462
2.74803	-18.8448
3.39216	-20.2709
2.56684	-18.9783
2.82116	-20.7464
0.378473	-19.4827
-1.03489	-19.4678
-2.18586	-19.6655
-5.61796	-18.8819
-10.8674	-14.9232
-9.76441	-18.0122
-14.5122	-11.203
-21.5282	-7.27773
-23.8995	-1.83323
-22.6489	0.688303
-22.9091	4.51152
-25.2701	5.21901
-27.3839	6.94666
-29.2247	8.05629
-23.5769	9.98904
-22.732	8.2914
-25.6905	8.02924
-23.9861	0.879535
-26.3318	9.21589
-24.3506	3.18687
-17.9632	4.99481
-18.2183	8.34994
-14.2297	7.0699
-16.2263	8.15801
-14.9733	11.1534
-17.1136	7.1982
-15.9329	3.82099
-14.0438	2.00262
-14.2094	12.1186
-12.3468	9.18505
-18.0565	5.73314
-13.0594	5.10502
-8.0634	6.30198
-12.3349	9.11772
-15.4276	4.44283
-16.4065	8.45725
-11.2823	6.75517
-12.7536	-1.14845
-11.0874	7.38663
-12.211	7.43782
-14.0386	7.93409
-13.585	1.98639
-15.1299	9.18343
-12.6764	4.28458
-10.7691	0.207156
-12.0925	-17.6417
-23.9737	-11.3002
-22.2707	-10.155
-24.064	-6.85506
-18.9203	-13.6894
-29.5552	-10.1974
-34.4082	-5.88847
-34.1903	-8.74982
-33.8173	-9.07265
-34.3271	-9.28685
-33.6739	-9.23458
-28.4927	-11.1929
-21.2418	-10.2696
-7.24049	-15.3007
-7.30374	-5.22683
-13.042	-17.0738
-10.5548	-9.19572
-14.8717	-11.1877
-16.7712	-10.5446
-15.226	-10.1034
-15.2897	-10.112
-18.8959	-9.12893
-27.8997	-11.2458
-32.2506	-11.3404
-33.641	-13.2442
-35.2375	-9.38058
-37.9527	-6.74765
-35.5175	-4.1651
-28.1135	-6.47939
-26.208	-8.61679
-26.1345	-10.8726
-27.4933	-11.555
-27.243	-12.6081
-23.837	-12.191
-12.6886	-2.22515
-12.1535	-7.92939
-16.5416	-5.46041
-17.1373	-3.03202
-14.4559	-7.45856
-10.4117	-4.95851
-19.3054	-4.31617
-26.2838	-6.64807
-30.1215	-9.00083
-31.8956	-8.45375
-29.736	-7.78126
-29.3431	-5.83943
-28.9522	-6.07738
-31.0075	-2.59677
-32.0805	-4.41856
-34.0434	-5.24085
-30.7693	-9.45412
-33.6186	-3.7123
-35.7898	-4.13851
-36.2256	-4.24381
-36.2454	-3.85004
-39.1496	0.738824
-33.6769	-3.31782
-30.5811	-5.23304
-27.1611	-6.22039
-23.7805	-6.58594
-13.5515	-11.9127
-3.84412	-13.8421
-2.7315	-4.33544
-5.02382	-8.19595
-5.17416	-6.53825
-11.6047	-2.85156
-15.2767	-2.31646
-13.649	-5.45909
-7.51457	3.28509
-17.106	-10.8547
-24.7377	-12.0987
-22.0615	-16.1603
-23.6218	-15.4024
-27.1374	-10.145
-25.1026	-5.48499
-17.1354	-11.0512
-11.0502	-12.7155
-15.2114	-14.9661
-11.7325	-12.5326
-8.97732	-0.211844
-13.6714	4.667
-10.8784	-0.100626
-8.29826	0.00982455
-14.5102	1.78283
-16.4484	5.01165
-14.1456	3.99118
-25.8026	-12.3612
-17.5594	-5.26901
-16.1249	-8.74941
-24.4812	-6.87854
-24.5091	-9.63937
-24.9072	-9.46557
-24.6444	-10.5019
-22.9446	-9.9905
-19.31	-12.0748
-16.1164	-14.5462
-9.94361	-12.008
-7.70635	-9.41297
-0.606185	0.389576
-1.83359	-6.40964
-11.3997	-8.59595
-15.3761	-9.09144
-13.0747	-3.22118
-4.26272	-7.7296
-6.51684	-6.71966
-0.580896	-9.57021
-7.51624	-11.8359
-18.4884	-8.54137
-21.959	-14.2451
-22.7476	-14.2707
-26.1465	-15.1764
-29.2586	-11.8467
-31.0129	-11.4441
-31.3731	-10.9117
-32.5892	-10.3183
-28.8926	-10.9116
-26.2993	-11.6843
-15.0337	-3.59405
-9.68255	0.324261
-14.5991	-7.94921
-20.1497	-1.91047
-20.352	-2.36981
-17.4449	-5.08303
-23.1087	-2.84157
-25.5125	-4.23312
-11.9304	-5.22907
-13.8446	-8.96093
-22.1115	-4.00707
-17.2614	7.23718
-9.31767	-7.09247
-19.0409	1.86618
-22.625	-5.4221
-23.8193	-6.20749
-21.6269	-8.34718
-22.8893	-5.44786
-22.0609	-6.46809
-20.8016	-4.75816
-22.6735	-2.46186
-20.9505	-2.89208
-20.9702	-1.43557
-21.4749	-1.75729
-22.5125	2.22961
-16.0042	3.40666
-16.5186	2.94711
-16.4041	0.0268648
-15.2561	0.441932
-17.6354	1.06605
-18.6551	0.838888
-14.7939	-0.753438
-8.4868	-7.64354
-4.71807	-16.9276
-3.62567	-19.2227
-3.95311	-20.358
-5.2059	-23.0702
-5.91111	-17.9964
-2.53671	-20.3422
-1.17623	-17.9938
-2.42709	-16.6886
-5.72082	-11.133
-2.12362	-1.55936
-4.10924	-6.38588
-1.59455	-4.39286
-4.52842	-11.1861
-4.94627	-11.4919
-2.72558	-6.16781
-4.4662	-12.2171
-4.66683	-18.8994
-4.79094	-9.19245
-6.58208	-8.18529
-6.96867	-7.90742
-8.85571	-10.7033
-5.35045	-10.3642
-3.80237	-9.39928
-5.41487	-13.9231
-6.4438	-7.73391
-9.56035	-7.30257
-10.5726	-6.42753
-7.02677	-1.36853
-8.28436	-4.7712
-14.2231	0.717316
-14.1545	5.35892
-10.098	2.69415
-13.7551	9.2777
-16.1354	1.6288
-15.2497	5.95805
-14.7009	5.67949
-13.3297	13.6396
-21.7321	-8.32179
-31.0245	-2.68116
-29.8825	0.817083
-24.5098	2.04886
-20.0465	-1.15283
-19.0405	-0.739288
-17.5014	-0.757501
-16.245	-3.87097
-14.2118	-7.01564
-14.4153	-8.75513
-14.6904	-6.72644
-18.7701	4.89934
-11.818	3.73729
-36.8534	-5.04264
-29.8248	-12.7713
-25.5568	-14.3638
-34.2006	-7.38469
-36.119	-4.70248
-36.8929	-4.92723
-36.5629	-9.10465
-38.5277	-4.35027
-35.7588	-6.50805
-32.3356	-6.09965
-29.6685	-4.03666
-20.4886	-2.49261
-15.7976	-1.19466
-14.9213	-0.984356
-13.7391	-2.89312
-14.4483	-0.980888
-23.0133	-3.26869
-29.2982	-6.42385
-31.2556	-9.68609
-33.0919	-8.63199
-31.6776	-11.689
-32.0802	-13.5864
-29.8618	-15.2355
-29.2584	-18.2388
-30.0513	-21.2605
-29.514	-23.6351
-28.0315	-24.7885
-27.7319	-25.2743
-26.788	-24.4515
-26.4146	-24.2441
-27.082	-23.486
-26.4727	-20.4049
-25.3339	-20.061
-26.4467	-17.9983
-26.0051	-17.1507
-27.7786	-16.4178
-30.5779	-16.2461
-31.6714	-16.0862
-34.4969	-13.6681
-34.8167	-11.1744
-36.9023	-9.91434
-35.2387	-7.25419
-34.8168	-7.61038
-35.2038	-9.0943
-34.5071	-2.72707
-19.2644	-1.81176
-17.4342	-1.98492
-14.1031	-1.4674
-15.306	-3.83031
-13.8416	-5.28534
-15.5215	-5.39983
-12.6079	-7.54228
-12.4673	-8.29713
-11.2657	-10.2014
-9.85007	-8.51317
-6.64769	-0.381115
-14.9325	-0.261535
-18.02	-5.23908
-27.255	-4.94282
-28.4728	-11.6902
-8.28481	-14.9585
1.46162	-15.9878
1.19549	-23.6916
-22.429	-12.9668
-30.8885	-9.61565
-33.6575	-8.05105
-33.3821	-8.52159
-35.7943	-4.61981
-36.2929	-2.31082
-35.5999	-4.39892
-31.9541	-1.02959
-20.8046	-0.729758
-19.724	-0.809756
-18.3846	0.745666
-18.2088	2.17101
-26.8584	3.95307
-34.9148	-2.74361
-37.3341	1.80456
-35.8681	2.5572
-31.2254	-2.2738
-27.9506	-4.81872
-23.2136	-5.68802
-16.9092	-7.61801
-15.6984	-9.53073
-14.3515	-2.94049
-10.5665	-1.0924
-12.594	1.60451
-16.6776	-2.1094
-21.7313	-8.31654
-9.07702	-0.472531
-11.0928	-9.63917
-18.5042	-12.7596
-22.6127	-11.1109
-23.1612	-5.12602
-22.0692	-0.870824
-11.4413	-2.74844
-9.11336	-4.8766
-9.45661	-0.303818
-7.86854	0.482303
-8.30261	-2.59714
-6.96849	-4.57517
-9.45004	-6.57955
-6.6651	-6.6529
-6.61773	-2.54138
-3.44169	-4.83543
1.98534	-2.71392
-3.98937	-5.92818
-8.96687	-11.1501
9.28118	-14.5787
7.7132	-14.026
6.01858	-4.31197
-10.3907	-11.0561
-18.738	-7.15881
-24.0147	-6.40476
-26.641	-5.97612
-24.6732	-15.5769
-26.6302	-14.5602
-22.0232	-12.7508
-29.274	-14.3354
-23.8866	-9.62187
-27.6366	-15.6978
-22.823	-15.9305
-30.3945	-14.1189
-22.5474	-12.9059
-18.8358	-11.3205
-15.3166	-6.34304
-13.0633	-0.51455
-12.1235	-0.0888258
-14.9209	-4.93105
-16.436	3.70094
-14.6152	0.981481
-14.103	4.2523
-14.228	7.92521
-15.4765	9.5511
-14.958	6.59637
-13.415	12.7627
-31.8766	-6.51442
-27.8706	-1.53772
-24.1869	-5.55042
-20.4361	0.720821
-17.0296	-2.82865
-16.8074	1.73115
-18.6656	2.21899
-16.4499	5.46624
-16.0142	7.58635
-16.0946	8.00927
-16.5718	8.61136
-13.8552	1.40501
-14.1614	6.38633
-7.33366	6.4567
-15.2687	9.31171
-17.0904	4.58116
-11.0763	8.98371
-12.8246	9.45977
-10.8686	11.4862
-9.926	8.61134
-13.7881	9.19377
-13.1097	4.89539
-14.5085	8.11949
-11.9138	0.0849467
-9.81072	6.70565
-20.2509	-12.3441
-22.2798	-8.49931
-30.736	-4.7837
-33.3915	-2.29805
-34.7274	-2.91265
-35.8191	-4.24171
-34.9723	-7.54551
-34.101	-8.67341
-32.4764	-10.6163
-30.2432	-15.434
-29.8817	-18.2069
-27.7498	-20.2679
-25.4076	-18.8319
-22.3545	-20.2966
-21.7291	-18.4207
-19.8602	-16.9506
-18.1833	-13.6405
-15.5678	-14.3077
-13.9038	-13.7633
-13.83	-13.6035
-12.7555	-10.7863
-12.2143	-10.4802
-11.4604	-8.71361
-9.95876	-9.85623
-7.49441	-14.126
-5.09179	-18.2172
-2.82995	-21.1204
-2.30731	-22.0768
-2.99858	-22.053
-5.55614	-21.746
-6.82664	-19.8288
-9.21043	-16.5791
-14.6528	-11.7607
-18.5766	-5.96376
-20.8498	-1.23052
-17.6482	-0.938672
-17.7022	-2.69056
-16.5616	-7.50315
-22.0544	-5.44514
-14.4679	-8.72967
-16.0009	-9.40065
-13.9741	-13.3181
-15.1655	-10.2521
-18.4253	-6.40678
-18.5172	-6.49671
-24.0937	-5.74891
-34.0724	-5.35894
-33.2043	-4.8699
-33.7091	-6.17566
-34.3548	-6.31345
-32.387	-7.38876
-32.8655	-7.84001
-30.3112	-8.40403
-28.6514	-8.97898
-29.5844	-11.2797
-28.2046	-11.7422
-25.4166	-12.6406
-21.4183	-17.5105
-13.9246	-17.7915
-9.23578	-13.207
0.422032	-11.5522
-2.80287	-13.1175
-5.58029	-18.6795
-0.162764	-17.7374
-2.96413	-16.3133
-10.8519	-11.1167
-10.0238	-10.6851
-6.85547	-14.3987
-13.5767	-8.48499
-18.1732	-6.56345
-16.0287	-7.58623
-21.9846	-6.78886
-17.985	-7.07898
-19.3817	-5.37214
-17.7498	-3.90468
-15.5798	-5.99681
-16.236	-4.08617
-16.2908	-2.86047
-12.5751	-1.98154
-11.5849	-8.02237
-5.66626	-1.66907
-9.86986	-0.04352
-9.72717	3.09728
-15.3888	-1.43434
-6.44608	5.32076
-32.5175	-7.02387
-30.7109	-15.7571
-32.4156	-15.2441
-31.3758	-14.8051
-29.8563	-14.0646
-22.1934	-14.6934
-14.6423	-16.0501
-8.25324	-12.0702
-9.98177	-13.1046
-13.5934	-9.06475
-17.8134	-10.1961
-15.112	-5.93407
-13.534	-1.80383
-12.2335	5.31739
-14.6897	4.18778
-25.0037	-7.36565
-33.4193	-4.07657
-32.5165	-7.98666
-31.4268	-5.95178
-24.604	-4.84417
-17.7013	-1.00148
-10.5856	0.682854
-11.5402	0.531472
-10.8151	1.05246
-12.5688	-1.12737
-19.2387	3.70973
-16.6027	5.70502
-17.2413	-3.30188
-24.3686	-8.27598
-15.0333	5.56753
-14.7371	-6.78358
-19.6359	-12.7181
-22.8768	-9.09569
-21.8041	-9.84042
-20.8429	-6.08433
-18.7824	-0.551119
-19.7605	0.232081
-19.6779	-4.67239
-20.446	-6.77204
-18.4864	-6.75982
-18.4389	-5.89933
-17.9037	-5.84206
-17.1023	-5.35853
-13.1875	-11.2256
-9.04358	-16.5011
-3.1536	-17.0648
-1.4126	-11.7543
-8.38861	-10.7689
-0.602911	-3.22145
-6.21637	-6.35113
-8.48953	2.90066
-10.3466	1.89196
-6.83065	4.74693
-4.83933	-5.01321
-19.2113	-8.42217
-23.4466	-8.59281
-28.6094	-7.17548
-30.1224	-7.4319
-30.3649	-7.54536
-30.7385	-7.62879
-31.5869	-9.23782
-29.018	-12.0938
-27.6152	-11.5784
-16.9698	-14.901
-5.55839	-9.32906
-5.57666	-1.31086
-2.38428	-2.42804
-3.45195	-9.92854
-3.32865	-8.62254
-1.3862	-6.67131
-3.88852	-19.8246
0.530091	-6.82683
-3.89167	-5.72405
-5.6109	-8.42857
-7.62642	7.39934
-8.99441	12.3567
-15.3835	-11.6637
-16.3481	-11.6962
-13.8151	-13.0146
-15.4802	-10.7144
-16.2165	-11.3069
-19.2515	-6.71789
-20.4894	-3.67953
-22.9456	2.71674
-22.176	1.86474
-26.7294	2.75592
-28.3107	2.4133
-30.2173	2.32471
-28.8022	-0.502463
-29.4608	-0.470342
-30.5762	-0.339573
-31.4703	-0.262489
-33.2172	0.765188
-34.4832	2.30562
-34.7254	1.46975
-33.7668	-0.0566008
-35.6265	1.09586
-30.4516	-4.95334
-27.8207	-8.19068
-21.4141	-11.084
-21.2326	-14.1737
-17.4008	-13.5462
-14.9792	-14.5929
-20.0888	-12.2914
-19.7272	-12.6003
-18.1932	-4.92052
-14.4235	-4.51447
-12.7975	-6.99338
-9.82044	1.33242
-11.3151	4.8731
-13.7105	5.0854
-3.54578	9.50604
-10.2032	7.85332
-14.0315	16.352
-10.2843	15.7294
-16.2247	-9.93288
-18.356	-14.5514
-25.3093	-15.9323
-24.5234	-18.4983
-25.6767	-15.5625
-26.7845	-13.1758
-22.1698	-9.79322
-14.7234	-0.711464
-14.5963	-0.03057
-14.2176	-1.19204
-8.87937	-4.29543
-15.2168	-3.3545
-28.0127	-3.4255
-33.7865	-3.58101
-35.5393	-3.24531
-36.9468	-3.8907
-34.1884	-7.62798
-27.2681	-12.0222
-29.4291	-6.00548
-28.1517	-4.59312
-21.2266	-6.19486
-16.66	-4.06846
-14.8341	-1.65975
-11.0614	3.14248
-12.7968	2.80742
-13.5064	-2.09715
-14.4957	-3.30439
-19.896	-10.0412
-22.2575	-14.5578
-24.4699	-17.2861
-27.0139	-14.1353
-30.8024	-12.6623
-31.7668	-15.3238
-30.0809	-16.1045
-26.2987	-17.2372
-19.8169	-14.0637
-4.0634	-18.5888
-0.645091	-12.6983
-1.39758	-13.363
-8.41554	-8.47346
-5.34584	-6.63441
-6.50985	-7.1234
-15.496	-13.4818
-18.6264	-13.7602
-20.4742	-14.2405
-16.5473	-11.3624
-11.2758	-3.08162
-11.223	-7.18306
-9.93999	-5.51265
-8.97776	-1.80873
-20.8368	-6.91991
-24.9867	-12.8592
-31.4997	-12.3962
-32.0849	-12.1059
-33.1129	-11.6138
-32.5978	-11.1177
-32.23	-9.56204
-26.0965	-6.05735
-25.5917	-9.17381
-30.478	-5.73136
-30.8505	-7.36647
-23.1758	-7.32988
-14.7498	-1.85364
-13.9886	-2.13677
-11.7064	-1.5957
-11.039	1.26001
-15.1253	5.96084
-13.2768	-0.49951
-11.8506	2.96437
-8.58319	-2.92577
-15.246	-13.008
-23.515	-14.0475
-24.6545	-19.4758
-25.024	-13.1144
-22.8248	-10.7699
-13.9257	-12.4345
-7.93298	-2.57913
-8.03947	2.29543
-6.54149	-0.124437
-14.7034	-3.1944
-19.9141	-7.40997
-15.7594	-9.44563
-14.8976	-5.32831
-11.8049	-1.28422
-24.2659	-6.20667
-26.0578	-5.98126
-23.5941	-7.96599
-25.5285	-6.12622
-23.7079	-7.46529
-23.8438	-6.26621
-22.586	-5.75205
-19.8468	-3.7318
-15.6165	-5.70975
-13.1902	-7.6991
-13.7953	-5.43461
-12.7879	-7.72024
-8.60257	-8.9865
-4.21614	-4.72353
-8.29233	-3.45527
-7.32947	-8.35767
-9.12551	-8.77624
-13.4093	-4.88667
-11.6188	-3.65774
-7.65303	-6.49971
-20.2721	-15.5999
-22.2596	-16.813
-24.7805	-18.3192
-26.8635	-17.2172
-30.3686	-10.0596
-33.0634	-9.38824
-34.2198	-7.16118
-32.8105	-9.63894
-32.4667	-10.6229
-34.4501	-9.5703
-31.78	-8.23188
-28.5542	-6.86082
-25.2033	-8.97738
-21.5391	-10.4069
-16.4712	-15.2189
-10.4682	-20.0929
-7.371	-23.0235
-8.5674	-20.319
-15.7097	-3.94969
-16.1492	-3.51076
-14.4747	-7.08474
-14.6665	-6.78027
-12.482	-10.4796
-4.99049	-7.29794
-9.09735	-6.22008
-10.2936	1.53084
-12.5477	-2.38556
-18.5138	-10.329
-21.3677	-5.7981
-17.7915	-4.21969
-27.0557	-7.37976
-29.5283	-9.48081
-30.9672	-9.37624
-32.6521	-6.13377
-33.9946	-4.04368
-31.1502	-4.71133
-20.9616	-8.82679
-24.5716	-6.51448
-28.3678	-3.42418
-29.7122	-4.42782
-28.2285	-6.8779
-24.2347	-4.98697
-24.2982	-5.85517
-23.6155	-6.2119
-25.4806	-7.85845
-25.6293	-11.2865
-27.8372	-11.5787
-31.5454	-10.4755
-33.3825	-10.0626
-32.8773	-7.26409
-31.9049	-6.15728
-31.1048	-2.5027
-28.9103	-1.7503
-29.1732	1.85247
-20.8556	2.50928
-15.2127	-1.54358
-16.5832	-2.33267
-15.4718	-3.64737
-16.4635	-4.88263
-11.0872	-16.5556
-9.65597	-21.3677
-5.34328	-26.4272
-4.63222	-26.0156
-3.83605	-27.0734
-2.92148	-27.3672
-4.4892	-27.8007
-7.72656	-25.5133
-13.6309	-20.6845
-17.4392	-15.4681
-23.5918	-9.59298
-28.9018	-6.72213
-31.9217	-6.74932
-35.2099	-3.80069
-36.105	-2.13227
-29.5964	-4.70934
-28.4524	-6.38092
-23.5574	-12.9278
-28.602	-7.5211
-28.0411	-9.75159
-30.5682	-10.0932
-30.9651	-9.89132
-31.3089	-8.10775
-29.9185	-10.3476
-28.729	-11.8332
-26.1154	-14.1651
-24.8824	-14.4642
-23.3427	-11.4783
-20.8656	-9.25942
-21.9391	-6.23432
-22.7576	-2.25501
-15.1149	-0.373873
-14.1322	-2.66413
-12.0157	-5.01805
-11.5372	-4.65946
-11.8238	-3.45904
-9.14757	-5.4012
-7.3955	-11.8337
-2.80378	-18.1099
-0.883097	-21.8062
0.497765	-21.2818
-0.559665	-19.6172
-3.22407	-19.3532
-7.20654	-16.3727
-11.0684	-14.0272
-14.4313	-11.3621
-17.6064	-8.81921
-19.8228	-8.37213
-17.5691	-12.1621
-6.31539	-12.0739
-0.840644	-6.79195
-4.57505	-8.63058
-2.15719	-10.0368
-6.37587	-8.72618
-6.83501	-6.98386
-13.0257	-7.90855
-11.9394	-11.2814
-9.42598	-7.57519
-13.9383	-1.83439
-16.066	-1.44193
-16.614	-1.26933
-16.893	4.23113
-14.9193	-5.39305
-18.2552	-14.5159
-15.225	-19.2756
-14.679	-15.7148
-15.1625	-11.1428
-16.0618	-1.9688
-12.121	-6.0601
-10.9435	-5.36789
-6.63831	-5.05678
-5.36474	-5.36979
-1.96884	-9.5976
0.386648	-13.4554
-0.395652	-15.1646
-1.8776	-17.0493
-4.35471	-18.2478
-8.00115	-16.1121
-12.2029	-12.7
-15.2525	-10.3654
-17.5462	-10.1472
-18.4438	-10.3663
-15.759	-13.2805
-17.0032	-9.41086
-13.1628	-5.82971
-6.73291	-7.96617
-9.57524	-9.52105
-15.767	-3.46459
-14.6804	-5.73287
-12.1046	-4.18177
-20.0991	-8.30604
-4.07255	-2.60369
-7.89771	-2.49437
0.91434	-6.47226
-7.57584	-16.4677
-3.02119	-22.6111
-2.64431	-17.3046
-0.0901223	-14.6091
-1.1784	-1.87969
-19.9884	-3.29473
-5.57573	-5.39223
-9.85291	7.67349
-9.26049	4.33175
-15.8175	-0.712572
-16.7538	-2.67846
-18.5472	-2.98873
-18.9124	1.23424
-16.0717	9.14529
-24.0771	3.29587
-22.4794	8.00947
-20.01	0.591841
-23.07	0.431705
-26.1137	1.84065
-22.0627	1.653
-27.1166	4.58561
-26.1982	2.92966
-30.0548	6.56935
-23.7891	9.03905
-26.3473	3.78034
-22.6628	-1.45717
-21.5507	3.59417
-19.5725	3.10797
-18.0745	12.2213
-12.8858	2.17277
-15.5894	3.77379
-14.7476	10.9136
-16.1673	9.96153
-11.8999	8.14403
