-17.5088	-9.14662
-20.1184	-9.61823
-21.9559	-7.22698
-20.1297	-9.35363
-21.004	-9.21241
-20.2243	-8.32827
-20.3399	-11.016
-16.4099	-4.10534
-7.09814	-3.34665
-4.39188	-4.86282
-4.856	-5.14922
-3.75419	-6.26157
-4.67359	-4.67487
-5.88329	-6.07163
-10.9018	-18.7396
-13.7118	-22.7797
-15.3613	-25.5795
-14.6796	-25.1393
-15.6791	-24.0849
-14.8978	-24.3548
-15.0665	-22.4769
-15.6123	-21.3932
-16.0475	-19.6677
-15.0855	-18.4483
-11.257	-17.501
-8.46056	-16.0565
-9.94745	-15.16
-11.5927	-16.7315
-15.6719	-18.1116
-17.3138	-17.1098
-17.7062	-18.0987
-18.0178	-17.5568
-15.4535	-16.7675
-9.28705	-13.5807
-7.23955	-12.206
-7.05132	-8.45882
-5.56886	-7.8764
-5.4837	-6.22706
-4.88495	-4.65643
-5.31392	-3.43721
-17.0886	-6.61701
-13.603	-7.99307
-11.769	-9.12037
-11.408	-10.1484
-11.8961	-11.2679
-13.0528	-11.3994
-13.9829	-12.3678
-12.7757	-15.7055
-10.2836	-15.2795
-14.7133	-19.4288
-15.3923	-21.5683
-16.0327	-22.0243
-17.725	-22.5545
-16.651	-23.8723
-16.4072	-23.5201
-16.5466	-20.2371
-15.139	-18.7133
-16.8857	-15.6378
-16.5788	-8.9341
-22.3684	-3.41933
-26.03	-5.53817
-27.0453	-9.67897
-25.4797	-8.47595
-27.6627	-9.84499
-25.8838	-8.47317
-27.9274	-10.0859
-23.7878	-6.82609
-12.9935	-6.91612
-10.002	-11.9643
-11.426	-14.8268
-14.0406	-13.8129
-13.2515	-14.7794
-12.2791	-14.7376
-10.2524	-11.3714
-6.64222	-4.30702
-8.05822	-4.06936
-7.91144	-8.07782
-9.93804	-3.26937
-10.1625	-6.16237
-13.1119	-7.36083
-21.3184	-14.0651
-16.4663	-14.8332
-15.0925	-20.6769
-19.8343	-19.3507
-20.828	-20.8695
-21.5141	-20.3678
-21.1566	-20.2041
-21.714	-20.2287
-21.2594	-19.715
-21.9148	-20.5194
-20.6857	-18.0295
-17.3936	-16.9581
-14.3927	-11.8772
-14.8197	-8.92833
-14.0723	-6.89369
-12.6999	-6.37841
-11.0186	-8.74577
-7.41458	-6.97322
-11.1789	-2.71351
-18.2567	-2.15419
-19.1348	2.58642
-17.2866	3.86698
-16.742	5.39156
-15.865	5.40443
-15.7051	6.59398
-14.733	3.71382
-14.8172	-0.101269
-13.3477	-5.56445
-12.1592	-10.3437
-10.5835	-12.3603
-10.9488	-12.9759
-10.2545	-19.2171
-11.8008	-22.7373
-11.9571	-24.6336
-13.365	-24.8193
-11.9815	-24.5153
-9.49144	-24.1849
-10.1084	-16.1174
-11.7431	-9.69486
-13.1185	-8.23256
-14.0022	-8.14408
-13.9237	-6.74078
-13.5896	-6.31842
-12.9594	-5.73
-11.9118	-6.43174
-10.7493	-14.4817
-8.60338	-16.6294
-9.20862	-17.4607
-8.86902	-18.0001
-9.39143	-13.0127
-9.20658	-5.96799
-18.5141	-17.9198
-11.6746	-17.3626
-10.3729	-16.4289
-10.6525	-15.8752
-11.4533	-14.5456
-11.8706	-14.5926
-13.4633	-17.0576
-14.5168	-20.0027
-14.9289	-21.2135
-14.7722	-21.2043
-13.0442	-20.0973
-10.4906	-14.2329
-10.5393	-9.29503
-9.74781	-8.99656
-9.72143	-9.09675
-11.3298	-5.30824
-16.504	-1.79279
-15.1934	0.439451
-15.1921	1.24126
-14.3277	1.76011
-14.5207	2.58301
-14.029	1.95116
-10.7468	-1.24304
-6.81768	-2.43744
-8.13215	-0.808591
-10.5263	-3.05536
-12.5553	0.982617
-16.2068	4.38951
-19.3061	6.46723
-20.3015	-5.8394
-12.5781	-2.45499
-12.1829	-11.419
-13.4975	-15.5855
-14.3485	-19.6524
-14.29	-21.9152
-15.3936	-22.3256
-13.5399	-23.0453
-11.4105	-25.8186
-9.23027	-23.6253
-10.9587	-14.5743
-12.607	-7.60383
-12.83	-8.85626
-13.1797	-9.28229
-12.0242	-11.2304
-10.2356	-18.4331
-9.74486	-20.6383
-9.06816	-20.6674
-8.94381	-21.4796
-9.00054	-21.0304
-8.89483	-20.9555
-10.607	-19.0976
-10.6548	-18.7787
-9.4513	-19.1372
-9.63085	-16.0145
-8.66007	-11.0185
-15.3725	-5.89258
-17.7053	-6.59088
-28.4767	-16.4858
-29.3174	-5.16788
-29.1464	-3.94883
-27.0581	-2.0669
-30.2498	-4.95827
-28.8025	-7.99916
-26.9126	-11.6641
-24.4166	-14.5559
-21.8242	-12.3125
-19.5069	-11.5905
-16.2635	-14.32
-20.6729	-13.7537
-17.8417	-11.3394
-7.7306	-7.92526
-7.31335	-11.3393
-8.951	-12.6967
-8.03281	-14.4072
-8.1224	-7.33188
-10.6267	-3.26499
-10.7337	-2.12423
-8.82449	-3.33645
-9.96951	-1.88594
-8.38554	-1.60977
-9.48715	-0.206613
-18.1519	-6.34241
-26.2056	-8.26609
-26.4529	-1.56746
-31.6022	0.513716
-30.0629	0.644342
-30.6096	-2.72444
-29.9978	-3.41326
-29.3944	-3.79447
-29.7206	-7.4435
-20.3679	-11.1118
-9.50636	-7.35775
-12.3136	-12.2652
-15.9312	-15.3719
-18.5431	-16.2122
-18.4023	-15.3645
-18.3599	-15.8441
-18.9886	-16.0236
-19.5407	-16.1728
-17.2119	-16.6938
-16.5683	-16.9662
-14.1639	-17.3049
-16.5684	-14.798
-17.4521	-13.6915
-17.6093	-13.1426
-10.8858	-13.2761
-13.3358	-15.603
-11.2803	-15.2885
-11.1856	-9.05692
-11.5702	-4.67549
-14.5442	-6.64465
-17.2337	-10.8127
-17.6723	-13.2747
-19.0612	-12.1742
-21.1522	-14.1123
-19.5703	-14.7904
-28.6792	-10.437
-24.3142	-9.78236
-26.3958	-6.88859
-29.2374	-3.73949
-28.3734	-3.85238
-30.649	-2.96652
-30.7983	-6.59307
-28.2678	-7.12255
-29.1585	-6.31331
-28.3088	-4.79638
-28.5257	-6.1728
-29.5315	-6.65581
-28.9539	-8.25675
-26.9051	-5.40483
-25.0429	-7.25811
-22.4394	-8.76845
-22.4348	-13.5386
-23.4114	-10.236
-21.8329	-12.3691
-22.1341	-12.0361
-20.5495	-11.8095
-20.4672	-12.3406
-19.4587	-11.1369
-20.2446	-12.5436
-21.0874	-11.8903
-20.5192	-13.1577
-20.6556	-11.3211
-20.8516	-10.6621
-19.6326	-9.8421
-20.9671	-11.2686
-21.3249	-10.922
-19.2208	-10.9074
-21.1696	-10.9445
-20.4134	-9.60304
-20.5927	-11.1647
-21.508	-11.2257
-21.406	-8.50303
-18.7697	-9.31345
-19.9944	-9.00097
-19.4567	-9.9137
-21.218	-7.06372
-15.6086	-0.898678
-6.76247	-1.91737
-5.60616	-3.13397
-4.87336	-2.89584
-5.08062	0.390475
-10.7058	-4.60143
-14.7686	-8.83956
-13.9089	-7.23667
-14.6937	-5.59554
-15.0204	-6.27858
-15.6129	-6.4896
-14.7258	-5.75217
-14.2539	-5.87619
-15.0919	0.084488
-15.4107	-1.77452
-15.9677	-2.3925
-14.0174	-4.63145
-13.6845	-4.62692
-12.533	-7.22537
-12.5115	-8.47365
-12.376	-10.9324
-14.0085	-13.4648
-15.1988	-16.2725
-15.9914	-17.7514
-16.7596	-16.3665
-17.0167	-12.6756
-16.4046	-6.87774
-14.521	-4.35337
-12.7958	-3.89075
-14.1818	-9.60141
-18.943	-10.5944
-20.1826	-6.07112
-15.7106	-2.84314
-18.4361	-8.08926
-19.4855	-10.9684
-19.278	-12.9502
-19.2011	-14.3554
-18.9022	-14.3863
-17.6455	-13.7283
-16.7804	-12.1245
-16.5174	-10.787
-16.6554	-10.9828
-15.6271	-9.83504
-15.6674	-8.5197
-15.1803	-7.94926
-13.715	-7.36203
-13.9969	-6.12497
-12.8215	-4.25449
-15.6473	-8.91621
-13.0791	-9.27851
-11.8363	2.64394
-16.2299	-4.25898
-16.6253	-2.70479
-17.0183	-2.35529
-17.3992	-1.57316
-17.4	-0.625234
-17.2925	0.116967
-17.3514	0.434197
-17.7129	0.186162
-18.5557	-2.80949
-19.5828	-4.96665
-19.7943	-7.46967
-19.5125	-13.0966
-18.2892	-18.1452
-17.9778	-19.3586
-17.7892	-19.8408
-16.0251	-19.3906
-13.6241	-16.8273
-13.442	-8.34486
-13.3888	-7.47169
-13.6527	-10.1148
-14.522	-18.5552
-14.3953	-24.2498
-13.5398	-25.4273
-13.3988	-24.9039
-13.0567	-27.0448
-13.3089	-25.6767
-11.9324	-24.3286
-12.4638	-20.4133
-12.3061	-20.0982
-12.1459	-19.4558
-11.949	-19.5437
-11.4059	-17.5937
-11.4887	-16.8403
-10.5516	-15.6559
-11.3718	-17.4463
-12.471	-20.6293
-13.5018	-23.1791
-15.8241	-25.0512
-16.6693	-24.6591
-18.0492	-21.0685
-17.9178	-19.4587
-17.3182	-18.7089
-15.396	-15.6911
-8.66783	-11.5636
-7.37568	-8.90818
-8.5474	-10.8409
-14.4574	-6.55798
-18.3981	-3.7133
-20.4115	-2.31899
-19.2466	2.60065
-19.7757	2.93452
-20.2779	3.18814
-17.7545	0.193039
-17.5536	-0.985292
-13.5179	-2.165
-10.5895	-3.11492
-12.5613	-5.01702
-12.468	-7.66377
-13.7556	-12.085
-15.527	-13.7054
-17.3866	-16.2648
-18.0148	-17.8143
-17.9822	-18.8756
-19.0553	-18.7391
-18.8208	-19.9171
-17.3955	-22.1156
-17.1864	-22.6477
-17.5592	-22.8032
-15.3718	-24.095
-15.5155	-23.2221
-15.7187	-24.8949
-16.5378	-24.7999
-15.8628	-23.9398
-15.0326	-22.0991
-13.528	-19.2393
-13.7805	-20.3114
-16.4605	-23.5431
-20.1412	-20.7545
-20.0269	-22.1061
-19.3647	-22.6353
-17.4178	-23.3622
-17.2	-25.7196
-18.2607	-23.3593
-18.2952	-22.5687
-18.6468	-23.4584
-18.6417	-23.6271
-17.1476	-23.1791
-16.142	-23.0905
-15.8509	-21.8601
-13.5483	-19.4242
-13.7247	-15.816
-11.6532	-12.6771
-11.9518	-12.167
-13.1214	-11.2504
-14.8656	-13.8276
-16.7533	-12.7469
-18.3922	-10.4182
-19.7315	-8.32607
-18.9988	-8.07495
-19.8058	-7.74978
-19.9969	-7.00393
-20.7674	-6.9414
-20.5944	-7.01973
-20.2584	-6.61127
-19.8559	-8.4331
-19.4984	-9.13704
-20.2999	-9.73841
-17.8262	-10.7993
-15.4687	-10.1635
-14.7239	-7.20777
-13.589	1.39728
-17.4179	2.54905
-25.1311	3.28623
-26.2697	-1.02285
-27.2926	-1.68768
-28.1187	-0.955675
-29.6935	-0.323502
-29.3507	-1.78108
-33.7712	-5.3577
-33.6302	-4.96352
-32.7021	-4.16957
-29.6136	-5.68359
-28.6529	-5.92806
-30.3002	-10.0911
-27.6248	-9.52461
-28.8011	-5.67385
-26.167	-7.76559
-14.8928	-0.657263
-12.6627	0.403474
-12.922	-1.25188
-11.7437	-3.67171
-9.39133	-3.62767
-8.61494	-4.10781
-8.17451	-3.97883
-7.98486	-2.65429
-7.00286	-2.10664
-8.2673	-0.0803634
-13.7259	0.396427
-23.4279	-0.159602
-27.974	-5.00358
-28.0856	-5.15463
-27.7175	-9.32724
-30.213	-4.94611
-32.6932	-4.10175
-29.4855	-7.4735
-26.5312	-5.02584
-28.8873	-8.21791
-30.0646	-8.2827
-31.7336	-13.2633
-25.5842	-8.99466
-10.7036	-11.6497
-11.4284	-21.3071
-14.8354	-23.1965
-16.2511	-22.4063
-15.2713	-22.8747
-15.718	-20.8204
-14.4875	-18.1348
-12.7345	-18.1875
-13.3487	-15.5828
-14.0991	-13.7247
-16.1128	-13.3438
-16.3227	-13.637
-16.1634	-13.092
-16.6748	-11.7608
-16.9778	-10.4013
-15.0202	-11.9838
-13.74	-11.6916
-11.4158	-6.88875
-11.1686	-4.40554
-10.8733	-4.35244
-9.36915	-4.17005
-10.1161	-3.15253
-8.4853	-2.2172
-7.44845	-1.45428
-9.38633	-1.44136
-10.1749	-4.78323
-15.9156	-7.19489
-16.3834	-9.75427
-18.2588	-11.1663
-19.987	-8.31434
-19.8888	-11.3201
-9.3196	-14.3167
-9.67793	-19.2383
-7.85243	-15.8157
-12.4093	-17.1936
-11.5479	-17.4785
-13.3224	-18.6178
-13.1776	-19.3528
-13.0319	-19.3296
-12.5677	-19.1641
-10.703	-21.9612
-9.96752	-21.7316
-9.52248	-22.6481
-8.84324	-20.538
-7.74936	-19.5152
-11.4533	-18.5463
-12.7563	-11.7819
-16.7331	-13.7442
-19.2981	-16.4396
-19.1589	-15.3925
-17.5322	-16.223
-18.5989	-17.0936
-20.4107	-18.4211
-19.9186	-15.3552
-20.6491	-16.8188
-22.8077	-24.4731
-21.7838	-17.0013
-21.7287	-16.4912
-19.1721	-22.2303
-21.4404	-15.094
-17.0115	-16.5946
-18.3853	-14.0222
-20.2186	-15.7657
-19.5588	-13.0716
-20.5153	-14.6803
-23.3293	-15.6583
-21.169	-9.52414
-22.5284	-11.5865
-21.0412	-10.5049
-21.5357	-12.5747
-20.753	-11.5819
-19.6994	-11.5725
-20.7778	-11.4987
-21.4385	-12.4708
-20.2546	-12.032
-24.0161	-9.96335
-28.3815	-7.67001
-28.9188	-6.12434
-32.7709	-5.80347
-32.1882	-4.67437
-30.0911	-3.376
-30.5857	-3.64786
-30.2254	-4.57352
-31.2974	-2.71414
-29.3229	-3.12021
-30.7966	-4.77173
-33.5531	-3.7391
-33.2092	-2.53115
-31.186	-4.26171
-20.8334	-2.9072
-9.79031	-0.166487
-11.945	1.12118
-9.84854	-1.08982
-9.07246	-2.33056
-8.67917	-3.48231
-6.41795	-6.69737
-8.47641	-5.33845
-9.7528	-3.17969
-9.86377	-3.98613
-10.1601	-4.03806
-10.2966	-4.99183
-10.3234	-5.28958
-9.83298	-5.34786
-9.93551	-4.55294
-10.5011	-1.84109
-10.6609	-5.32227
-10.642	-9.25476
-12.2972	-9.56875
-13.2072	-10.1683
-15.8091	-9.93077
-15.6224	-11.6199
-16.3923	-10.0904
-16.2155	-9.49396
-16.1562	-8.0444
-16.5937	-7.91743
-16.9263	-8.68028
-17.6814	-7.82448
-17.2468	-7.5485
-17.065	-10.008
-15.9578	-9.51964
-16.8087	-7.27335
-17.4281	-5.92542
-17.5338	-3.49463
-21.0802	-0.042611
-24.3655	4.79894
-26.1024	1.42869
-29.9084	-0.82164
-28.3225	-1.16427
-28.3016	-4.98842
-21.5271	-6.50174
-21.3699	-5.77489
-21.621	-6.84185
-22.1346	-6.0059
-21.7418	-10.1696
-21.7447	-9.84199
-16.8706	-11.7355
-11.6014	-23.3927
-13.9643	-24.9113
-14.0436	-24.1774
-11.6326	-23.6155
-10.8082	-18.8967
-17.3925	-14.2872
-11.2768	-18.9485
-11.37	-21.781
-10.5774	-21.8126
-8.51902	-20.447
-6.78565	-17.3645
-5.10036	-15.7764
-4.05959	-13.5631
-5.32965	-14.2788
-6.17055	-15.2511
-8.55807	-16.3321
-9.91843	-18.8805
-11.3054	-18.3811
-13.2196	-16.8583
-14.3802	-13.7314
-15.6286	-8.37058
-13.5598	-1.22656
-10.9363	-3.39699
-10.337	-3.89723
-11.806	-2.03227
-13.4108	-1.8649
-15.007	-4.47052
-15.502	-7.28376
-16.2699	-9.4243
-17.2487	-11.1971
-16.5298	-14.7778
-14.8943	-18.2247
-15.1922	-18.0605
-11.3179	-19.6446
-9.45736	-9.76398
-10.3042	-5.2421
-12.4121	-5.57912
-14.1709	-11.1
-17.472	-14.9576
-17.7101	-13.2893
-17.5539	-11.5676
-14.2905	-11.5604
-17.7673	-13.0936
-19.271	-14.029
-18.4508	-13.5662
-19.1325	-12.385
-20.3754	-11.4431
-19.9093	-11.2922
-19.4761	-11.3133
-20.1547	-10.3596
-18.996	-9.20691
-17.7119	-8.52307
-14.7449	-9.9974
-16.7405	-10.6727
-19.2221	-13.4096
-18.5024	-14.6605
-21.8287	-8.80629
-18.4184	-6.03334
-14.4254	-3.67781
-12.9841	-11.1947
-23.2888	-6.73167
-28.6042	-3.57856
-29.7348	-0.964735
-30.1017	-4.34875
-29.6533	-6.0285
-29.6193	-6.00604
-29.4611	-8.16988
-27.5287	-7.69013
-30.1423	-3.73331
-28.6617	-5.00189
-28.1778	-5.90003
-28.4393	-2.91929
-27.8646	-3.2572
-26.8788	-5.61064
-25.2636	-7.27993
-21.9075	-8.11301
-21.4435	-8.65036
-22.1187	-10.0892
-20.5569	-10.0364
-20.2691	-13.4995
-20.3674	-11.8433
-21.1842	-12.917
-20.1435	-11.5014
-22.9668	-5.51072
-20.6066	-11.4007
-16.9081	-8.67523
-21.0397	-10.8137
-21.6485	-11.5514
-21.47	-11.8282
-22.9101	-13.9215
-20.4245	-11.0628
-19.926	-13.0388
-20.1803	-11.8853
-16.0611	-9.52027
-19.8933	-11.4574
-20.3354	-10.8064
-22.1107	-14.5402
-17.6743	-5.11502
-19.0505	-1.85978
-20.2328	4.58396
-16.924	6.35977
-14.4515	6.44105
-16.8324	8.39495
-15.7936	9.62976
-15.5414	9.06306
-14.4579	9.27601
-15.2845	10.2907
-15.5218	8.02031
-18.5205	9.68767
-21.1314	10.8123
-21.2553	7.56935
-18.9008	2.60854
-15.1299	0.839011
-14.4714	-4.43123
-15.6965	-11.663
-16.0454	-15.9414
-16.1291	-19.035
-15.6246	-22.4359
-14.9413	-23.874
-13.9771	-23.1832
-12.0684	-22.5153
-11.8816	-22.342
-13.6096	-23.2183
-17.2891	-23.2679
-18.7472	-22.1463
-20.1093	-21.6282
-19.815	-22.2349
-17.1087	-20.9803
-16.9834	-15.6709
-14.5379	-9.50964
-9.41466	-10.6778
-9.72122	-10.5497
-15.8988	-10.2572
-18.9051	-5.65276
-20.6232	0.860533
-18.1961	-0.503698
-16.9851	0.691679
-14.6983	-2.8063
-12.0712	-4.66561
-12.7163	-8.03613
-11.188	-10.705
-11.5512	-14.8577
-11.7252	-18.0655
-11.7609	-20.5354
-12.2118	-22.8127
-12.7131	-25.1879
-13.5585	-25.1995
-14.3196	-23.8831
-14.0934	-24.3314
-13.6429	-23.8792
-13.0762	-22.5765
-13.7827	-21.7083
-16.8978	-22.1931
-17.2108	-25.1812
-15.7753	-25.5655
-16.277	-21.6654
-15.0131	-19.2902
-13.1544	-14.0562
-11.488	-11.0927
-13.061	-13.7123
-15.9682	-18.9684
-15.3798	-18.0748
-16.347	-16.4557
-25.4299	-12.0395
-25.5886	-11.1447
-24.1866	-8.05081
-24.1674	-5.93213
-13.5862	-0.428715
-13.046	-4.48356
-13.7387	-5.68086
-13.9234	-7.69581
-12.2881	-8.94756
-13.1143	-11.7884
-14.396	-16.4469
-13.8778	-22.0265
-13.8076	-23.8716
-12.4374	-25.5889
-12.2939	-25.1007
-12.2467	-23.6603
-12.0946	-22.6996
-11.9676	-21.2286
-11.9398	-21.3531
-11.564	-20.6046
-11.355	-19.4535
-12.2819	-19.455
-10.4068	-19.3669
-10.5306	-20.8641
-10.8658	-20.0342
-11.8987	-18.951
-12.6238	-20.9876
-12.1224	-20.3029
-12.5791	-20.5847
-12.4975	-21.5853
-12.2874	-21.0376
-14.1889	-20.9936
-9.22914	-23.2776
-13.6912	-25.539
-14.8147	-22.1631
-14.2408	-19.8605
-12.4537	-13.4244
-12.1061	-13.0441
-14.836	-9.703
-14.5567	-11.3274
-16.5185	-12.5083
-16.6848	-22.9177
-18.5982	-22.2866
-21.2453	-16.9618
-19.6832	-14.8972
-19.5143	-13.172
-21.1126	-13.4504
-20.6132	-12.5044
-20.0317	-12.1597
-19.6693	-13.4847
-21.9024	-14.9216
-21.8436	-15.8552
-22.4517	-10.5254
-20.3074	-11.862
-21.8826	-11.6401
-21.3772	-9.61719
-22.0832	-9.75643
-20.7123	-10.8424
-21.6495	-10.8351
-22.9417	-11.0934
-23.6976	-10.7351
-21.4258	-12.2557
-20.9546	-12.6067
-23.3158	-11.898
-23.7293	-12.7167
-21.9974	-10.5601
-21.1024	-13.5557
-19.7117	-13.3022
-14.5903	-7.56526
-6.09696	-11.8723
-8.16922	-15.2341
-10.7422	-16.6013
-11.029	-21.0207
-12.6133	-21.7057
-12.2409	-21.3605
-11.1104	-20.3189
-9.72767	-19.7759
-10.3035	-14.4825
-8.92334	-11.8167
-10.3146	-10.3948
-9.22901	-8.45283
-9.62891	-8.99498
-10.1579	-7.38574
-14.5523	-8.83032
-17.9857	-13.3798
-26.9598	-12.1018
-21.5114	-13.5547
-10.5878	-16.5083
-13.969	-20.0945
-15.7538	-19.6444
-14.67	-20.5208
-12.8372	-19.3068
-12.8383	-17.9033
-14.2479	-20.2866
-15.3479	-20.8909
-14.5081	-20.718
-13.5073	-18.9129
-12.7277	-16.7912
-11.9758	-15.0912
-13.1812	-12.1311
-13.8758	-10.3154
-15.3956	-8.46691
-16.2078	-7.44975
-16.4174	-5.82496
-16.6778	-4.11463
-17.2563	-3.35875
-17.682	-1.92203
-18.2638	-2.64566
-18.9934	-4.40798
-20.0848	-6.71438
-19.2195	-9.69891
-19.3471	-12.4712
-18.2897	-14.9206
-16.3356	-17.8084
-14.7604	-18.8816
-13.3483	-19.6241
-12.2865	-18.5647
-10.7749	-18.5242
-9.66483	-18.29
-8.57857	-16.2957
-7.77938	-12.6945
-8.09785	-13.3092
-7.96319	-10.5147
-8.5834	-9.78669
-8.99957	-12.8918
-11.3515	-20.4811
-14.5982	-25.3954
-17.4443	-22.8564
-19.3801	-21.77
-19.2943	-19.2373
-17.0949	-17.7571
-16.2705	-13.281
-13.8741	-8.66123
-12.5162	-10.368
-18.7103	-18.6678
-25.4984	-13.4265
-25.074	-7.08538
-26.729	-5.08673
-30.9086	-3.31042
-32.3312	-4.2099
-32.5378	-8.20247
-31.5004	-8.9082
-33.8576	-9.4637
-31.1906	-2.69846
-30.6037	-5.7723
-31.3835	-10.4415
-29.8491	-14.4275
-27.2466	-10.8553
-21.7663	-8.02937
-10.8986	-6.13413
-16.1512	-7.10589
-16.1668	-6.84123
-14.7975	-4.77917
-11.5983	-3.11784
-12.71	-1.70702
-21.0173	1.9234
-23.1839	-3.15654
-23.235	-5.75278
-25.62	-5.26378
-27.5123	-5.63042
-28.521	-6.76267
-30.0335	-9.42708
-28.9176	-6.58636
-22.2712	-5.27076
-11.639	-0.841808
-16.0613	7.0533
-15.5825	8.0485
-14.9988	8.36485
-11.5087	4.96751
-11.6401	1.13803
-13.3472	-2.4998
-16.4533	-3.40188
-18.8653	-11.251
-20.2321	-9.23387
-24.5719	-8.94643
-27.5606	-15.4848
-26.8155	-5.64
-28.9112	-8.44048
-32.6705	-2.84391
-34.8975	-4.08143
-33.2182	-5.06371
-32.2433	-4.15432
-29.012	-4.45785
-23.1096	-6.53765
-10.1564	-4.04049
-14.2786	-9.85797
-16.5993	-16.8402
-16.7724	-23.4423
-16.826	-24.0965
-17.1148	-21.8373
-16.3639	-18.4859
-17.9653	-18.6811
-16.8894	-20.7444
-15.7623	-22.7635
-15.4368	-19.8477
-17.9461	-16.2703
-15.0945	-12.3561
-7.69864	-10.2127
-9.72	-8.68871
-11.7583	-7.71205
-12.0744	-5.50135
-12.8784	-4.69827
-8.9308	-7.472
-8.15053	-3.63929
-10.1795	-5.82417
-11.2528	-4.21548
-14.9134	-5.73005
-17.4733	-9.07895
-18.0346	-10.4383
-18.7319	-9.92155
-18.8024	-12.9187
-20.5402	-9.5806
-18.7731	-10.3468
-19.2165	-11.2226
-21.3161	-14.3762
-20.8161	-13.1712
-18.712	-11.4148
-21.0562	-11.9215
-20.4096	-14.4565
-22.0433	-14.2864
-20.6044	-13.1526
-22.9668	-11.8725
-18.7336	-10.3064
-20.848	-9.60453
-21.2363	-12.2459
-22.4399	-10.2242
-21.2587	-10.1867
-21.1479	-12.0714
-21.7669	-11.4305
-20.0684	-10.7823
-22.1181	-12.5945
-21.7178	-10.2274
-20.8914	-11.7354
-21.0725	-12.9305
-26.156	-7.97002
-27.3192	-7.21176
-26.7955	-8.412
-28.0775	-5.13128
-27.1845	-8.75327
-25.7836	-7.32925
-29.2827	-5.58288
-28.9814	-8.84124
-28.0788	-9.12137
-27.3473	-10.9197
-18.5373	-10.742
-14.586	-14.2698
-16.7121	-17.5376
-17.0225	-15.9739
-17.2269	-15.3488
-17.3781	-14.9077
-17.5056	-15.544
-18.7829	-16.38
-18.8548	-16.7701
-19.6974	-18.0819
-20.1234	-17.4002
-20.3288	-17.9636
-19.378	-16.2303
-18.6406	-12.1298
-14.9261	-9.50956
-12.9439	-5.03945
-14.7448	-1.98177
-20.9454	-3.23761
-26.1007	-9.24271
-28.0948	-8.63918
-28.9048	-9.34323
-28.3438	-8.2252
-29.2132	-9.30313
-30.0097	-9.96818
-28.347	-6.33421
-27.3456	-8.14845
-27.7068	-8.5975
-26.5484	-8.62138
-30.0531	-8.87112
-27.9376	-9.5943
-18.6687	-3.2785
-17.4549	-13.7064
-19.4805	-14.9376
-20.189	-13.0938
-19.8189	-12.4836
-20.5221	-13.3282
-19.0931	-14.2218
-17.2842	-12.4992
-13.9037	-9.56003
-12.4439	-6.61703
-13.1278	-6.37954
-16.4451	-13.3028
-13.737	-18.733
-12.8212	-17.9883
-12.6881	-17.6106
-10.9784	-16.1437
-10.7122	-14.9752
-11.6965	-11.8657
-13.6665	-7.58277
-12.2034	-9.1342
-12.197	-7.89588
-11.6575	-8.87518
-11.1831	-7.68158
-10.1929	-5.9634
-8.83217	-5.34073
-7.54057	-5.99765
-6.20355	-6.92249
-9.56103	-18.6361
-11.7667	-22.3467
-13.36	-23.5208
-13.9153	-24.6643
-14.5907	-23.8698
-13.6878	-21.5321
-12.8759	-20.0564
-11.6465	-19.8839
-11.4664	-19.098
-12.8742	-21.9886
-12.3408	-23.1733
-12.2383	-24.7161
-11.8521	-24.4175
-12.7164	-25.0453
-13.6101	-24.2297
-12.0133	-24.7386
-12.1287	-22.2897
-18.8016	-12.8939
-15.8321	-16.1451
-12.0915	-17.2218
-16.4758	-11.1002
-23.1054	-3.11001
-29.1899	-7.15061
-29.8075	-5.96262
-30.4345	-5.65943
-31.1223	-4.78358
-29.4958	-7.45211
-29.1799	-7.13667
-30.4798	-7.7147
-32.4934	-8.451
-29.6533	-8.38874
-27.6961	-6.39197
-24.685	-13.3842
-10.9825	-14.5333
-12.812	-20.5006
-14.7839	-22.976
-17.7153	-20.6039
-17.6214	-21.5092
-17.0691	-21.6503
-16.5109	-22.3659
-14.146	-21.6674
-12.5594	-21.1377
-11.1318	-21.0321
-10.5669	-19.953
-15.5526	-14.6359
-15.0976	-18.6613
-16.3273	-16.1426
-15.4705	-13.2602
-14.4884	-10.0773
-14.2993	-9.37546
-14.2185	-9.62947
-13.0932	-9.06174
-11.4555	-9.85801
-11.5668	-6.76581
-10.8119	-7.25737
-9.48554	-6.05846
-11.107	-10.1531
-12.7161	-14.8907
-13.8749	-19.4161
-15.8844	-20.9206
-16.5615	-20.6783
-16.606	-20.8232
-14.6038	-21.0051
-12.3319	-20.8093
-11.0993	-21.1184
-12.168	-20.0687
-13.4119	-16.2479
-12.2778	-15.7042
-10.632	-14.1593
-10.9864	-7.07046
-10.0658	-7.25111
-10.2018	-7.24507
-9.01911	-9.12206
-8.94355	-9.69767
-10.9657	-10.8135
-13.7505	-7.17074
-13.9028	-5.36131
-14.6977	-3.5286
-13.7344	-0.38419
-9.67608	-1.66196
-9.59038	-3.40292
-10.8392	-4.44575
-25.2923	-10.7767
-28.8208	-5.19675
-28.9757	-6.85094
-27.8414	-6.68485
-29.0671	-6.76946
-30.9864	-2.08263
-31.2325	-3.38081
-32.6911	-3.22683
-34.5191	-6.91109
-34.7175	-5.80245
-32.3836	-6.48119
-26.5073	-4.6292
-23.3182	-4.89763
-22.8593	-6.21789
-24.9443	-9.92664
-26.7636	-6.79221
-25.7194	-10.4604
-22.8201	-2.89205
-12.6558	-12.9138
-14.1297	-17.8016
-19.1237	-18.6978
-20.0957	-20.4859
-20.3731	-20.6078
-20.7477	-21.5097
-21.0521	-22.1659
-20.9203	-22.647
-20.252	-22.8825
-20.8241	-23.1803
-19.7028	-22.6197
-18.3456	-23.2531
-15.9994	-23.5913
-13.9875	-21.2068
-15.2565	-11.9864
-15.242	-12.3538
-15.7804	-13.1219
-15.2808	-10.7599
-15.2816	-10.7064
-14.8845	-10.7507
-14.6487	-10.7979
-13.5549	-10.2428
-12.3505	-11.1948
-12.0425	-7.24182
-11.9934	-7.60516
-11.6047	-7.31908
-15.2979	-9.4346
-16.1711	-9.11144
-11.5448	-5.12323
-13.13	-5.26842
-9.82316	-5.11045
-10.0869	-1.77656
-12.1054	-3.40954
-12.2753	2.25435
-13.2285	3.32823
-12.6182	4.59058
-12.8711	3.82326
-13.0745	6.41882
-13.1477	4.40248
-13.0383	2.59264
-13.3015	1.55369
-12.7043	-1.44763
-11.7174	-3.62109
-11.9368	-4.28023
-11.0336	-3.34011
-9.0569	-3.45011
-8.49287	-2.1305
-7.74833	-3.29401
-6.91982	-1.7098
-6.18746	0.17729
-8.25455	2.17241
-13.7436	0.745425
-17.232	5.68796
-18.3256	4.58615
-19.4757	6.64064
-16.4487	0.85129
-13.999	-4.00754
-14.2019	-9.62278
-12.0057	-9.40934
-10.764	-10.1006
-10.4658	-11.5454
-9.475	-11.3812
-9.57092	-11.1169
-10.033	-13.2797
-10.9771	-15.7702
-11.6477	-17.7466
-12.6294	-20.4468
-13.5951	-20.4031
-13.3905	-19.1597
-13.5238	-20.5906
-13.2175	-20.0238
-12.3435	-20.175
-12.1669	-18.169
-11.735	-16.6759
-11.7777	-16.8908
-11.7869	-18.3356
-12.224	-18.4717
-13.5549	-16.2355
-11.879	-18.2945
-11.5404	-18.7534
-11.5778	-17.528
-9.47543	-15.1591
-7.96068	-13.6147
-9.1355	-11.6402
-10.4495	-9.33528
-15.9461	-12.7591
-16.4373	-22.8421
-14.3216	-23.6082
-4.33394	-12.8082
-4.91942	-15.2885
-6.71788	-15.2605
-7.77284	-13.8834
-7.76042	-13.4441
-8.3072	-11.3433
-11.7917	-7.38676
-13.0822	-2.22052
-11.3997	-1.87091
-10.516	-2.0956
-8.91046	-0.452418
-9.50671	-0.744953
-11.5696	1.54416
-13.1769	3.48018
-12.7194	-0.225342
-16.1428	-1.24903
-23.0482	-7.08575
-23.1882	-13.3319
-13.7277	-4.67773
-8.02987	-13.2928
-11.6385	-14.9719
-10.6384	-17.644
-8.93828	-20.4702
-10.5472	-20.881
-10.6202	-21.1015
-10.2094	-19.3345
-9.35769	-19.5504
-9.27822	-19.3543
-8.88581	-20.1225
-9.05672	-18.8306
-10.3908	-17.1065
-11.0797	-16.8724
-11.9911	-17.2814
-12.9966	-19.1539
-13.6759	-19.2615
-14.1194	-18.2364
-15.0151	-15.0755
-15.8922	-14.5207
-17.6176	-13.5526
-18.0194	-12.4725
-15.5135	-11.6127
-16.2467	-12.4236
-17.3191	-9.96152
-14.5637	-10.9476
-17.0446	-13.4793
-19.4842	-7.47616
-15.425	-11.1749
-15.7731	-11.4913
-15.9942	-7.98318
-18.6014	-3.68039
-23.7513	-4.73217
-27.306	-7.11836
-29.2212	-6.36678
-27.3373	-5.38315
-26.9597	-6.03397
-27.9367	-6.91582
-27.9749	-3.51408
-28.972	-4.98486
-28.8611	-4.08036
-29.7458	-8.01107
-28.4341	-6.73974
-29.2735	-7.88369
-27.9041	-5.73794
-17.331	-12.4046
-20.5399	-10.8914
-20.6196	-10.3836
-20.2127	-10.2606
-21.772	-11.3391
-19.2096	-9.95939
-18.6113	-9.88165
-18.5438	-10.6082
-19.359	-13.5426
-16.9565	-7.43816
-9.62373	-4.31629
-6.72501	-7.54634
-9.4724	-2.33343
-9.84094	1.55361
-10.0763	2.86088
-9.6783	1.68442
-10.1239	2.95097
-8.99267	2.04265
-7.57949	0.0736874
-6.9641	-5.71366
-9.07685	-4.99097
-15.2129	-9.41807
-18.0155	-13.458
-17.0221	-8.6719
-18.5813	-9.56199
-17.5389	-16.1187
-22.9323	-24.0791
-19.9356	-19.7922
-14.4742	-16.9847
-16.5626	-22.5364
-17.1839	-25.2441
-19.6837	-26.2298
-16.1662	-25.6086
-16.2983	-27.224
-15.7911	-23.0497
-14.4334	-9.45198
-13.5324	-12.8685
-13.7384	-9.40263
-13.0703	-9.37302
-12.5868	-7.22895
-11.4712	-8.3838
-11.2412	-7.55642
-9.87334	-5.81056
-8.47656	-6.14176
-7.36148	-6.28098
-13.364	-9.82537
-13.4843	-18.2563
-13.9057	-20.4029
-16.6256	-19.9553
-17.7952	-19.9656
-17.0103	-20.2718
-15.2624	-21.5456
-14.8398	-21.5436
-16.0298	-21.8035
-13.9334	-19.8766
-12.7682	-20.1992
-13.8647	-21.0078
-13.3958	-22.5622
-14.0075	-24.0027
-13.951	-24.4363
-14.2105	-24.7817
-13.5959	-25.2119
-13.3129	-23.5875
-13.0742	-22.3917
-13.3243	-21.3167
-13.2583	-20.0435
-12.4636	-20.2263
-12.0199	-15.987
-15.8578	-9.82282
-21.0549	-5.32619
-25.7006	-16.2213
-23.8668	-12.2262
-24.3995	-15.7707
-24.3553	-14.45
-21.0718	-12.3315
-17.7272	-15.5515
-15.8173	-20.1793
-17.4711	-18.0265
-19.6615	-18.4218
-18.1743	-16.8008
-22.6324	-13.7019
-16.9843	-8.6691
-6.95282	-16.8118
-7.1436	-18.0643
-8.32651	-13.5491
-9.85319	-22.4771
-8.16494	-21.1616
-9.62366	-20.0655
-8.35055	-18.441
-6.93406	-16.0914
-11.8902	-4.13404
-18.15	-4.8143
-22.3984	-7.00825
-26.7945	-8.45621
-26.1175	-8.10798
-28.2236	-11.0752
-22.2759	-9.84441
-10.2907	-20.5908
-12.2334	-17.9078
-12.9848	-19.1213
-13.2188	-18.8953
-10.1167	-17.194
-11.723	-11.1278
-16.0176	-1.97328
-21.9541	2.74342
-24.9337	-2.51602
-27.8643	-6.16846
-28.1045	-6.67891
-28.2833	-1.94481
-28.5153	-2.86711
-27.0565	-6.36086
-21.6174	0.307256
-10.0545	-2.89882
-11.8779	-7.11277
-13.5624	-10.9509
-11.233	-11.6878
-9.88378	-13.7781
-9.88585	-13.4225
-9.88663	-11.896
-8.91729	-6.89211
-9.54163	-7.18072
-9.48435	-8.50747
-13.4411	-15.7451
-9.46965	-20.6656
-8.07039	-22.5951
-9.3161	-22.5995
-9.26402	-23.1316
-9.65383	-23.5431
-10.4001	-22.8002
-10.4822	-23.3239
-9.77382	-22.4557
-9.31076	-22.0615
-10.8158	-22.4434
-8.56926	-21.7979
-7.19853	-19.6789
-7.11792	-16.1564
-7.92823	-15.1404
-9.20632	-16.5692
-16.0505	-18.154
-17.1895	-14.7002
-17.9858	-11.4567
-18.0132	-13.7219
-16.3344	-17.5397
-19.2566	-14.2953
-17.1617	-14.3126
-17.7432	-13.5217
-18.7903	-15.8718
-19.5932	-14.1424
-19.146	-16.1496
-19.5177	-11.3381
-21.2024	-8.97284
-19.4381	-11.8234
-18.9471	-11.0684
-18.3152	-9.84194
-19.768	-11.9013
-20.3438	-8.31682
-20.8427	-9.95415
-19.411	-10.857
-19.4169	-11.4335
-18.4028	-9.35675
-18.1224	-9.01581
-21.3747	-10.6802
-17.2862	-9.01389
-6.40867	-10.442
-6.74569	-13.3983
-8.32147	-17.6306
-7.24927	-16.5965
-6.62964	-15.2527
-6.84971	-15.3242
-7.06203	-15.6065
-6.52258	-17.5079
-7.75546	-16.5865
-7.05556	-19.8806
-10.3904	-22.0041
-11.0805	-24.7283
-13.4952	-24.3129
-16.7674	-26.5779
-16.9989	-25.6574
-17.2137	-26.7787
-16.355	-27.9429
-14.7766	-25.8215
-9.36125	-19.7518
-9.34141	-15.355
-11.0342	-18.7822
-13.4013	-21.952
-17.2251	-24.5422
-15.7527	-22.327
-21.0037	-17.3992
-20.715	-11.7128
-10.0797	-18.9434
-11.3992	-20.0502
-12.3931	-18.2499
-13.2779	-17.4825
-15.6001	-23.7145
-15.9425	-25.5417
-16.5542	-25.1201
-16.3008	-23.509
-14.6341	-22.8276
-12.5861	-17.7501
-13.2034	-12.7339
-15.494	-11.0163
-15.369	-10.5083
-15.5919	-10.4461
-14.0587	-11.7829
-15.3674	-18.0806
-17.7672	-15.1712
-18.0391	-14.3719
-16.3456	-14.2629
-15.531	-14.129
-15.5184	-13.5628
-15.0947	-13.074
-14.1143	-12.5187
-11.3503	-10.7115
-11.9	-9.95283
-12.1172	-8.68904
-11.914	-9.13357
-12.1591	-7.67142
-12.4737	-7.18302
-12.3281	-6.73193
-15.1415	-8.10977
-14.4157	-17.2646
-12.7371	-21.6443
-11.9763	-22.3283
-12.0767	-21.1642
-11.4693	-19.1245
-10.5095	-16.8951
-8.19034	-11.3764
-8.20466	-8.84951
-11.7473	-11.2638
-15.3438	-12.8173
-18.7319	-15.5307
-21.3749	-13.3223
-19.7056	-14.0897
-12.1444	-19.0102
-14.4259	-21.9939
-15.389	-23.022
-15.7233	-23.4415
-15.0417	-22.7186
-11.9841	-20.4901
-9.555	-13.4015
-13.3901	-11.7467
-11.7854	-19.0372
-13.3971	-17.5409
-12.7632	-19.1121
-8.86936	-18.7118
-8.49012	-14.7683
-8.29996	-16.966
-9.43841	-18.3827
-11.3251	-20.5672
-13.4433	-22.6434
-12.4692	-25.5208
-13.5596	-25.5238
-12.5385	-25.0319
-10.1953	-12.9997
-15.241	-12.5984
-13.5059	-20.2174
-15.7298	-24.0924
-15.6321	-24.9692
-17.1889	-22.7798
-16.6674	-23.6403
-16.1246	-23.3174
-15.0806	-22.247
-13.385	-19.7503
-11.608	-17.7816
-11.5587	-15.2662
-11.7489	-13.4834
-11.8968	-12.3868
-11.2255	-11.2103
-11.0347	-11.1576
-10.3877	-11.042
-10.2879	-10.9803
-9.85838	-11.3347
-15.4991	-11.9464
-15.1676	-14.2785
-15.9217	-16.2857
-16.7185	-17.111
-16.5888	-16.1893
-16.4901	-14.5136
-16.244	-13.8101
-15.7092	-13.2792
-15.797	-9.86649
-16.3306	-9.45465
-15.5751	-9.44617
-14.5184	-6.54665
-11.7308	-7.51849
-13.5666	-9.41674
-13.7959	-12.6032
-15.3692	-13.4053
-14.8026	-16.7899
-13.9114	-17.0171
-13.4293	-17.6991
-12.3303	-17.4678
-10.3772	-15.612
-10.0943	-8.45072
-10.0521	-8.16567
-11.1277	-6.82854
-10.8955	-6.50509
-10.5656	-6.54794
-12.1764	-10.212
-13.0671	-9.51472
-13.0375	-7.90451
-12.0357	-7.462
-11.0414	-6.32698
-10.2606	-6.8906
-10.8677	-4.46792
-12.7569	1.43032
-15.6651	3.74858
-15.5483	1.94625
-13.0277	-1.72264
-11.6715	-4.10801
-9.84814	-9.36047
-10.0844	-13.5238
-10.9965	-15.2687
-10.0276	-16.2968
-9.18445	-15.4312
-8.32524	-13.7567
-10.9504	-10.3231
-19.4139	-8.96674
-23.9636	-7.89589
-26.9853	-12.5118
-27.5848	-10.2021
-29.6354	-10.9092
-29.2122	-14.5039
-30.461	-12.3118
-30.4326	-10.6578
-27.5224	-10.3844
-24.5515	-11.4193
-12.9329	-8.4968
-10.9338	-11.1177
-12.3097	-10.4128
-10.7918	-13.8072
-11.1146	-12.0409
-12.0283	-10.2486
-11.5088	-11.3136
-14.7944	-9.95144
-14.4841	-12.7608
-17.9722	-5.28381
-12.2076	-5.66669
-11.4391	-13.8071
-9.76527	-18.6889
-9.30284	-16.4221
-10.16	-12.6764
-7.26397	-18.482
-8.42699	-14.4504
-7.87235	-18.1796
-9.74088	-9.24837
-7.44688	-15.5414
-13.7682	-14.7185
-15.2078	-9.19536
-13.9291	-8.83336
-16.2003	-6.40298
-15.9962	-9.37415
-17.1553	-15.1172
-20.3888	-11.5711
-20.7621	-10.6174
-19.4502	-11.0073
-20.7839	-12.8491
-19.9793	-13.0645
-20.2095	-9.36156
-20.8664	-9.98533
-18.9176	-9.34261
-20.5045	-8.64516
-20.8678	-11.798
-20.3092	-12.605
-20.2049	-11.9737
-19.4394	-12.7815
-21.6196	-11.7359
-21.6301	-11.3932
-21.0332	-10.9134
-21.9216	-14.4114
-21.1435	-12.758
-21.7693	-10.0609
-17.5183	-7.88283
-4.76896	-7.69462
-4.1307	-10.3839
-4.34531	-10.2604
-4.82841	-9.24025
-6.30025	-9.93476
-7.4656	-10.0494
-7.47758	-11.8081
-8.96163	-12.0023
-9.20467	-8.7548
-11.8567	-3.17434
-11.2821	-3.45348
-10.966	-3.36529
-10.4021	-3.87073
-9.84996	-3.93192
-8.99699	-2.48625
-10.4415	-0.151055
-9.5426	-0.0251462
-8.92428	1.67934
-6.49833	-2.50479
-6.54068	-0.388818
-9.52388	-1.47409
-16.3182	-5.66379
-14.9514	-1.41456
-15.3334	-1.12063
-15.7347	0.715384
-16.5711	1.41321
-15.8545	1.90299
-15.7535	2.21789
-16.008	0.952023
-15.5525	2.92431
-14.7392	4.97305
-18.4855	2.31934
-25.1147	3.3879
-29.3861	-0.996323
-30.1138	-5.62541
-32.536	-5.87576
-29.3863	0.0215755
-28.1426	-3.48255
-23.8964	-5.50897
-21.234	-5.50775
-20.2376	-6.4656
-21.0209	-7.87689
-20.1553	-8.20223
-20.0214	-7.39911
-20.2738	-7.24552
-20.4185	-11.4175
-24.8492	-13.5541
-21.5677	-15.6805
-16.9029	-12.0766
-13.0078	-16.1704
-14.9889	-21.7736
-15.348	-21.6508
-14.9944	-21.443
-14.3976	-20.4823
-12.66	-18.3198
-9.61526	-9.63853
-9.77349	-10.7757
-10.0516	-11.7175
-12.718	-8.94985
-13.9385	-8.09638
-13.0361	-6.533
-12.609	-5.36323
-13.0964	-3.92333
-14.0543	-2.45719
-13.9417	-2.20871
-13.8884	-2.49251
-13.9807	-2.55242
-13.1597	-4.18686
-11.3875	-5.54756
-10.4488	-5.44252
-9.06785	-4.4543
-7.71663	-2.58063
-8.50384	0.742479
-10.2665	0.0357129
-11.5865	-2.18052
-16.4088	-3.37467
-19.0548	-1.87827
-23.0163	-3.33172
-22.1721	-4.22952
-25.3342	-4.44056
-27.0067	-4.58558
-24.54	-4.51439
-21.2845	-1.8762
-12.4121	4.68896
-13.8021	5.05166
-15.5775	3.3706
-15.9423	1.74973
-16.1007	-0.371266
-16.2824	-3.79072
-16.8592	-6.90669
-16.5495	-9.02877
-16.9343	-9.40071
-16.7345	-8.64143
-14.9263	-7.58352
-13.5878	-6.6279
-10.7925	-5.08063
-9.34755	-3.26964
-10.1833	-4.76341
-11.5511	-1.7845
-14.3524	-6.0865
-21.7729	-9.48567
-24.3397	-12.0517
-19.7567	-3.96896
-17.4996	-1.06556
-13.9128	3.04938
-14.0482	0.221037
-15.0334	-2.94144
-14.4454	-6.36601
-14.3644	-7.79946
-15.5248	-9.38398
-15.0115	-9.96432
-13.536	-10.5467
-12.4826	-5.88473
-20.3019	-6.98126
-14.0991	-3.18671
-14.0689	-8.51445
-14.3323	-7.97482
-13.8456	-6.59444
-14.2252	-6.915
-15.0318	-3.87197
-14.6694	-3.04467
-16.4674	-1.19652
-15.9322	-0.287546
-15.1127	-0.155542
-14.9634	-1.78867
-21.9921	-1.38739
-26.3094	-0.787685
-31.9692	-1.25029
-30.3168	-6.18975
-29.5767	-6.74126
-28.3847	-9.26918
-28.3678	-5.70413
-29.8629	-2.00296
-32.3147	-3.4546
-30.8226	-4.51822
-25.7466	-11.3183
-21.1034	-9.07828
-21.3244	-10.7199
-21.0798	-10.0881
-24.6862	-5.50414
-31.8084	-6.76281
-26.6572	-8.50912
-12.8502	-12.1449
-17.0504	-16.2764
-17.5264	-20.9271
-21.0031	-22.7675
-21.9109	-21.5921
-21.3834	-23.4941
-22.6821	-22.0526
-21.2418	-21.1813
-20.7237	-23.2235
-20.6546	-19.8521
-17.3726	-15.9742
-13.3505	-13.0515
-14.5837	-13.0107
-17.0867	-13.9628
-18.8739	-15.5589
-20.8422	-15.9571
-20.863	-16.4885
-19.635	-15.8031
-21.0506	-19.8244
-21.6359	-17.6478
-21.489	-14.9006
-23.7173	-17.3329
-20.4528	-15.441
-20.6307	-16.9958
-26.5164	-15.4587
-23.9463	-15.4393
-23.3749	-15.9375
-19.5779	-13.8015
-20.5556	-15.866
-27.0915	-20.8563
-23.3895	-15.96
-20.1167	-23.2908
-22.3228	-16.7631
-18.534	-14.8376
-10.3578	-19.3187
-11.1542	-22.3663
-11.0929	-23.4427
-11.5552	-24.8327
-9.93705	-24.7782
-8.6458	-22.1176
-9.59098	-16.4443
-11.5067	-10.4125
-11.6363	-9.88229
-12.012	-8.31771
-11.3958	-8.17719
-10.5035	-7.22516
-9.9989	-4.68799
-8.403	-3.8433
-8.9543	-4.35685
-13.3677	-3.29572
-24.4246	0.0942136
-28.9834	4.55949
-31.8373	-0.9102
-32.669	0.596234
-30.4101	0.957781
-33.0288	-1.6433
-33.5925	0.829661
-32.5476	-2.16573
-32.3053	-2.77063
-29.4585	-6.55106
-25.4509	-12.3372
-13.4735	-8.13812
-9.52413	-13.4737
-11.2984	-14.6081
-10.8613	-15.0451
-9.58806	-15.6709
-8.46306	-15.6725
-7.34962	-14.7995
-6.99008	-14.6903
-8.34347	-15.6868
-8.73769	-17.4188
-9.02261	-20.5487
-9.69617	-22.798
-10.351	-22.4492
-10.9487	-17.8672
-10.3638	-22.1635
-13.8306	-21.4797
-15.2654	-21.2373
-14.2109	-22.0464
-11.8181	-21.8326
-9.9042	-19.2515
-9.58206	-11.3828
-10.336	-8.45965
-11.0949	-9.04041
-11.3633	-9.83395
-11.9509	-8.99333
-11.881	-9.82045
-11.4901	-19.7261
-12.3993	-22.36
-13.0371	-21.0045
-12.0703	-21.2482
-12.7155	-19.7807
-12.3306	-17.6423
-12.5133	-15.187
-11.9448	-11.4049
-11.8335	-7.77374
-14.8697	-4.7625
-15.6087	-6.50841
-16.4689	-7.09207
-15.4617	-5.7923
-14.4063	-8.04432
-13.0523	-7.00176
-11.7777	-9.7449
-10.4813	-10.0337
-11.5042	-9.38741
-11.2614	-11.4775
-10.3077	-12.8977
-9.90335	-12.3134
-10.6701	-12.1335
-11.2943	-13.2115
-10.6095	-16.0699
-11.0988	-16.488
-11.0559	-19.4098
-13.1911	-19.8003
-14.6885	-22.3543
-15.4458	-23.3412
-15.2831	-23.4123
-15.3377	-23.255
-16.4153	-22.5087
-17.2029	-23.4497
-16.9555	-23.0234
-15.5722	-22.1105
-14.6352	-22.2913
-14.4212	-22.3312
-14.8492	-20.0048
-14.1744	-14.1793
-10.8784	-12.3743
-10.5203	-12.0309
-12.8034	-14.9564
-14.19	-14.5323
-15.0279	-17.8953
-17.0149	-17.6764
-16.9364	-18.0015
-17.3246	-16.7
-17.1757	-16.4137
-21.9122	-15.1202
-21.0904	-9.26801
-10.4215	-4.41392
-12.3178	3.69991
-14.1067	5.0065
-14.2843	8.06144
-14.9045	9.66569
-14.5785	8.12985
-14.7676	7.41265
-14.539	5.36795
-14.1516	-0.266236
-13.2275	-4.6176
-11.7798	-8.85567
-10.9203	-10.4756
-9.33358	-9.96372
-9.40376	-7.23082
-10.5954	-3.06465
-8.74596	-4.98247
-8.67654	-4.28317
-8.63425	-3.39565
-9.19513	-2.17111
-11.105	3.43751
-12.6344	1.69363
-14.2154	-0.778036
-15.4423	-7.59062
-18.2194	-11.4575
-18.3789	-11.1338
-20.2588	-11.9332
-20.135	-12.007
-19.9343	-8.58111
-9.7025	-15.6747
-13.8644	-19.2503
-15.0039	-20.7763
-14.508	-20.8489
-14.8799	-21.3576
-15.0487	-20.6379
-14.2844	-21.2053
-12.8924	-20.1802
-11.5881	-18.8119
-9.96357	-18.8584
-9.99562	-15.6646
-8.82128	-15.0289
-7.97104	-15.5466
-7.58214	-14.1083
-7.63604	-11.2641
-13.8379	-10.0678
-17.0924	-15.1632
-16.7921	-15.1414
-19.0709	-15.2774
-19.5152	-24.0965
-16.3616	-22.7274
-5.96207	-12.9096
-5.37914	-15.3184
-6.97272	-17.4149
-7.52963	-15.7588
-8.67523	-11.4084
-10.1833	-8.05765
-10.407	-7.46613
-10.7003	-6.70731
-10.5111	-6.39058
-9.56037	-7.49364
-9.41999	-7.55319
-8.12661	-6.95298
-8.70379	-7.78742
-17.8828	-2.55994
-23.3854	-7.06021
-28.1677	-7.42484
-27.2401	-10.5427
-28.5838	-13.9596
-28.3539	-13.4088
-29.6129	-15.5846
-28.5026	-15.5881
-26.854	-16.818
-25.9548	-18.9315
-23.3299	-16.6766
-19.4974	-12.1424
-12.1063	-9.29336
-5.20734	-13.2115
-5.83002	-13.1021
-5.31576	-13.3616
-5.91036	-15.2315
-7.14609	-12.3959
-10.1608	-12.3402
-7.16993	-12.3528
-9.55041	-12.4141
-7.44494	-12.7995
-8.74814	-9.55814
-9.82936	-12.7733
-10.3441	-7.74001
-16.29	-5.03007
-21.1586	2.21935
-25.634	-0.986399
-29.0637	-5.24758
-32.4874	-3.65285
-31.1772	-2.05987
-30.72	-2.44353
-31.1836	-3.50978
-32.2844	-5.12459
-31.0479	-4.76696
-30.3582	-8.85284
-29.1419	-6.12384
-28.5772	-8.07512
-28.65	-9.02409
-29.2213	-9.29656
-27.057	-11.8832
-25.6641	-12.6392
-22.4902	-14.1135
-20.3115	-13.4471
-20.6874	-16.7497
-20.7389	-15.1835
-21.3497	-16.1957
-21.4562	-15.8813
-20.1584	-14.132
-21.6339	-17.2239
-21.9774	-19.7898
-22.2017	-11.1746
-22.197	-13.2906
-21.9352	-12.2228
-24.2475	-14.1525
-22.3271	-14.5761
-22.2141	-11.9417
-21.3532	-12.5013
-22.1197	-10.4515
-21.6406	-12.3627
-22.0472	-12.8161
-17.465	-9.80415
-20.7304	-13.273
-21.671	-7.79446
-22.0667	-9.19852
-20.5687	-9.93187
-21.2111	-11.1511
-20.7662	-10.4717
-20.6423	-11.473
-21.7285	-12.6465
-24.2706	-7.74454
-16.859	-9.68431
-10.3702	-16.9394
-10.1121	-20.3604
-9.18338	-16.1817
-11.2193	-16.7609
-11.3473	-20.5079
-12.6133	-22.6516
-11.4359	-24.2769
-11.58	-22.6271
-11.3755	-22.2354
-11.6039	-20.5118
-12.8932	-17.117
-12.8449	-7.96344
-12.2193	-6.74599
-12.132	-9.96787
-12.8588	-16.6289
-12.5657	-21.9843
-12.7174	-22.8108
-12.6193	-22.8073
-12.9286	-23.2955
-12.092	-21.4682
-12.1428	-21.0063
-11.4207	-20.6265
-10.7736	-19.4464
-10.8747	-18.0023
-9.70122	-16.6824
-9.827	-15.4488
-8.92138	-15.2662
-9.46849	-15.8178
-8.36031	-15.2347
-10.0774	-12.3553
-12.0429	-13.6208
-13.8537	-18.5366
-15.4694	-19.6897
-17.3826	-19.562
-19.2953	-17.9482
-21.2598	-16.2138
-21.5575	-14.2942
-23.3595	-14.9057
-22.526	-14.3905
-21.2669	-12.8727
-18.4383	-10.624
-13.6542	-7.50321
-13.9846	-6.48546
-20.4709	-9.47538
-25.643	-10.8744
-29.0938	-9.1197
-30.2598	-2.75217
-29.4163	-4.85876
-31.4955	-1.72699
-33.0231	-5.18592
-34.6766	-1.34993
-36.7566	-4.15797
-33.8988	-6.06654
-30.0179	-13.8422
-29.5859	-9.54626
-26.1172	-16.3052
-23.8069	-14.2069
-23.8983	-18.1811
-22.3327	-18.6856
-14.6342	-14.5116
-10.5229	-15.0972
-11.1365	-18.6892
-11.6745	-18.4531
-10.524	-18.4552
-9.04869	-17.9076
-8.89096	-14.1699
-10.08	-10.1354
-12.0777	-9.5242
-11.739	-9.80561
-10.7743	-9.22347
-10.1608	-9.39704
-9.69225	-12.0578
-9.71012	-15.4805
-10.129	-17.415
-11.3451	-18.1713
-12.9282	-18.3341
-13.8273	-16.1877
-14.2234	-11.0079
-15.472	-15.2825
-17.1349	-14.1009
-16.9624	-13.8458
-15.9546	-13.9896
-16.3778	-11.568
-14.9676	-9.76727
-15.1818	-6.25512
-14.3372	-4.8276
-13.3607	-3.96832
-9.92827	-6.99368
-8.8765	-7.49601
-9.19182	-5.91337
-8.82821	-4.19714
-11.3287	-4.41614
-14.8921	-8.33663
-15.7458	-10.0157
-15.7539	-23.3169
-17.0345	-22.427
-16.1141	-23.7755
-8.01079	-13.4925
-7.7177	-14.689
-6.53921	-16.5407
-6.41227	-15.8311
-6.73036	-14.4428
-8.22168	-13.0835
-9.93886	-6.52005
-10.4227	-6.83699
-10.0108	-6.4531
-10.4081	-5.31065
-10.5557	-6.6194
-8.89799	-6.30887
-10.0345	-5.79085
-8.94402	-5.17564
-9.83547	-14.3823
-13.3877	-18.9837
-15.0246	-17.8076
-17.5467	-18.045
-18.0802	-17.3993
-18.2271	-15.8206
-17.5521	-14.5572
-17.3972	-12.7427
-11.916	-7.21834
-10.738	-6.10703
-10.1731	-6.87983
-12.1044	-6.19345
-14.2466	-3.10508
-14.8771	-1.02131
-14.1713	-0.121246
-14.6437	0.230877
-14.6792	-0.326402
-15.8697	-1.85024
-17.6627	-3.81714
-18.4743	-5.48885
-17.5297	-9.56069
-17.2186	-9.73852
-17.0213	-9.97543
-17.0695	-10.6254
-16.3987	-10.5293
-14.898	-11.248
-13.5814	-7.62626
-12.9955	-4.40799
-12.1581	-3.89799
-12.5402	-4.39428
-10.0345	-5.22447
-7.52364	-6.20266
-8.10292	-3.10917
-11.4892	-2.66893
-22.014	-7.52121
-23.5231	-16.3714
-23.7044	-9.11043
-23.12	-5.86517
-25.5039	-4.30805
-26.9403	-4.09016
-27.8911	-4.93877
-26.8094	-6.15517
-26.4504	-3.00659
-17.8086	-0.837129
-9.1832	-3.71625
-13.7393	-1.37279
-15.3086	-1.48173
-14.812	-2.53241
-10.9991	-4.81937
-9.4334	-5.67572
-11.737	-4.21775
-12.1818	-8.35809
-8.92625	-12
-10.2845	-11.7978
-13.1385	-16.6511
-17.6419	-15.2136
-10.7846	-14.7061
-8.56478	-13.4585
-7.746	-14.4305
-10.8842	-9.09861
-11.2257	-7.36634
-11.4094	-12.036
-12.0412	-7.82167
-19.6093	-10.965
-21.8927	-11.2608
-22.2871	-10.6761
-22.1246	-10.6222
-21.454	-12.0262
-20.9026	-14.1529
-21.4822	-13.0095
-20.4432	-11.7268
-18.028	-11.7293
-22.5573	-9.44133
-22.4499	-12.5718
-19.7312	-11.3204
-16.3653	-6.10649
-6.81782	0.57481
-5.95	-3.33708
-6.55047	-13.0438
-12.5992	-19.3571
-14.9259	-20.4212
-16.2871	-19.0996
-16.1362	-17.1685
-15.6878	-16.5481
-14.3196	-12.4056
-13.0219	-6.88188
-14.8087	-6.37133
-24.4121	-5.6807
-28.6478	-5.65711
-30.4077	-6.55022
-33.5525	0.151763
-32.7641	-5.03041
-29.8363	-6.47213
-29.8631	-10.5606
-28.5568	-7.75623
-30.5205	-9.8182
-25.5581	-5.53068
-15.0314	-13.0803
-16.3022	-16.4167
-15.9404	-17.5671
-14.7521	-19.4357
-12.8993	-21.7036
-12.4517	-19.364
-12.5762	-17.9442
-13.1419	-15.3367
-12.8279	-13.1314
-13.6508	-7.97541
-13.1107	-10.5829
-13.8901	-11.959
-15.656	-17.0161
-15.5336	-18.6519
-14.1982	-21.88
-15.2215	-21.3722
-13.652	-21.919
-11.4563	-23.3424
-11.6974	-18.3596
-10.2063	-12.917
-13.0791	-8.814
-21.6911	-0.327143
-25.4106	1.08624
-29.3421	-4.39637
-28.1373	-2.47865
-28.911	-4.21812
-27.4848	-7.20319
-28.9365	-9.04873
-26.3118	-10.3367
-26.5716	-8.6214
-22.4844	-9.67145
-20.915	-13.5642
-18.5639	-8.13064
-20.9176	-9.48605
-22.2933	-12.148
-20.7103	-11.7421
-22.7942	-10.599
-24.8844	-13.3133
-22.7309	-12.0159
-25.6663	-6.98393
-12.9968	-5.23564
-10.0192	-10.7055
-10.4686	-11.3197
-10.8615	-11.3167
-11.0321	-10.9664
-11.4638	-11.183
-11.0108	-12.4355
-10.8926	-12.4064
-10.8728	-12.9542
-10.5373	-12.6586
-10.1	-10.3706
-9.58993	-10.6373
-10.2861	-11.9266
-12.1842	-10.8982
-14.2934	-10.1402
-14.4742	-9.476
-15.3808	-6.9705
-16.1369	-5.00945
-16.7781	-3.94205
-16.4539	-1.32501
-15.7725	-1.45295
-16.1081	-2.19895
-15.6635	-1.59071
-15.6947	-0.521146
-15.2842	-0.57766
-16.6031	0.039351
-16.4104	-1.02054
-18.0515	1.01197
-17.9693	-1.13207
-20.5883	1.65853
-18.3082	3.1866
-19.2849	4.40421
-19.0697	2.01836
-18.2936	0.354536
-16.5806	2.40267
-17.2655	6.8731
-18.5859	5.93846
-17.2784	5.96072
-17.6575	4.81802
-15.1998	4.39555
-13.7981	1.16996
-14.1948	1.41335
-13.3431	-0.0360068
-10.7944	-3.26616
-7.83537	-6.16691
-9.71993	-4.70375
-10.5438	-4.44631
-13.6837	-2.65153
-15.6122	-4.93484
-16.1639	-5.8412
-14.857	-8.38355
-13.9511	-10.1568
-10.4072	-12.2056
-9.47136	0.632168
-10.8926	-0.360217
-13.1082	-2.31383
-15.4321	-11.6052
-18	-10.4916
-23.9681	-12.4709
-23.1319	-13.7416
-7.80935	-10.8518
-6.88044	-13.2029
-7.25771	-15.7283
-7.27304	-14.7567
-9.0479	-12.5549
-9.02814	-11.5862
-9.44934	-12.1125
-8.09784	-14.9374
-6.30365	-15.9817
-8.09266	-15.5713
-10.1699	-11.4954
-13.4367	-6.67345
-15.3037	-2.13326
-18.2353	-1.33108
-18.3556	-3.52438
-18.8403	-1.60206
-19.0396	-0.367185
-19.0422	1.99465
-18.9901	3.29736
-17.2892	5.0019
-15.174	4.77639
-14.9389	0.692662
-18.2829	-5.84008
-22.1609	-12.6722
-21.7869	-12.1418
-18.0939	-5.33605
-13.9499	-13.9999
-18.1579	-13.8409
-18.3595	-16.6068
-17.6797	-16.8407
-18.531	-17.2264
-17.5308	-16.0967
-16.6773	-15.8858
-15.1123	-13.0781
-11.3335	-10.3225
-10.007	-8.82335
-11.0061	-8.28806
-14.4302	-9.00722
-12.1707	-16.4336
-11.9362	-19.0386
-12.3807	-20.6198
-13.364	-19.9873
-10.7437	-21.7757
-10.5512	-19.1449
-7.41682	-16.3757
-6.88758	-18.3783
-7.34612	-16.6304
-6.6741	-12.7595
-7.61927	-11.6782
-15.1138	-6.04985
-19.037	-8.02055
-10.0458	-15.2596
-11.1006	-17.8321
-12.9193	-16.3124
-13.2569	-9.40321
-13.676	-11.0509
-11.0585	-16.1266
-11.6473	-15.6887
-12.3134	-12.3522
-13.9996	-11.4622
-14.7145	-8.36249
-15.1032	-6.50239
-13.6607	-6.31213
-13.4285	-7.82314
-11.1941	-11.4219
-10.9053	-11.9314
-11.0367	-13.4144
-10.6951	-14.0765
-9.62074	-14.5924
-8.58423	-16.5945
-9.8477	-15.973
-10.0153	-15.5576
-9.98656	-13.6845
-10.3921	-12.8564
-11.4933	-10.6924
-12.2015	-7.28789
-9.56648	-9.47865
-8.83489	-9.20592
-9.22539	-8.57851
-10.5346	-6.5281
-9.63367	-6.15388
-11.23	-5.9886
-11.9946	-5.16329
-12.8284	-6.47839
-16.0371	-8.99773
-12.0248	-14.2111
-15.7685	-14.8774
-14.5147	-16.6678
-18.4084	-17.8755
-11.7115	-16.958
-14.975	-24.1594
-11.1388	-19.0213
-15.3101	-23.3917
-13.061	-17.6803
-13.9639	-22.7285
-10.759	-17.1259
-15.3799	-20.6604
-10.5448	-15.9563
-12.7683	-18.6085
-15.3494	-15.0236
-18.0835	-16.0202
-19.9271	-15.4648
-19.5581	-18.6317
-19.9095	-16.9488
-18.3455	-15.043
-19.1289	-12.3992
-25.6858	-10.4874
-27.0109	-12.9307
-26.4589	-9.91282
-28.9653	-5.78617
-30.1504	-5.82842
-29.0292	-6.8346
-28.2705	-3.79443
-28.5062	-8.29845
-27.981	-8.21126
-26.4015	-8.20909
-27.181	-10.6496
-28.1334	-8.43816
-27.7802	-7.69746
-26.5158	-7.07969
-25.5907	-8.80211
-24.8747	-10.8971
-22.0999	-10.8012
-17.7735	-17.8093
-18.3796	-15.6311
-21.5923	-14.1871
-17.4586	-8.0718
-22.1935	-13.5266
-21.5894	-13.7697
-20.5044	-10.9726
-22.825	-12.0979
-24.3219	-13.3824
-22.6875	-12.8035
-21.2707	-12.7595
-22.5273	-11.7122
-21.0917	-11.1347
-22.8833	-11.6056
-22.0204	-13.7483
-20.0846	-14.0686
-19.1968	-13.4083
-14.6737	-5.5872
-8.65501	-6.54727
-6.15991	-6.83717
-5.60387	-7.58261
-7.5007	-9.48323
-9.3515	-9.99228
-9.37412	-10.3578
-9.93577	-6.84773
-10.2107	-8.23368
-13.3424	-12.4025
-14.8184	-19.7686
-15.171	-18.059
-13.78	-21.666
-11.771	-22.7498
-10.8985	-22.6176
-9.3773	-22.28
-8.21823	-20.5348
-8.27013	-16.9981
-7.32398	-14.4237
-7.67379	-11.7819
-8.40626	-10.3846
-7.81295	-9.15356
-10.0893	-11.5236
-13.5105	-13.8615
-13.9461	-12.5028
-15.5017	-16.3075
-16.7013	-15.9292
-20.142	-14.8942
-24.0804	-11.8913
-14.7028	-5.93687
-12.037	-9.09904
-10.5228	-12.1577
-9.40971	-13.5528
-8.33013	-13.605
-6.75804	-12.3636
-6.33717	-13.487
-7.22535	-15.1631
-7.22678	-15.4868
-5.37886	-14.2653
-3.99049	-12.1152
-6.08153	-11.9431
-6.83942	-12.9115
-7.55716	-14.8682
-8.73538	-15.4686
-10.0916	-13.6366
-10.5234	-12.8365
-10.9538	-11.838
-10.7434	-11.7957
-11.6048	-10.4477
-15.6493	-7.82875
-15.1081	-4.89318
-14.3625	-5.18376
-13.9087	-7.02232
-13.323	-8.07535
-11.7426	-9.9538
-12.1456	-11.4939
-12.3884	-11.0993
-12.6406	-9.65464
-12.5359	-7.99082
-14.495	-8.35089
-15.1121	-5.50666
-15.3844	-2.59131
-13.3564	-1.50393
-13.6694	-2.31267
-11.6646	-4.695
-10.7915	-4.61083
-10.3108	-4.66672
-9.63288	-3.40049
-9.20088	-4.25065
-9.43394	-4.79976
-11.4975	-8.1371
-12.6836	-9.35167
-13.4906	-9.54137
-13.5513	-10.1827
-13.6566	-8.20884
-14.5309	-1.87362
-11.4431	-1.57086
-17.4605	3.25031
-23.9664	9.13626
-31.35	3.1706
-33.7039	1.87734
-33.9739	1.65176
-36.019	-1.135
-35.089	-4.52838
-33.0837	-4.0455
-29.7212	-7.72391
-24.7526	-8.94792
-14.3934	-7.42966
-12.7609	-10.4936
-14.1922	-14.317
-14.9107	-16.9553
-14.7467	-17.891
-14.8643	-16.0711
-13.1492	-13.2436
-11.3454	-15.4448
-10.301	-16.036
-9.57264	-17.0302
-10.3135	-15.5465
-9.88298	-16.8469
-9.62701	-14.2108
-9.38037	-15.9001
-8.96006	-15.0761
-8.90633	-15.207
-9.56429	-12.9928
-10.487	-9.78065
-10.2968	-5.76111
-11.942	-5.33961
-15.5093	-6.77655
-17.0757	-10.1779
-21.2577	-11.8938
-21.7338	-13.1661
-9.83819	-13.6827
-15.8749	-13.368
-18.5817	-17.1946
-16.4775	-21.0844
-17.0642	-19.0199
-19.6339	-17.6491
-17.6345	-17.3274
-19.1149	-17.37
-18.8354	-15.2443
-16.9538	-18.7137
-16.3634	-17.6352
-13.2815	-16.3551
-15.3212	-15.9832
-10.0534	-19.5121
-11.5107	-23.0862
-8.30785	-18.5964
-9.04289	-20.7458
-10.9136	-15.632
-8.88244	-17.0495
-9.08276	-19.9834
-20.7914	-12.3452
-22.0739	-12.3283
-21.4232	-11.9072
-20.1005	-10.7864
-21.7721	-11.923
-21.4395	-11.5169
-20.0864	-11.9673
-21.4009	-11.8492
-19.4375	-13.601
-21.306	-12.2587
-20.1574	-9.09062
-20.248	-11.4763
-11.6428	-13.4276
-9.17958	-17.7597
-9.55692	-19.5028
-8.94246	-20.2419
-9.48104	-16.2676
-9.45931	-18.2834
-10.9285	-19.3311
-10.5812	-18.4038
-10.9096	-23.0942
-12.1221	-24.178
-11.8844	-23.376
-12.824	-19.5862
-12.4904	-16.3883
-10.9524	-11.0645
-11.266	-7.7974
-16.1976	-4.76989
-19.1123	-1.96452
-20.7309	0.176485
-22.2791	-2.69121
-22.521	-2.50816
-13.133	-7.95158
-13.6204	-16.694
-16.3353	-20.9014
-20.0681	-21.2861
-20.1065	-19.3453
-20.133	-18.5754
-21.2763	-17.892
-21.254	-16.876
-17.5164	-18.3469
-17.0992	-15.3025
-17.6075	-12.1622
-16.615	-11.4648
-14.3472	-12.3936
-12.507	-12.6858
-10.1739	-12.9706
-7.23197	-14.1566
-6.6101	-14.1242
-6.43493	-15.5543
-7.4459	-18.2938
-12.0923	-16.1512
-12.9526	-21.1875
-13.893	-22.8528
-12.7823	-24.4586
-12.6622	-20.0638
-15.1843	-13.4577
-22.9753	-6.97094
-27.7999	-6.32145
-31.5431	-3.42045
-29.3522	-5.95474
-28.1057	-8.56597
-25.8172	-7.43726
-19.7647	-8.2677
-18.5028	-11.2006
-18.7291	-12.6587
-19.4192	-13.057
-17.6694	-14.7133
-18.5862	-14.8275
-20.44	-12.6421
-19.2411	-13.5582
-5.70101	-17.9551
-11.9648	-20.853
-13.4743	-20.9451
-11.418	-26.4501
-14.1662	-22.1154
-8.02283	-23.685
-5.66595	-17.2147
-6.16912	-12.1046
-8.92669	-11.3135
-13.5257	-14.9028
-16.6222	-18.7241
-18.0482	-16.7571
-15.3423	-15.3319
-12.6723	-14.8071
-17.4201	-15.0901
-19.4521	-17.9491
-18.5007	-16.2266
-20.819	-12.6706
-24.2751	-13.1753
-9.19266	-11.7714
-6.57524	-19.0565
-7.04741	-20.3128
-8.11575	-16.8429
-10.3544	-21.4298
-8.21622	-22.0661
-8.02967	-21.102
-6.78974	-19.4356
-5.84179	-17.7407
-9.75752	-15.9545
-16.2719	-7.38634
-21.4757	-4.7187
-23.8734	-8.08917
-27.2819	-10.1255
-27.6261	-13.8396
-26.9455	-15.3202
-28.0436	-17.772
-22.9596	-17.6109
-19.0639	-8.17237
-7.32711	-11.644
-5.82333	-14.0469
-6.02442	-13.9601
-6.53715	-15.0216
-7.24717	-14.563
-7.46764	-14.7069
-8.2944	-14.8963
-8.95295	-12.5779
-9.80054	-6.67549
-9.76183	-5.83222
-8.86	-5.72308
-9.02011	-5.6533
-8.91205	-5.87074
-9.7091	-5.3375
-8.56169	-5.66717
-8.46553	-5.59003
-8.09699	-5.35621
-8.01289	-5.51935
-12.966	-8.86912
-10.9885	-14.4422
-12.701	-16.1316
-14.138	-19.0828
-11.2456	-18.276
-14.1111	-19.8686
-12.9078	-15.7523
-13.6855	-19.9264
-21.1834	-8.78717
-23.2778	-9.96116
-21.7492	-9.80902
-20.6234	-9.4138
-20.6285	-10.3615
-21.2431	-7.72427
-22.2742	-11.1714
-20.1623	-11.3798
-20.9971	-12.0176
-19.7073	-10.3436
-15.0559	-3.71151
-10.3332	-0.808317
-11.2043	-2.22024
-8.92931	1.38289
-6.92941	-1.48322
-6.4236	-2.11863
-4.51064	-4.0496
-5.8379	-2.431
-5.56833	-4.68482
-4.91665	-3.88538
-5.09917	-3.70594
-7.59575	-9.46972
-8.12523	-15.5996
-9.74838	-17.9731
-10.7795	-19.7983
-10.9252	-20.9675
-11.1953	-23.1939
-12.2137	-24.9882
-13.5846	-24.2809
-13.9048	-24.9994
-14.3237	-25.8467
-13.9106	-25.9352
-13.0489	-22.9989
-13.8015	-23.9984
-16.2283	-26.3379
-17.8689	-25.094
-18.4202	-25.4291
-17.5999	-26.3354
-15.9425	-24.7204
-13.6355	-22.2975
-14.8707	-18.1264
-18.4819	-9.49245
-22.4299	-5.93959
-26.2664	-8.90089
-27.2481	-11.4584
-25.3337	-9.69755
-27.2523	-10.653
-28.1366	-9.89557
-29.3778	-10.1104
-24.7113	-13.9826
-18.6505	-18.9672
-27.4683	-14.7975
-31.3631	-14.9459
-26.0471	-13.8955
-17.4896	-3.08436
-11.6237	-7.1654
-10.9258	-9.40757
-13.1249	-4.20646
-20.3893	-0.813288
-26.2054	-0.782
-29.6228	-2.81668
-29.3824	-3.87526
-29.416	-6.05051
-27.8172	-7.30088
-29.9919	-6.33583
-27.5129	-6.18846
-26.1232	-8.10655
-24.5121	-10.1287
-11.9325	-7.91158
-11.1619	-14.4493
-14.1625	-16.7968
-14.4227	-19.2823
-13.3995	-19.9299
-10.8533	-19.8059
-10.0411	-11.8275
-11.5162	-7.94418
-12.0442	-6.55419
-12.7569	-7.48216
-12.2189	-6.61152
-12.1173	-8.12568
-11.9066	-17.3662
-11.8998	-17.0447
-12.03	-21.7105
-12.2786	-24.3838
-12.8407	-24.0879
-13.4391	-23.0396
-12.0416	-21.9897
-11.6133	-20.3565
-11.3203	-11.0034
-10.9563	-9.18809
-12.075	-9.91436
-11.5412	-17.3184
-10.5954	-18.3036
-9.7761	-17.2475
-8.86261	-15.3831
-8.70278	-13.6353
-11.6962	-9.92138
-11.9786	-5.31468
-10.3717	-6.67879
-8.33086	-8.45784
-7.71628	-7.42256
-7.14989	-4.18482
-6.97974	-3.55715
-8.70895	-2.70838
-9.71608	-12.4311
-9.45038	-15.0163
-10.8324	-16.056
-9.88759	-18.8013
-11.4593	-12.3523
-11.7671	-12.4226
-9.9958	-19
-9.71423	-19.9912
-9.80336	-20.5346
-9.59938	-20.8832
-9.32627	-20.9084
-9.86058	-18.9459
-8.67845	-19.4029
-8.00189	-20.8034
-7.90738	-18.687
-7.58013	-18.6527
-8.02058	-18.1616
-9.73033	-19.4965
-11.8	-23.156
-13.9401	-21.1067
-14.3818	-24.0663
-16.5985	-23.8525
-16.8636	-24.4504
-17.0174	-23.7068
-17.6272	-23.1582
-15.9001	-22.118
-15.4612	-22.7163
-17.2037	-19.3831
-15.1647	-19.5947
-13.6738	-17.9693
-15.7739	-19.9873
-15.4719	-19.0488
-17.8106	-17.887
-17.7793	-18.4618
-19.0259	-16.2889
-16.6917	-14.9138
-18.8198	-14.3708
-18.8036	-11.0156
-19.7009	-13.816
-19.7007	-11.1899
-17.9414	-12.7478
-17.7457	-12.3661
-19.7173	-12.1847
-18.997	-12.7884
-18.9832	-14.9006
-25.0073	-11.0317
-25.4122	-12.6202
-26.4261	-12.2072
-24.6771	-11.0182
-20.7879	-11.6218
-20.7858	-11.3963
-18.7961	-9.57413
-13.1161	-12.4549
-18.6383	-14.7174
-21.1913	-11.0234
-21.3322	-12.0275
-21.004	-11.7793
-19.6767	-11.7793
-20.5901	-11.6265
-21.8989	-12.2876
-20.8335	-12.2605
-20.8745	-12.3899
-20.2199	-9.55728
-21.7287	-11.1021
-19.7203	-11.5978
-21.6209	-13.0224
-17.7563	-11.4232
-20.0096	-12.3134
-21.5298	-10.597
-20.4056	-12.3207
-18.3706	-10.788
-19.7718	-12.2505
-20.0396	-12.9045
-20.2453	-12.8468
-19.5675	-11.1023
-16.5901	-9.78167
-9.71361	-4.16578
-9.17594	-2.49459
-10.634	-1.78917
-10.8173	-7.07622
-12.0954	-7.95506
-12.6714	-11.2377
-12.6182	-10.951
-12.7749	-11.8143
-13.6843	-12.928
-12.9938	-14.0407
-13.279	-13.8634
-13.9078	-16.0172
-15.1768	-16.3444
-15.8696	-19.6903
-16.9816	-19.7719
-15.7604	-22.4024
-15.5374	-20.6125
-14.1613	-16.5774
-12.7366	-13.0288
-9.3824	-8.73765
-9.70037	-9.03509
-11.0397	-11.8203
-15.4197	-14.1947
-16.8574	-12.5758
-23.3543	-14.6001
-24.7635	-10.6525
-16.6193	-1.9521
-16.5844	-2.36656
-17.7462	-2.81862
-17.1428	-4.83141
-17.2068	-5.2704
-17.6973	-6.19252
-15.9833	-8.67878
-13.3815	-7.40329
-14.9669	-10.4734
-14.5426	-17.8515
-15.4861	-23.0019
-15.7776	-25.2664
-16.2682	-29.3653
-16.1148	-28.0622
-17.1657	-26.4896
-15.5226	-28.0645
-17.1156	-23.7527
-15.8126	-24.1486
-13.2658	-24.6
-12.9802	-24.3742
-13.0858	-24.0292
-13.7552	-22.914
-14.3475	-24.1638
-19.1732	-24.8278
-21.2908	-22.1068
-22.6095	-23.3237
-22.52	-21.7303
-22.2001	-20.3703
-23.4622	-19.9994
-21.5986	-20.4621
-20.5907	-18.7604
-18.6864	-19.1236
-19.0993	-14.912
-18.1983	-12.6915
-17.3777	-11.4042
-15.5696	-12.6768
-14.4726	-12.5605
-12.4907	-14.571
-10.534	-16.0671
-10.6231	-16.2351
-10.3179	-19.2937
-10.0151	-20.7133
-10.7847	-23.7397
-11.7318	-24.4342
-13.3357	-23.5227
-14.6764	-22.9322
-13.4952	-22.6164
-12.5813	-22.0437
-11.5484	-18.8302
-12.142	-18.5915
-13.0928	-18.2479
-13.843	-17.534
-14.8371	-18.0306
-14.7994	-15.7004
-15.5732	-13.5023
-15.4021	-10.7427
-15.9166	-8.11699
-14.7341	-7.14841
-13.0774	-3.99395
-13.5326	-4.2132
-13.1271	-4.81541
-13.058	-4.96587
-13.1818	-5.99755
-11.5505	-7.70054
-11.9031	-7.49535
-11.2146	-6.83907
-11.218	-7.86932
-10.9485	-9.4997
-10.5912	-12.4149
-11.0829	-16.001
-11.2959	-19.0082
-11.0148	-21.0989
-12.6554	-22.4729
-13.1041	-23.0676
-12.1401	-22.4109
-11.2623	-18.3676
-10.1541	-16.1473
-10.2492	-14.6585
-10.2261	-13.6611
-11.1181	-12.3156
-13.192	-5.78375
-19.9996	-2.6474
-22.1564	-3.34
-23.2349	-10.8804
-24.3592	-7.83532
-26.3701	-5.40855
-25.3066	-7.6203
-27.2739	-5.56591
-28.4105	-3.80422
-26.5942	-6.94932
-26.8904	-5.72475
-29.5128	-5.12811
-29.0932	-6.88832
-26.7529	-4.39556
-14.5683	2.39134
-15.4921	1.09892
-16.2749	0.0448812
-14.2399	-4.76474
-12.2379	-7.75325
-10.7365	-6.82758
-10.867	-5.79749
-10.9771	-4.58591
-10.9376	-4.16109
-10.155	-5.23208
-9.89416	-4.36615
-8.57878	-5.36837
-10.7549	-4.55562
-7.49283	-3.93343
-11.5245	-10.089
-11.7216	-18.03
-13.8329	-21.9402
-13.5365	-24.4635
-13.4637	-24.0582
-13.1144	-23.4706
-12.4798	-21.4059
-10.6063	-18.3478
-11.1886	-18.6672
-10.8671	-16.6532
-8.435	-16.428
-8.00479	-12.1162
-12.7311	-11.6861
-15.6694	-17.3807
-15.6835	-16.4425
-17.1718	-15.3378
-17.1543	-17.0852
-18.9281	-6.21152
-10.701	-15.7974
-16.561	-16.7342
-17.6179	-18.6235
-18.3138	-14.4028
-16.4596	-9.92014
-10.858	-4.27592
-7.83623	-6.80978
-8.50895	-9.2819
-9.84407	-8.12857
-10.9136	-9.59497
-13.4301	-9.79992
-13.2225	-10.7387
-13.6335	-13.1631
-14.6655	-14.7588
-10.9187	-15.6834
-9.85578	-13.7169
-12.7388	-8.14798
-16.2559	-0.543168
-20.2121	1.19592
-23.4718	-2.28244
-24.1704	-3.83364
-28.111	-8.49464
-28.6584	-10.583
-29.2508	-12.2524
-27.523	-14.0507
-21.5735	-9.91851
-9.20304	-10.8498
-10.6266	-17.1634
-13.275	-19.2929
-12.4211	-16.8174
-10.5782	-16.367
-11.828	-20.0137
-11.4757	-19.2537
-13.3528	-20.181
-15.8818	-17.5863
-16.3229	-20.7215
-17.6744	-19.1446
-15.137	-19.9488
-19.8245	-21.2524
-15.6551	-22.5869
-16.0182	-21.8766
-16.8228	-21.3455
-14.269	-22.4394
-14.3954	-24.7056
-17.9866	-22.3528
-16.5235	-22.2127
-15.9434	-21.2083
-12.8348	-20.1975
-10.1811	-16.682
-12.3218	-14.1718
-14.0192	-13.5322
-17.462	-14.232
-17.9063	-13.3101
-17.897	-16.3388
-19.5696	-16.7095
-19.0205	-12.039
-20.5315	-16.0688
-20.5724	-13.7131
-21.2646	-14.9082
-20.1432	-14.9307
-19.5948	-13.01
-25.2312	-13.4939
-23.533	-14.8235
-24.9552	-10.1103
-21.6834	-16.8591
-18.2757	-19.2425
-17.8747	-13.0617
-18.8204	-10.8957
-16.56	-13.1325
-18.1852	-11.4864
-20.4056	-15.9237
-19.0795	-11.7035
-17.96	-10.5196
-19.667	-11.3217
-20.0521	-15.0276
-19.8121	-11.5352
-19.1758	-8.287
-20.9176	-9.60674
-20.1158	-10.8172
-20.9255	-13.5186
-20.2336	-12.5057
-20.4771	-10.868
-22.4651	-10.566
-20.4068	-11.7844
-21.2934	-13.0837
-21.5027	-12.4846
-21.1036	-12.9172
-21.0714	-11.7443
-21.4272	-13.4754
-21.3479	-11.5082
-22.0579	-9.31074
-22.2986	-10.6521
-19.7912	-9.98069
-14.5952	-3.16889
-6.53839	-0.0229736
-6.29786	-2.57364
-6.22722	-4.435
-6.47717	-3.46132
-5.60948	-4.31788
-5.92373	-7.81945
-9.26219	-16.7832
-11.8022	-18.8738
-13.1512	-19.6801
-13.8958	-18.7701
-14.6907	-19.2688
-14.4601	-19.1878
-14.4973	-17.6681
-14.4204	-14.9289
-12.0504	-12.2096
-7.59608	-8.99233
-7.34487	-9.3834
-6.95873	-9.0976
-19.5483	-2.75349
-19.4121	-4.26769
-16.3031	-0.565646
-14.0628	-3.27549
-14.5877	-3.40319
-15.1629	-1.00245
-14.8694	-3.1029
-13.7334	-7.05399
-13.967	-10.9076
-13.8046	-14.8149
-14.7485	-18.8464
-14.9529	-21.9886
-13.1758	-23.7619
-13.2434	-21.5693
-11.1744	-18.5782
-9.44338	-22.2406
-12.0983	-20.9504
-14.2596	-22.3286
-13.5303	-23.1589
-13.2389	-20.5294
-13.8938	-16.4506
-15.5641	-11.9636
-18.0696	-3.97177
-20.4847	-3.70145
-24.2058	-7.72131
-25.5168	-9.76754
-26.8376	-9.58358
-25.8401	-10.2146
-27.5064	-9.42179
-30.4814	-9.37441
-31.3864	-9.4164
-28.1834	-7.54333
-15.0289	-4.26662
-13.236	-2.66848
-13.7935	-4.97136
-12.5832	-6.21514
-11.7212	-6.9077
-10.6393	-7.76608
-9.88567	-5.68468
-9.39846	-2.97735
-7.72641	-2.02173
-9.31735	0.0619273
-10.0022	-2.89583
-11.0818	-6.63213
-15.6604	-6.28242
-16.8879	-11.5911
-17.5995	-9.78733
-27.1057	-11.2989
-22.5821	-13.2473
-10.6822	-14.2433
-13.2849	-17.8755
-15.188	-19.3603
-15.4389	-20.9972
-15.2606	-23.2248
-15.7538	-21.933
-14.9324	-20.6193
-13.2183	-17.688
-13.3463	-13.2555
-13.6861	-13.8379
-16.6951	-18.6888
-15.4529	-20.5966
-17.8339	-20.1936
-17.8925	-18.5576
-18.4965	-17.9136
-25.1611	-18.4487
-24.9307	-22.3237
-24.7114	-13.7676
-23.7839	-11.267
-19.4473	-7.15785
-12.3508	-7.70118
-14.6578	-11.3462
-13.743	-13.0067
-12.3588	-12.9981
-11.5335	-13.6159
-10.5231	-11.9174
-10.6045	-8.57965
-10.2952	-5.47082
-10.2367	-4.58266
-9.90366	-4.48515
-9.93264	-3.65444
-8.41523	-3.29131
-7.61549	-2.58074
-9.90037	-0.41945
-12.2955	-1.19319
-16.085	-6.48956
-25.017	-16.3809
-24.8761	-16.7526
-25.1392	-11.8489
-10.7099	-10.1779
-15.0728	-16.2319
-15.9903	-20.2154
-16.8595	-23.1864
-16.781	-20.4719
-16.0829	-20.3279
-14.1818	-20.9693
-13.7259	-21.1529
-14.5691	-21.8814
-15.7858	-21.8735
-16.4328	-21.1213
-15.3387	-20.4674
-13.952	-21.0051
-12.7921	-22.3555
-11.2754	-23.1109
-8.47735	-20.3515
-10.6216	-10.6336
-11.8589	-7.28348
-11.1826	-6.61676
-10.8087	-6.19011
-10.5717	-5.36892
-10.9244	-4.38883
-9.20428	-6.17175
-8.99188	-5.60016
-8.81912	-5.39708
-8.87332	-1.60639
-9.58096	-2.74861
-11.12	-0.242949
-13.536	-1.47968
-15.4695	-10.7851
-17.3326	-16.6519
-15.8613	-22.2247
-13.2558	-25.4056
-11.461	-23.7951
-8.05726	-11.31
-3.65534	-12.4097
-4.55399	-13.6611
-3.93471	-14.387
-4.62338	-12.0651
-6.6395	-12.2186
-9.09436	-6.00643
-8.4376	-3.92138
-8.31384	-5.78889
-9.93272	-4.40888
-9.31678	-6.19486
-11.2846	-4.26814
-10.1009	-4.55275
-8.98568	-5.52715
-10.6789	-4.15816
-9.35659	-6.11113
-10.2687	-2.76855
-10.8612	-3.25752
-11.1636	-3.68942
-10.1896	-4.67003
-9.83001	-5.91615
-9.57341	-7.26942
-7.76005	-14.5629
-7.24525	-21.6397
-7.48901	-22.3551
-7.82421	-23.4237
-10.7527	-23.4763
-9.19291	-22.8457
-10.0405	-22.4515
-9.75621	-22.7712
-9.3267	-21.0867
-9.65682	-20.0383
-9.57657	-19.2485
-7.0448	-18.8023
-7.04712	-16.1195
-3.27934	-17.3311
-4.82432	-12.3947
-3.21518	-14.8212
-7.26893	-11.9996
-3.66303	-12.9809
-5.43229	-12.9041
-7.29678	-13.6472
-5.3094	-13.499
-7.61251	-15.3495
-20.0122	-11.0661
-20.9732	-9.67651
-20.1638	-12.3864
-21.1264	-11.816
-21.5606	-12.2257
-21.5912	-11.0024
-22.0275	-11.6378
-21.0434	-10.7412
-20.657	-13.0201
-20.9067	-13.0689
-20.8201	-11.5428
-16.8116	-8.99005
-5.27695	-13.1302
-5.74675	-15.8796
-9.50187	-11.3819
-13.0951	-19.1797
-13.7546	-20.5794
-14.9894	-20.2911
-15.7448	-18.0816
-16.854	-13.6281
-12.8169	-14.1537
-10.9354	-10.1511
-13.2505	-7.11242
-15.5088	-5.24218
-14.9975	-5.82767
-13.2148	-7.84517
-13.342	-7.95337
-11.518	-11.2793
-11.0917	-12.25
-10.7006	-10.7926
-12.5067	-5.06921
-18.8634	-0.813789
-24.6362	-1.55357
-26.0404	-6.89822
-25.0629	-7.35397
-21.9257	-9.82044
-18.1697	-10.724
-21.0106	-12.6203
-21.3427	-12.0604
-20.7073	-15.7757
-21.8338	-17.4615
-11.7326	-7.80442
-14.5477	-11.6948
-16.892	-13.0512
-17.3938	-12.6944
-16.7456	-12.6984
-12.9696	-9.8651
-9.15626	-6.49104
-9.48798	-7.41716
-11.481	-6.35728
-10.9313	-5.67526
-13.823	-6.29496
-16.5138	-13.3211
-12.0077	-22.3284
-13.8451	-25.5304
-14.6232	-26.7488
-15.1558	-25.8897
-14.4285	-23.6137
-14.4154	-21.0941
-14.1802	-16.7494
-12.5456	-13.1859
-12.2487	-10.0824
-14.1281	-7.04016
-15.0527	-5.33692
-11.5286	-7.73465
-8.96879	-6.73454
-9.65273	-6.29002
-9.58998	-6.97866
-10.1898	-6.24151
-11.8464	-7.4801
-12.9517	-6.66265
-16.0689	-6.98269
-18.8348	-16.3865
-17.6782	-14.945
-18.7069	-16.0538
-19.1498	-16.4203
-21.2344	-14.99
-21.0879	-16.6902
-19.3164	-17.0809
-18.7386	-17.0605
-18.0605	-17.045
-17.1219	-16.8692
-17.8227	-17.5257
-19.4688	-21.2238
-20.434	-21.4367
-19.3833	-23.8303
-17.9284	-22.8378
-12.7207	-12.9697
-16.7804	-21.1097
-19.1632	-23.8984
-19.9721	-23.4116
-18.5861	-23.7519
-17.0496	-24.1399
-16.2664	-24.5707
-13.188	-19.6584
-14.4774	-13.2377
-18.3414	-4.33305
-24.214	-3.09309
-28.7068	-7.05208
-28.8918	-8.32766
-27.3936	-9.57753
-27.5773	-7.86279
-27.8769	-6.83703
-27.3266	-7.40746
-28.1689	-8.40147
-28.319	-7.20613
-27.6224	-7.04899
-27.4072	-8.97659
-24.7009	-10.6576
-16.0752	-7.80431
-11.9173	-15.8664
-13.3855	-18.2957
-12.2273	-20.4375
-12.6091	-20.4736
-12.4654	-20.6219
-12.4886	-20.0863
-12.6354	-19.4029
-12.2565	-15.0055
-13.0407	-11.4408
-13.491	-12.8265
-13.6829	-14.5183
-14.531	-16.667
-15.4323	-20.0851
-14.6285	-21.2332
-14.2457	-22.8885
-13.8848	-21.1635
-12.5055	-20.3958
-12.0305	-20.4096
-12.0138	-19.8958
-11.9077	-18.2734
-11.5762	-17.7515
-11.6767	-17.2273
-11.4581	-17.9436
-10.9651	-17.1293
-10.9966	-17.1177
-9.68433	-19.15
-8.92492	-19.5163
-8.89246	-19.3375
-9.19483	-19.4436
-9.58918	-16.9223
-9.53222	-15.0397
-12.3206	-13.9996
-13.9002	-12.134
-14.4257	-10.8922
-15.1952	-8.40913
-14.1312	-6.24451
-14.4502	-4.53964
-16.1391	-2.09886
-14.6805	-2.56183
-12.6861	-2.42673
-8.16314	-5.57076
-9.61706	-0.933623
-9.064	-1.19642
-8.71696	-2.10631
-10.1475	-0.0693787
-9.3239	-3.39497
-18.3267	-0.798891
-22.9571	-3.73783
-21.186	2.93437
-18.9785	-6.23864
-15.0061	1.78916
-12.9196	-7.93304
-12.0397	-11.5854
-13.8785	-10.9815
-13.4985	-12.9659
-13.6207	-13.534
-13.1266	-15.062
-14.8706	-16.8162
-9.1495	-14.5382
-13.7445	-16.6068
-15.479	-18.5649
-10.5322	-16.2501
-12.5138	-20.0367
-15.1645	-14.114
-12.7105	-18.1286
-14.934	-19.8644
-18.4987	-16.9793
-20.099	-14.2043
-19.525	-13.4156
-20.262	-14.1729
-20.4678	-11.7651
-20.4063	-12.6678
-20.1044	-14.015
-20.6936	-13.7166
-20.0092	-13.1367
-18.7534	-8.56565
-19.1959	-11.3255
-20.1912	-13.2618
-22.1594	-13.7296
-22.0228	-11.979
-18.5843	-10.4363
-20.2288	-10.1916
-19.112	-14.2616
-18.9185	-13.041
-14.9404	-6.65463
-3.98172	-9.9996
-4.86318	-16.4392
-5.92877	-13.1032
-4.33742	-17.6384
-10.2499	-16.1908
-12.1015	-18.5091
-13.2225	-19.346
-13.7933	-17.8705
-13.3281	-17.3131
-12.3277	-17.1162
-11.1136	-12.6382
-11.8443	-9.03442
-15.7064	-3.6778
-17.4467	-0.349715
-18.3423	1.54817
-20.129	5.027
-21.3933	5.59463
-22.0935	4.34906
-17.1305	1.4571
-12.9627	-7.46717
-12.1908	-10.852
-13.2048	-12.9035
-13.1206	-15.3908
-13.3093	-16.7495
-12.8559	-17.6719
-12.9143	-18.133
-12.9149	-16.1259
-13.3176	-7.36792
-13.9941	-11.665
-14.3369	-20.2906
-14.5407	-22.6779
-15.183	-24.2863
-14.5599	-24.792
-14.9254	-22.191
-14.9924	-20.0725
-14.1648	-18.5472
-11.5459	-16.289
-13.9382	-11.3976
-13.8652	-7.71851
-14.8758	-7.6244
-13.8582	-7.0852
-12.9206	-8.70257
-11.5948	-7.86253
-8.95594	-10.7815
-8.0043	-9.97724
-8.19806	-10.1332
-7.8112	-10.517
-8.3902	-8.80573
-10.0836	-11.8844
-9.54851	-11.5366
-8.32855	-13.0773
-9.23881	-11.647
-9.54879	-11.8849
-8.83161	-12.1446
-10.1045	-11.8597
-13.2411	-6.45595
-15.2941	-2.54203
-21.9561	2.88972
-26.7154	-1.29112
-29.6032	-3.07157
-28.943	-4.87881
-29.8328	-4.57523
-29.1425	-5.33423
-30.2307	-4.00716
-31.0059	-5.90932
-31.2089	-9.37198
-25.6563	-10.8894
-19.8247	-11.5938
-20.8858	-10.8265
-22.1017	-10.9895
-20.5916	-8.77841
-19.7215	-10.2391
-18.1818	-20.6883
-19.2209	-19.0779
-21.2219	-11.6162
-9.82267	-11.7916
-8.14328	-15.0041
-10.2669	-14.768
-11.7562	-16.0892
-12.4414	-15.7422
-12.7451	-15.58
-13.2372	-15.4142
-13.3384	-14.9529
-12.6954	-14.3152
-14.4584	-9.91345
-16.4615	-6.61042
-15.9669	-7.72042
-15.7526	-10.1537
-15.3257	-12.1063
-15.4313	-13.7369
-17.3181	-14.8594
-19.1123	-15.95
-18.8304	-18.1705
-18.028	-19.5626
-15.5774	-20.7034
-15.3546	-18.4944
-14.0355	-16.438
-14.0342	-11.3282
-14.4849	-6.73561
-13.2619	-7.81378
-12.4746	-8.01705
-12.0992	-8.13263
-12.1959	-7.58673
-10.7633	-9.72036
-10.5206	-9.93469
-10.234	-9.00495
-10.0527	-9.89188
-11.0478	-12.467
-10.6701	-15.5079
-13.0279	-19.0834
-14.3748	-21.4587
-15.3922	-21.5471
-15.6674	-20.8929
-15.2941	-19.6517
-14.5371	-18.3712
-11.2885	-16.0271
-11.173	-16.0369
-11.5671	-15.3514
-9.91997	-13.8499
-11.8278	-5.87173
-11.6033	-5.17191
-13.1225	-4.25469
-13.9709	-4.26162
-14.5558	-3.75477
-14.6781	-2.53747
-13.303	-5.7995
-11.2751	-14.2928
-10.6784	-16.513
-9.59605	-19.0026
-9.32107	-20.5805
-10.1077	-19.9382
-10.9689	-18.9708
-12.3077	-16.835
-13.0633	-5.73956
-13.803	-6.53544
-13.8385	-16.1341
-14.2557	-17.3711
-14.5097	-15.4312
-12.8187	-15.0938
-10.8935	-14.5428
-8.34092	-11.5672
-6.42894	-7.30545
-10.1432	-6.20004
-15.4327	-12.1184
-18.8997	-14.6927
-20.5532	-15.5034
-25.0935	-14.3658
-31.2762	-6.43263
-35.9755	-8.08004
-32.2045	-4.85134
-30.0645	-7.31955
-29.9825	-2.73207
-30.8502	-6.3725
-29.5428	-7.37433
-28.315	-8.45774
-20.7201	-6.55574
-10.7692	-1.9463
-13.2573	-0.928139
-14.5874	-2.11467
-14.6154	-3.08053
-14.2461	-4.09488
-14.6814	-4.15839
-13.1676	-7.56237
-11.4645	-11.2126
-12.3499	-12.1271
-11.052	-14.933
-11.28	-15.4989
-10.798	-17.4677
-10.691	-18.5582
-10.2497	-19.0315
-9.86615	-17.6579
-10.4045	-14.9647
-10.4957	-9.47979
-10.6735	-4.8326
-9.53203	-4.24944
-9.82252	-4.2769
-7.7094	-1.36571
-7.21933	-2.12709
-6.77135	-2.14683
-9.46589	-1.55045
-10.6022	-3.66655
-15.3007	-8.77225
-18.1994	-13.1711
-17.98	-11.4541
-17.5068	-10.554
-21.0529	-13.5216
-21.8406	-14.9162
-15.0953	-14.6159
-17.3879	-17.8156
-13.1926	-17.5922
-11.1016	-19.18
-15.9016	-19.2869
-19.7306	-25.0192
-14.3116	-22.2932
-15.7804	-24.9669
-13.6108	-19.4476
-14.21	-17.0812
-15.4564	-17.4902
-15.233	-19.5762
-17.8489	-22.2166
-14.2478	-22.6962
-17.0179	-23.4489
-12.3043	-19.9652
-16.5983	-15.1792
-14.3537	-18.2525
-16.4867	-20.4333
-17.2896	-19.9103
-18.3675	-15.2872
-17.1873	-12.5489
-16.5639	-12.1257
-14.8667	-15.6394
-18.1094	-10.0352
-18.1014	-9.91379
-20.0138	-13.1078
-21.0346	-15.5855
-20.452	-7.28336
-19.6522	-12.1328
-21.1062	-12.334
-20.0852	-9.87459
-21.347	-11.8054
-21.4667	-13.0094
-21.2626	-13.1125
-20.825	-12.9244
-20.8787	-11.8675
-20.1698	-9.71565
-21.0701	-11.585
-22.7861	-7.85017
-22.885	-7.53444
-16.4073	-11.172
-6.11546	-13.1608
-8.13774	-19.5474
-12.4327	-16.4846
-11.8167	-18.6348
-9.91389	-19.7048
-7.58089	-6.61679
-9.88305	-7.68697
-25.2911	-8.48875
-30.2246	-8.85558
-28.4383	-1.42109
-29.2462	-2.78951
-30.3466	-5.34697
-24.2286	-1.58697
-21.7484	-9.90025
-20.3793	-13.2224
-21.6911	-11.335
-20.8598	-9.14665
-19.589	-11.3244
-21.6078	-6.51539
-21.5462	-6.81933
-13.2677	-20.8353
-15.2493	-23.7443
-14.5597	-24.437
-13.2961	-20.5421
-14.8116	-12.0549
-19.6272	-0.493892
-19.0949	-3.28033
-22.7356	-2.62996
-21.7134	-3.22351
-19.1263	-1.53457
-13.2798	-7.81919
-11.6609	-13.8308
-11.0763	-18.0867
-12.1872	-17.724
-11.3863	-16.069
-11.3445	-12.4093
-13.1512	-4.49241
-15.0731	0.690931
-15.2078	0.670699
-16.7184	2.2614
-15.0645	-0.333596
-13.6305	-4.75564
-14.2752	-7.81431
-16.6689	-10.1116
-18.9217	-12.1328
-19.8062	-15.4184
-19.7322	-18.0944
-18.7735	-19.7636
-16.7767	-20.7598
-13.6964	-21.4313
-10.4249	-10.4795
-12.733	-10.6241
-15.7065	-14.2415
-18.0841	-15.5853
-17.9476	-15.8239
-18.3717	-12.7883
-20.1993	-9.04569
-11.8764	-23.2823
-16.2449	-22.7534
-16.618	-22.7768
-16.7351	-22.9344
-15.3463	-22.1186
-13.1664	-20.1278
-10.8827	-19.0261
-8.82925	-18.5359
-8.5919	-15.554
-8.18023	-14.4333
-9.16252	-13.3551
-14.5432	-18.1253
-18.7612	-16.6659
-17.7561	-18.0653
-17.1189	-18.931
-16.5318	-20.6738
-12.4992	-17.8314
-9.18821	-14.3882
-5.14279	-11.9114
-6.4509	-11.2612
-6.86461	-13.0621
-7.68752	-13.6439
-11.4746	-12.1989
-17.6708	-6.85833
-26.755	-8.38818
-28.8894	-4.76186
-32.4256	-5.72531
-29.9275	-2.83104
-28.7227	-3.53499
-27.3797	-7.06818
-25.9658	-6.20506
-22.2621	-9.81373
-22.2973	-11.5485
-23.0476	-7.01139
-22.9205	-13.7972
-20.0087	-9.9198
-9.94302	-17.5948
-14.6261	-20.2593
-16.1699	-19.4223
-16.6691	-16.7666
-15.4673	-16.2731
-13.897	-15.3161
-11.1002	-13.0706
-6.7714	-7.1173
-6.27442	-7.59575
-6.49315	-5.34324
-7.42193	-6.19958
-8.14912	-5.26487
-8.78673	-5.95922
-15.5656	-8.0471
-11.0488	-15.5122
-12.8177	-17.2458
-13.9414	-20.409
-13.4225	-21.345
-12.552	-20.5618
-13.0236	-17.1856
-11.5051	-16.9393
-11.5084	-17.4032
-10.6647	-16.2704
-8.97827	-14.581
-7.1564	-14.0846
-7.55311	-11.9434
-7.689	-13.6624
-7.66571	-12.8607
-8.10915	-15.2119
-9.46149	-17.5804
-11.6809	-18.4679
-13.4879	-19.1751
-13.756	-19.0666
-13.5148	-20.5503
-12.2755	-20.5903
-9.86396	-20.5442
-7.25916	-18.8993
-5.61181	-17.9917
-6.5543	-17.931
-4.6899	-18.3588
-6.20843	-16.6775
-6.43743	-14.0631
-7.3945	-10.4872
-12.9776	-9.96202
-15.972	-12.947
-16.6387	-19.5056
-17.2577	-15.3985
-17.2897	-17.399
-18.2969	-23.2207
-19.0076	-26.3407
-16.4798	-23.6843
-16.2133	-18.4341
-8.48304	-12.0026
-6.44477	-15.3823
-9.17668	-17.4332
-10.0894	-15.6924
-9.22856	-18.3745
-9.08455	-18.1714
-9.12417	-18.0486
-9.37685	-18.3971
-8.92474	-19.1921
-8.17502	-20.4293
-9.11251	-19.4317
-8.25218	-18.8318
-9.36583	-17.9395
-8.39912	-14.5753
-9.23987	-19.5317
-14.9091	-16.8044
-16.2735	-10.5643
-20.3676	-11.4188
-19.8659	-12.0073
-19.9963	-13.3642
-21.1631	-12.6477
-20.8217	-12.9819
-9.82591	-15.8854
-10.6985	-17.632
-14.1359	-16.0545
-12.2141	-18.5145
-9.83169	-18.3861
-10.5214	-14.4415
-13.6873	-8.09515
-15.4229	-7.91126
-14.8773	-6.48533
-13.8036	-6.27841
-13.5123	-7.9975
-12.6429	-11.5684
-12.655	-15.1869
-13.9859	-16.1118
-14.3288	-15.2784
-14.1382	-13.3967
-10.8673	-11.11
-10.2014	-7.20148
-6.93878	-9.39801
-7.74424	-7.84212
-7.27966	-6.63776
-8.23845	-4.52735
-12.7824	-5.93463
-23.2861	-7.55619
-23.6061	-5.89309
-21.2645	-1.60979
-15.1359	-0.96856
-17.2213	-3.50508
-17.0731	-4.72287
-12.843	-5.33477
-17.5858	1.49877
-23.9979	-0.269124
-25.3017	-6.02283
-23.9372	-6.32725
-22.8725	-7.46102
-21.0857	-7.32657
-20.5707	-7.87415
-22.7402	-6.37175
-26.322	-5.29492
-24.1216	-4.21683
-10.5747	-12.8017
-13.6039	-17.6219
-13.6224	-18.1901
-12.6249	-17.8308
-10.3332	-15.8425
-10.9749	-10.8166
-10.9556	-5.52041
-10.7214	-8.17524
-10.9854	-7.65976
-10.4315	-8.34297
-10.1207	-8.75305
-10.6503	-7.98017
-11.9955	-5.74211
-10.9364	-5.41007
-12.2332	-6.88877
-12.4148	-8.38898
-13.0278	-9.7474
-13.2509	-9.81516
-12.77	-10.6013
-9.89309	-12.2641
-8.64053	-7.82819
-8.17949	-6.02121
-12.8187	-9.26672
-14.4641	-13.981
-15.0573	-11.5621
-16.3974	-11.3778
-19.0878	-12.3341
-17.3099	-14.1092
-16.8466	-7.65794
-14.1469	-3.67493
-16.7956	-1.21558
-18.1413	0.545949
-18.3454	1.47908
-17.8498	1.28815
-15.5349	0.164371
-10.1626	-2.85249
-9.28129	-4.60747
-8.45768	-4.81576
-8.59227	-5.22928
-9.78605	-4.50462
-9.97374	-3.29297
-13.4712	1.07447
-14.0913	1.37411
-14.7183	2.13697
-15.9753	0.0791235
-17.1548	-3.08448
-18.1073	-6.69452
-19.4467	-10.2166
-18.9637	-14.21
-17.8049	-18.5386
-16.9599	-20.7232
-16.4112	-21.4606
-15.176	-21.7298
-13.5779	-20.8786
-11.8072	-21.2561
-9.82617	-20.3289
-10.1789	-18.6813
-11.2824	-19.7514
-14.047	-21.8341
-15.2613	-24.0141
-16.3295	-23.1667
-16.6841	-21.6362
-15.3842	-21.1836
-12.7902	-20.1568
-11.0345	-9.66092
-11.7078	-7.58901
-11.307	-7.68643
-10.7743	-6.05969
-11.5578	-5.18713
-11.0605	-2.91993
-10.9505	-2.70385
-13.9948	-14.498
-16.1123	-16.0188
-16.2409	-16.6524
-12.8691	-16.2014
-11.5075	-8.39426
-12.3431	-6.73909
-12.8782	-5.74259
-13.4703	-5.85019
-13.9364	-4.85959
-12.6839	-5.66962
-10.8789	-10.3439
-9.63092	-13.1734
-10.3136	-12.9394
-9.81295	-11.3885
-9.18224	-9.37969
-19.9344	-6.54635
-27.3973	-0.694366
-30.8729	-4.23001
-31.3336	-3.05106
-31.6143	-4.83022
-29.8417	-5.88844
-22.6474	-11.3345
-22.0457	-12.9018
-20.1545	-12.1216
-21.0992	-12.3816
-24.3303	-13.9478
-23.3395	-12.4176
-15.762	-7.96884
-11.4776	-18.4778
-14.4116	-20.1797
-12.5998	-17.5671
-15.2887	-19.053
-15.5117	-21.218
-16.1547	-22.1279
-15.8444	-23.3949
-16.7543	-21.7035
-19.1499	-21.4245
-18.0432	-22.8078
-16.7312	-21.7717
-14.8074	-19.2106
-13.3858	-13.5819
-10.4923	-11.4046
-10.4085	-13.5891
-15.852	-14.7815
-17.2511	-16.9032
-16.8664	-19.1274
-17.7694	-17.474
-20.4002	-16.1475
-24.2341	-18.6584
-12.7009	-8.64735
-14.5041	-16.5357
-15.6401	-16.3741
-15.2227	-18.1246
-16.7824	-18.8709
-15.4874	-20.4615
-16.565	-20.4862
-17.506	-19.5982
-15.7714	-19.1655
-16.9123	-19.9456
-14.3319	-22.5958
-11.9896	-21.9859
-8.20056	-22.2374
-13.5082	-17.8402
-16.8158	-16.5839
-17.8371	-17.5675
-18.7483	-17.3744
-19.0092	-16.1717
-21.101	-13.9314
-20.2012	-14.7183
-20.008	-14.5381
-19.6099	-14.7508
-19.8208	-12.4068
-21.542	-15.5276
