0.888211	-0.32413
1.03704	-0.265474
0.795543	-0.580851
0.895678	0.0368032
0.810393	-0.401752
0.866717	-0.335643
0.79514	-0.304887
0.51609	-0.260601
0.485642	-0.285355
0.575976	-0.398671
0.144618	-0.809956
0.975593	-0.468488
0.728156	-0.610068
0.673375	-0.399518
0.642945	-0.439295
0.568105	-0.299758
0.642617	-0.361566
0.781548	-0.475636
1.35989	-0.202598
1.54669	0.0531365
1.49398	0.0482
1.45092	-0.0136672
1.53154	0.0351167
1.5093	-0.407525
1.28526	-0.453296
1.50038	-0.358687
1.58168	-0.0854239
1.74871	0.113225
1.75374	0.32443
1.82692	0.368109
1.78916	0.50605
1.84856	0.551352
1.7982	0.493365
1.8383	0.599794
1.934	0.8832
2.14526	0.521009
1.93784	0.387618
1.91202	0.235178
2.04296	0.056696
1.89828	0.292748
1.96126	0.270279
1.90804	0.0199784
1.69469	0.0308841
0.411565	-1.09933
0.998219	-0.952691
1.35141	-0.205702
1.04861	-0.635325
0.968263	-0.860123
1.01574	-0.872495
1.12858	-0.776772
1.36347	-0.690592
1.34624	-0.652609
1.30976	-0.874458
1.19357	-0.689837
1.76819	-0.358513
1.96324	-0.328067
1.48627	-0.201873
1.46981	-0.25772
1.44288	-0.272166
0.636888	0.0345587
0.703198	-0.351935
1.31005	-0.181782
0.832973	-0.268626
0.869072	-0.431675
0.889919	-0.453022
0.971083	-0.44773
1.14527	-0.417641
1.25565	-0.376883
1.11434	-0.31218
1.07763	-0.289706
0.746344	0.0109148
0.443674	0.258075
0.31445	0.35041
0.239326	0.233398
0.346172	0.229213
0.595161	0.180527
0.652615	-0.0694596
-0.0581617	-0.350181
-0.263381	-0.075241
-0.226428	-0.0638196
0.119193	-0.289343
-0.215081	-0.606772
-0.394551	-0.410894
0.102832	-0.382037
-0.122514	-0.809607
-0.205759	-0.621083
-0.037878	-0.513126
0.78624	-0.0174012
0.748372	-0.143942
0.676211	-0.195016
0.622841	-0.177658
0.552631	0.0689566
0.430811	0.406426
0.342089	0.699529
0.634337	0.990079
1.12622	0.797787
1.75449	0.190046
1.68552	0.183425
1.74934	0.404399
1.75785	0.409425
1.72997	0.532464
1.59423	0.782695
1.66795	0.728614
1.7001	0.854595
1.66809	0.640988
1.55959	0.657502
0.720105	0.123685
1.06254	-0.160145
0.824744	-0.327734
1.04504	-0.703394
0.999331	-0.731463
1.11051	-0.834744
1.03077	-0.794624
1.09732	-0.604743
1.22941	-0.461441
1.32675	-0.122089
1.46484	0.208987
1.65601	0.375774
1.67533	0.450161
1.827	0.748571
2.00144	0.383607
2.22147	0.218152
2.14511	0.277592
2.01019	0.255107
2.21836	0.309403
2.27108	0.132654
1.95136	0.203768
1.95256	0.0884577
1.45123	0.188269
1.3263	-0.27739
0.848623	-0.25272
1.33721	-0.279236
1.02242	-0.017457
0.425581	0.146745
0.583307	0.412914
0.574167	0.540793
0.68411	0.5018
0.865453	0.601168
0.599828	0.673194
0.695457	0.713332
0.852311	0.718986
0.745577	0.621338
0.630003	0.692626
0.661902	0.304371
0.499227	-0.071183
0.740468	-0.294256
0.386064	0.109978
1.10305	-0.108839
0.742006	-0.2539
0.79926	-0.336175
0.673863	-0.291587
0.479631	-0.308337
0.683404	-0.270652
0.639938	-0.658077
0.738468	-0.237715
0.600593	-0.299841
0.424091	-0.492833
0.469587	-0.508229
0.420757	-0.343393
0.5388	-0.265952
0.926815	-0.451675
1.00929	-0.56601
0.720051	-0.0765688
0.799938	-0.414386
0.77363	-0.207538
0.807416	-0.304066
1.11697	-0.412233
0.861445	-0.172058
0.772521	-0.218656
1.61973	0.207545
1.59558	-0.113528
1.4911	-0.149401
1.55148	-0.226646
1.54111	-0.200046
1.61466	-0.179844
1.54883	-0.121148
1.66812	-0.13855
1.78433	-0.246094
1.27537	-0.558297
0.549555	-0.0113403
0.38922	0.213241
0.400833	0.40395
0.402436	0.533761
0.500427	0.757047
0.654333	0.808176
0.788453	0.712635
1.28537	0.642444
1.58456	0.391073
1.69755	0.356981
1.97069	0.398119
2.08975	0.393272
1.97906	0.516055
1.78303	0.652997
1.26022	0.392387
0.348733	0.680142
-0.338016	0.313035
-1.07259	0.317191
-0.978654	0.117954
-1.41922	-0.0621483
-0.756655	-0.302966
-0.279821	-0.839482
0.355601	-0.588355
0.858525	0.0843763
1.24734	0.0646327
1.20739	0.463645
1.35262	0.629025
1.67411	0.522183
1.82445	0.634768
1.71651	0.747257
1.67229	0.73743
1.5986	0.507131
1.26981	0.334453
1.05067	0.0846789
1.33921	0.356474
1.36592	0.582605
1.23017	0.0607905
1.20634	0.187195
1.29915	-0.0114935
-0.252145	-0.503786
0.791669	-0.216198
1.13506	-0.162665
1.28656	-0.231842
1.46581	-0.0692135
1.7309	-0.0236345
1.71375	0.198425
1.62743	0.109774
1.55076	-0.0479168
1.32765	0.0140301
1.37915	0.0181582
1.68149	0.126941
1.74843	0.184078
1.6667	0.298557
1.86433	0.299922
2.01461	0.320287
1.99837	0.431867
1.71557	0.426349
0.837332	0.137891
0.609389	0.0625253
0.278492	-0.185595
-0.101101	-0.196759
-0.153587	-0.567626
-0.21068	-0.239513
-0.209061	-0.344246
-0.251125	-0.421958
0.906913	0.241939
0.392689	0.613448
0.687046	0.162206
0.857523	0.105455
0.557062	0.109351
0.925346	-0.00661108
0.904417	0.159958
0.859729	-0.0173022
0.159958	0.0435294
0.109374	0.982446
0.448931	1.23284
0.0456562	1.18579
0.148065	1.19845
0.151326	1.13718
0.603121	0.533906
1.55225	0.475741
1.59582	0.545631
1.60803	0.51369
1.53565	0.61542
1.6423	0.402137
1.25508	-0.688627
0.26601	0.729063
0.143433	0.501829
0.919421	0.444206
0.598985	-0.00520883
0.429973	0.326408
0.548588	0.100063
0.690183	0.00534726
0.725672	-0.1034
0.464987	0.0152418
0.681806	-0.331826
0.993601	-0.562232
1.196	-0.588275
1.49131	-0.657197
1.49132	-0.41454
1.29353	-0.187329
0.644426	-0.0810121
-0.317159	-0.151292
-0.512857	-0.194706
-0.452343	-0.187507
-0.888194	-0.0144711
-0.790736	-0.698567
-0.203125	-0.834629
0.0106552	-0.930727
0.304443	-0.561502
0.143414	-0.733265
0.0928658	-0.702432
0.101049	-1.04072
-0.0101255	-0.828927
0.177637	-0.846794
0.349789	-0.828593
1.07748	-0.303713
1.60433	0.812575
1.46419	0.416206
1.27499	0.104047
1.41326	0.051879
1.25444	0.141594
0.876666	0.29962
1.13291	0.0571036
0.191288	0.305524
-1.07801	0.237068
-1.24214	0.308637
-0.805713	0.0558365
-1.27408	0.210669
-0.976472	0.21116
-0.925017	0.0669421
-1.17207	0.258947
-1.14711	0.0451896
-0.632296	-0.477952
-0.372447	-0.699192
-0.145005	-0.149279
0.749663	0.403194
0.35667	0.0608962
0.598827	-0.0827883
0.740401	-0.123952
0.970913	-0.236235
1.27477	-0.380705
1.41939	-0.304353
1.74829	-0.316438
1.80058	-0.131748
1.70351	-0.103013
1.43857	0.0210573
1.79922	0.0111159
1.58643	0.436311
1.54692	0.332144
1.49497	0.264915
1.52436	0.320462
1.761	0.414604
1.62989	0.61178
1.73996	0.719531
1.60252	0.350048
1.78276	0.541267
1.52815	0.189531
0.553199	0.419127
-0.366255	-0.0565385
-0.273287	0.0342475
-0.459183	0.0410515
-0.611163	-0.203315
-0.772574	-0.421631
-0.580285	-0.108078
-0.576249	0.194037
-0.883157	-0.252679
-0.842599	-0.046
-0.751438	-0.173009
-0.658348	0.0226547
-0.56604	0.0685722
-0.503255	0.214216
-0.605427	0.481164
0.112976	-0.00908087
0.176675	-0.635613
0.366085	-0.731096
0.253161	-0.00412129
0.411594	-0.120462
0.542255	-0.0109502
0.362026	-0.015872
0.684366	-0.335283
0.866743	-0.119581
0.587296	-0.222313
0.437954	-0.350829
0.673432	-0.252025
0.814359	-0.30376
0.516798	-0.309057
0.774511	-0.367857
0.745073	-0.306073
0.750002	-0.4104
0.497319	-0.431247
0.608135	-0.316399
0.692867	-0.311773
0.773773	-0.569076
0.861319	-0.394609
0.830229	-0.45313
0.822156	-0.257729
0.848838	-0.384046
0.674312	-0.593285
0.81091	-0.440549
0.787409	-0.510697
0.858601	-0.478954
0.802565	-0.421523
0.737959	-0.476249
0.72425	-0.323086
0.915872	-0.502598
0.804217	-0.434135
1.00194	-0.499843
0.835734	-0.540881
0.480248	-0.396242
0.729335	-0.349843
0.907357	-0.328728
0.789795	-0.340912
0.902773	-0.298666
0.550988	-0.948782
0.600454	-0.369278
1.27162	-0.450639
1.35656	-0.51181
1.16235	-0.572578
1.11397	-0.711974
0.958537	-0.63798
0.992897	-0.530732
1.05581	-0.272721
1.08091	-0.0168509
0.866882	0.0706458
0.781223	0.153863
0.868405	0.06724
0.780501	0.21759
0.545477	0.368208
0.536046	0.539596
0.470864	0.317143
0.606986	0.511072
0.721241	0.573942
0.660256	0.473383
0.86718	0.52257
0.70177	0.452656
0.702155	0.341998
0.759928	0.202982
0.660948	0.102471
0.838656	-0.241191
0.945041	-0.409893
1.09169	-0.625335
1.13207	-0.883486
0.984452	-0.82035
1.1696	-0.909642
1.13473	-0.833067
1.06057	-0.638049
1.30968	-0.536898
1.40725	-0.381356
1.55811	-0.227988
1.63648	-0.315793
1.4343	-0.284878
1.07721	-0.365633
1.53023	-0.55356
1.20986	-0.17849
1.55818	-0.298332
1.84062	0.176235
1.80201	0.101356
1.82645	0.238348
2.00134	0.229252
1.93815	-0.0276175
0.958606	-0.452511
1.36556	-0.0347851
1.03357	-0.298014
1.18711	-0.424474
1.18373	-0.447085
1.25206	-0.371524
1.55013	-0.336457
1.75561	-0.115055
1.86878	-0.00782715
1.91304	-0.0157679
1.93935	0.17408
1.60881	-0.171843
1.31795	-0.357411
1.12849	-0.416811
1.07698	-0.453131
1.08366	-0.364266
0.96022	-0.0797201
1.09785	0.159764
1.15989	-0.0175676
0.979671	0.179499
1.13246	0.202048
1.17447	0.379346
1.04797	0.152635
0.929161	0.311835
0.85299	0.274709
0.775981	0.368628
0.62508	0.29623
0.623651	0.236184
0.528902	0.146653
0.681774	0.147431
0.798051	0.121458
0.896643	0.000957446
1.12359	-0.0964366
1.56805	-0.116834
1.58032	0.1262
1.37382	0.593532
1.41085	0.612512
1.52187	0.491132
1.62614	0.56961
1.75231	0.459726
1.75887	0.622263
1.54094	0.656606
1.53274	0.468635
1.68908	0.64409
1.91795	0.348307
2.11996	0.322982
2.24285	0.621526
2.17569	0.416219
1.98621	0.183414
1.99787	-0.0764431
1.70301	-0.0389855
1.66263	-0.130988
1.75842	-0.3958
1.52685	-0.343754
1.64739	-0.328788
1.5763	-0.32815
1.59763	-0.266528
1.45871	-0.170589
1.56745	-0.0653883
1.70885	0.0827113
1.86007	0.238376
1.78556	0.237207
1.90556	0.363782
2.05419	0.43534
1.55851	0.723522
1.74159	0.537643
1.81307	0.468756
1.81184	0.694318
1.88931	0.61857
1.82441	0.29058
0.762506	-0.608079
1.07955	-0.382836
0.70304	-0.173673
0.608356	-0.130818
0.558289	-0.0958637
0.52177	-0.0502167
0.575498	-0.140373
0.608341	-0.100387
0.782448	-0.163467
0.857118	-0.0282509
0.710021	0.123868
0.472795	0.141419
0.207603	0.269048
0.448749	0.0917478
0.26066	-0.0120433
0.557284	0.0943164
0.747862	-0.32687
0.831845	-0.282872
0.665364	-0.00267434
1.1926	-0.121306
1.10298	-0.17341
1.03868	-0.0971782
1.09378	-0.173096
0.943286	-0.10849
0.971714	-0.107156
0.505994	-0.0197474
-0.215731	0.271758
-0.449317	0.0572841
-0.464733	-0.0816746
-0.513487	-0.060485
-0.955033	0.149979
-0.67117	-0.262011
0.301885	-0.255302
0.847692	-0.0152348
1.13587	0.328885
1.23578	0.350259
1.50085	0.352056
1.58738	0.374794
1.43079	-0.0263066
0.601001	0.151792
0.588236	0.307601
0.584784	0.190834
0.748363	-0.0369579
0.84595	0.129612
0.863723	0.197207
0.7455	0.279736
0.753139	0.217921
0.904963	0.160117
0.807136	0.103177
1.03115	-0.704507
1.01328	-0.20779
1.09435	-0.216186
0.748383	0.0381333
0.28383	-0.868058
0.734437	0.197404
0.22093	0.466965
0.0865959	0.454239
0.0699757	0.444225
0.13749	0.5363
0.380366	0.230631
0.858728	0.0240531
1.17809	0.439778
1.2194	0.426542
1.22849	0.250143
1.26158	0.141344
1.35284	0.0173737
0.805322	-0.10871
0.678003	-0.0213717
0.733331	0.0817239
0.643429	0.202604
0.786204	0.137862
0.635764	0.177367
0.856656	0.140828
0.817427	0.212055
0.917228	0.197081
0.996716	0.070578
1.04446	0.0763293
0.939679	-0.00634786
1.21041	-0.0328155
0.367462	-0.20004
0.883516	-0.459846
0.61587	-0.377979
0.593062	-0.188713
0.841162	-0.170152
0.733335	-0.354398
0.710581	-0.0719138
0.838389	-0.520151
0.437017	-0.15487
0.364608	-0.163875
0.316703	-0.18233
0.34293	-0.223482
0.697607	-0.278695
0.607824	-0.284131
-0.24034	0.607007
0.579704	0.974606
0.53721	0.955055
0.504561	1.05164
0.351547	0.890613
0.109237	1.00368
-0.00359748	0.839917
0.111849	0.440867
0.315771	0.143699
0.550103	-0.126685
0.740617	-0.294362
0.610508	-0.251153
0.744343	-0.25763
0.616274	0.00973504
0.489462	0.0979805
0.291055	0.578996
-0.748235	0.366767
-1.11994	0.262977
-1.27979	0.501062
-1.48852	0.0972429
-1.3636	-0.205002
-1.37125	-0.298592
-1.42862	-0.265082
-1.40666	0.110248
-1.20724	0.11398
-1.11986	-0.468842
-1.21983	-0.499733
-1.07114	-0.654993
-0.61765	-0.962375
-0.228383	-0.835825
-0.21351	-0.201176
1.31415	-0.319499
1.7796	-0.131252
1.83711	0.0665935
1.97638	0.197677
1.89541	0.400386
2.14912	0.461344
1.9872	0.553982
2.04983	0.774939
1.90301	1.0352
2.05179	0.991993
2.04828	1.01698
1.98094	0.866191
2.13347	0.938889
1.92643	0.801145
1.75265	0.571752
1.62559	0.342578
1.74422	0.331558
1.97226	-0.0507893
1.56034	0.13863
1.15372	-0.0848284
0.660364	0.0397059
0.439703	0.168742
0.502023	0.203462
0.617637	0.0517547
0.822913	-0.148085
0.992651	-0.200635
1.28169	-0.0986855
1.5325	-0.0630585
1.38114	0.0927092
1.32053	0.124363
1.33314	0.143971
1.22031	0.267391
1.33086	0.312492
1.30394	0.196183
1.38024	0.114562
1.17597	-0.0578297
1.16704	0.153231
1.04114	-0.281581
0.737526	0.116292
-0.288414	-0.344698
1.64067	0.0726988
1.21295	0.0630238
1.29318	0.248202
1.25521	0.317983
1.33307	0.272821
1.35757	0.23659
1.30416	0.133499
1.27939	0.108853
1.37123	0.239204
1.5269	0.369702
1.54475	0.413045
1.43738	0.313649
1.37256	0.0664738
1.27286	0.0551231
1.35546	0.219705
1.24213	-0.0114682
1.08845	0.199246
1.13605	0.172912
0.979489	-0.0801018
0.613372	-0.0642757
0.391569	-0.61684
0.306628	-0.64676
0.299693	-1.04024
0.707081	-0.617684
0.618622	-0.76311
0.71488	-0.643022
0.642592	-0.53126
0.975355	-0.362479
0.89141	-0.4805
0.755194	-0.396563
0.649614	-0.339099
0.695436	-0.295501
0.563333	-0.192254
0.385325	-0.122863
0.689051	-0.208611
0.588876	-0.215425
0.668405	-0.0801262
0.64616	-0.391288
0.568144	-0.258737
0.786711	-0.203257
0.7957	-0.297396
0.611079	-0.185154
0.561004	-0.371646
0.300272	-0.467026
0.720784	0.0346249
1.75605	0.527242
1.50272	0.264199
1.65226	0.172812
1.50363	0.442216
1.67135	0.386867
2.00647	0.433147
1.71173	-0.197272
1.50467	-0.36319
1.38092	-0.493566
1.25828	-0.571808
1.19607	-0.563591
1.30341	-0.596448
1.42809	-0.54023
1.72252	-0.518332
1.78947	-0.245947
1.57266	-0.230469
1.07901	-0.316645
0.675924	-0.490049
0.436065	-0.45089
0.507062	-0.719638
0.426066	-0.595499
0.116388	-0.592163
0.0429024	-0.711644
0.239844	-0.773578
0.397215	-0.986018
0.849236	-0.772691
1.08987	-0.00484776
0.691186	-0.0671294
0.296971	0.236153
0.152101	0.315091
0.325406	0.375291
0.259824	0.580122
-0.240358	0.580284
-0.635827	0.573772
-0.618599	0.290819
-1.03171	0.0474551
-0.299052	0.224288
0.0051163	0.835465
0.0427078	0.64106
-0.0651333	0.605148
0.0170947	0.418886
0.13106	0.334464
0.30162	0.146698
0.43533	-0.04767
0.555714	-0.253934
0.649581	-0.368262
0.756436	-0.354155
0.987402	-0.289609
1.02669	0.0546
1.01261	0.0887014
0.808813	-0.193152
0.815888	-0.210867
0.584584	0.0745018
0.477138	-0.703436
0.996911	-0.129153
0.754388	-0.375978
0.726041	-0.527806
0.591316	-0.526904
0.562939	-0.435935
0.560929	-0.317064
0.569617	-0.0548142
0.708759	0.123767
0.737524	0.259546
0.734222	0.280008
0.775641	0.3203
0.957812	0.169253
1.08596	-0.0587955
1.06242	-0.0389653
0.936934	-0.0522878
0.60562	-0.169894
0.584042	-0.221959
0.974648	-0.375852
1.3029	-0.377226
1.42306	-0.261482
1.21873	-0.0866872
1.18416	-0.0764234
1.16502	-0.113466
1.67776	0.096999
1.79927	0.55795
1.82699	0.641078
1.87508	0.854217
2.09119	0.678761
1.82311	0.54164
1.6956	0.653918
1.73633	0.724798
1.59078	0.692754
1.60854	0.795824
1.77339	0.399354
1.46809	0.372068
1.32216	0.47679
1.31779	0.305336
1.436	0.263413
1.6405	-0.352934
1.58626	-0.921172
1.87237	0.023529
1.78764	0.0233604
1.8465	0.0434871
1.70564	-0.334064
1.47796	0.175343
1.52395	0.345743
1.62031	0.252563
1.69919	0.0199331
1.40757	0.0358309
0.736523	-0.140639
0.04172	-0.330702
-0.200908	-0.132082
-0.635628	-0.131469
-0.587946	-0.126665
-0.69901	0.285305
-0.0233529	-0.0743149
0.314548	-0.0412916
0.596977	-0.0469869
0.764947	-0.0475864
1.05879	-0.428627
0.881975	-0.2611
1.01272	-0.235125
1.141	-0.291558
1.45965	-0.455696
1.58904	-0.276975
1.69366	-0.224864
1.69123	-0.0271361
1.68854	0.378525
1.69055	0.492208
1.48575	0.311977
1.88001	0.48189
1.82816	0.246127
1.84198	0.234618
1.74084	0.208329
1.43687	0.0626561
1.20717	0.198029
1.02516	-0.0364412
0.96379	0.0408154
1.17976	-0.101578
0.914306	-0.170535
0.935063	-0.197122
0.724383	-0.146134
0.893149	-0.319557
0.872727	-0.30643
0.313094	-0.456735
0.67151	-0.465444
0.450364	-0.330352
0.166098	-0.04856
0.338854	-0.473419
0.493159	-0.256026
0.655854	-0.398948
0.263453	-0.192552
0.427556	-0.591496
0.371872	-0.434813
0.595695	-0.232993
0.565921	-0.472183
0.442481	-0.480186
0.338362	-0.432065
0.483423	-0.497941
0.245757	-0.634821
0.378013	-0.468252
-0.0442742	-0.536657
0.0602428	-0.371261
-0.041959	-0.496104
-0.14887	-0.155772
-0.256113	-0.376406
-0.38847	-0.250595
-0.0527303	-0.384557
0.0578546	-0.130265
0.0594765	-0.797813
0.18214	-0.529891
-0.0552996	-0.619719
0.037398	-0.456537
0.125775	-0.278421
0.423053	-0.290672
0.415838	-0.485114
0.976907	-0.309376
0.531867	-0.130821
0.523979	-0.113825
0.474503	-0.300653
0.846585	-0.0997779
0.445347	-0.23119
0.650013	-0.284054
0.761047	-0.281938
0.690406	-0.33355
0.731059	-0.279398
0.747457	-0.428388
0.898484	-0.161254
0.867848	-0.163793
0.712529	-0.239795
0.866175	0.125258
1.1057	-0.500476
1.92937	-0.388117
1.34986	-0.670203
1.34241	-0.805522
1.45162	-0.913612
1.36104	-0.911858
1.15078	-0.774476
1.35002	-0.48416
1.33952	-0.354663
0.37853	-0.562853
0.0492421	-0.377029
0.123725	-0.476444
-0.2173	-0.493311
0.0141098	-0.805102
-0.332509	-0.699989
0.178615	-0.542402
-0.133953	-0.467351
0.093997	-0.722358
1.06113	-0.115952
1.13136	-0.233993
1.26093	-0.465281
1.13753	-0.405538
1.27108	-0.380972
1.23031	-0.373279
1.14533	-0.341291
0.855742	-0.185868
0.66845	0.0210436
0.726729	0.148944
0.919705	0.023813
0.638251	0.0129811
0.125288	-0.330328
-0.172739	-0.512204
-0.00235076	-0.953551
-0.324022	-0.670513
-0.52474	-1.06877
-0.50699	-0.80255
-0.292588	-0.759413
0.715921	0.309317
0.333674	0.486174
0.307552	0.63922
0.758974	0.429986
1.3754	0.551282
1.51719	0.249806
0.48751	0.608762
0.238923	0.830391
0.185798	0.783042
0.264855	0.618958
0.437329	0.357065
0.904464	0.299965
0.749182	0.748267
0.841926	0.7243
0.329971	-0.537745
0.239687	0.00846242
0.920054	0.768832
0.454843	0.51275
0.294538	0.252954
0.699858	-0.281433
1.29115	-0.360936
1.52089	-0.294428
1.51734	-0.252999
1.79852	-0.298526
1.65528	-0.346691
1.65359	-0.39509
1.60757	-0.361428
1.75466	-0.437667
1.97216	-0.438069
2.08309	-0.365364
1.5736	0.115562
1.70976	-0.00710504
1.7216	-0.00219345
1.53785	0.0465826
1.21252	-0.687847
1.10264	-0.461367
0.869477	-0.261828
1.02617	-0.291874
1.08244	-0.24185
1.16436	-0.150945
0.939195	-0.00601427
1.57857	0.0313785
1.64512	0.148493
1.69091	0.147662
1.19733	-0.6246
1.90693	0.281956
2.28947	0.282626
2.17159	0.530197
2.0652	0.451842
1.98924	0.341921
1.77885	0.37395
1.75267	0.539355
1.95684	0.473524
1.80408	0.494715
1.25345	0.389046
1.14042	0.149983
1.31626	0.0587659
1.25126	0.142731
0.0131348	-0.766727
0.463526	-0.596973
1.19323	-0.30215
1.57039	-0.856314
1.71916	-0.990688
1.75305	-0.147337
1.51209	0.0882321
1.66486	0.160203
1.67221	0.50141
1.81878	0.434171
2.23459	-0.0660983
2.34475	-0.282241
2.1838	-0.17303
2.05349	-0.526077
1.89174	-0.832913
1.6148	-0.762861
1.13115	-0.267606
0.860798	-0.506797
0.999273	-0.672203
0.961209	-0.678466
1.03454	-0.678414
1.10809	-0.794909
1.04411	-0.758589
1.11674	-0.663838
1.22238	-0.652871
1.57205	-0.691307
1.56339	-0.329395
1.73102	-0.367526
1.6962	-0.211422
1.79195	-0.0978242
1.7105	-0.25779
1.6527	-0.275487
1.77606	-0.103165
1.66941	-0.333427
1.53755	-0.249677
1.65722	-0.292992
1.8057	-0.154043
1.78016	-0.101716
1.7483	0.000190742
1.72751	0.278712
1.44491	0.282494
1.45114	-0.154255
1.34525	-0.0653962
1.21167	0.00942646
1.52852	-0.295362
1.21342	-0.146902
1.02457	-0.100568
0.799047	-0.0971352
1.24608	-0.0358676
1.15967	-0.323385
1.05129	-0.0808564
0.863647	-0.0468174
0.880891	-0.288418
0.485268	-0.723484
0.385148	-0.443
0.427308	-0.576259
0.497051	-0.496839
0.303519	-0.629042
0.364401	-0.571695
0.265098	-0.525144
0.572826	-0.522414
0.226462	-0.357684
0.104898	-0.757513
0.130071	-0.498429
0.180708	-0.321471
0.244373	-0.372799
0.0117121	-0.292021
-0.00145362	-0.308315
0.0769244	-0.45927
0.0392523	-0.129335
0.0979641	-0.624088
0.159976	-0.488289
0.136305	-0.477666
0.572568	-0.692236
0.517219	-0.529828
0.706656	-0.554159
0.72107	-0.471078
0.300719	-0.397046
0.683243	-0.495937
-0.354468	-0.533979
-0.061548	-0.312276
-0.552663	0.12091
-0.915148	0.215448
0.477401	-0.110659
0.48821	-0.0370603
0.365219	-0.173277
1.37162	0.29704
1.68519	0.539145
1.51704	0.473663
1.30427	0.585905
1.33381	0.354533
1.2495	0.416469
1.03745	0.153346
0.836696	-0.29488
1.35987	0.15345
1.43282	0.153771
1.58149	0.167565
1.75435	0.141147
1.82291	-0.013228
1.64329	0.194161
1.65731	0.105541
1.66482	0.114103
1.53748	0.118333
1.74416	-0.100199
1.52487	-0.0196933
1.56985	-0.0652072
1.39625	-0.345812
0.810616	-0.174956
0.694947	-0.104622
0.61466	0.0643195
0.615169	0.163681
0.684517	0.259351
0.616438	0.252275
0.622104	0.153528
0.771014	0.107882
0.730441	0.19985
0.688409	0.326202
0.361207	0.792432
0.257211	0.38081
0.152021	0.233902
0.122524	0.436425
0.640676	0.584104
0.607766	0.509169
0.450012	0.534729
0.439091	0.495935
0.425615	0.559093
0.355263	0.419931
0.545744	0.180216
1.02487	-0.276541
1.30555	-0.39882
1.46825	-0.495378
1.67087	-0.382556
1.79643	0.0497313
1.93208	0.262665
1.96964	0.448082
2.03005	0.621049
1.92907	0.617702
2.01229	0.424876
1.79881	0.380241
1.61685	0.276482
1.50665	-0.276156
1.9818	-0.421888
1.2613	-0.170601
0.50938	0.151685
0.215792	0.407954
0.279855	0.546299
0.170102	0.636921
0.303531	0.677979
0.420055	0.572036
0.66673	0.164083
0.990981	-0.159225
1.36365	-0.49924
1.64386	-0.309457
1.86396	-0.0852819
1.97711	0.296667
2.12567	0.549503
2.16358	0.566896
1.96699	0.62058
1.829	0.505769
1.65001	0.58039
1.56729	0.695306
1.63259	0.728808
1.49163	0.925378
1.56129	0.924987
1.60719	0.635747
1.65863	-0.223796
1.45236	-0.470138
1.0573	-0.185352
0.703333	-0.182935
0.836087	0.0405788
1.02766	-0.440867
0.971554	-0.457454
1.00064	-0.585102
1.15375	-0.686237
1.17343	-0.708212
1.30913	-0.624361
1.59778	-0.550751
1.92136	-0.364454
1.84635	-0.222463
1.85216	-0.121256
1.84769	-0.146863
1.78239	-0.0150134
1.93192	-0.00281744
2.0222	0.345369
2.08132	0.300606
2.02709	0.501352
1.9677	0.639351
1.78849	0.423792
2.06257	0.227729
1.90514	0.440126
1.36703	-0.716866
1.8322	0.617325
1.77355	0.963197
1.78142	1.03438
1.86605	0.854077
1.91479	0.731845
1.9115	0.525858
1.83393	0.210735
1.44014	-0.181356
0.674555	-0.153461
0.228759	0.125836
0.0741232	0.607419
0.410382	0.644159
0.645871	0.140807
0.950049	0.0577551
1.02032	-0.0125262
1.03034	0.0835966
1.21981	-0.0109271
0.993116	0.209432
0.915311	0.0427759
1.11236	0.054631
1.04382	0.0208232
1.05426	-0.174017
0.834595	-0.154645
0.932939	-0.0389946
0.198303	0.16457
0.285376	-0.454662
0.0950964	-0.511717
0.145526	-0.768125
0.217701	-0.530803
0.313264	-0.680653
0.756307	-0.48174
0.500405	-0.532846
0.730089	-0.546956
0.840866	-0.159057
0.721705	-0.407331
0.52088	-0.393188
0.6227	-0.416267
0.730643	-0.24577
0.652975	-0.142746
0.640951	-0.376952
0.884721	-0.312534
0.433744	-0.294543
0.424374	0.0585895
0.300553	-0.801365
0.235945	-0.380876
-0.345832	-0.258479
0.227768	-0.843158
0.593378	-0.834563
0.0360044	-0.873706
0.240509	-0.499332
0.810065	-0.939912
0.695495	-0.855277
1.00096	-0.58815
1.08861	-0.552812
1.00829	-0.539352
1.06564	-0.432955
1.0881	-0.674869
0.96573	-0.522773
0.622438	-0.368498
0.673065	-0.123108
0.547982	0.0879864
0.516154	-0.443053
0.596158	-0.386786
0.503901	-0.199345
0.503589	-0.184307
-0.19712	-0.0973036
0.965397	-0.697938
1.51815	-0.532799
1.45397	-0.528398
1.4867	-0.467422
1.36553	-0.272181
1.42662	-0.0190075
1.56148	0.0555159
1.45377	0.0569032
1.4648	0.0608356
1.22119	0.0709229
0.916897	0.0807558
1.24833	-0.0449391
1.72258	-0.0944034
1.79742	-0.0164024
1.67356	0.176528
1.73899	0.0817066
1.0835	-0.189374
0.831499	-0.108238
0.803587	0.0870621
0.682947	0.273535
0.543365	0.505902
0.378642	0.463655
0.405532	0.36085
0.334848	0.38504
0.344914	0.300075
0.507894	0.238898
0.532956	0.0439943
0.256079	0.107243
0.0465958	0.00544379
-0.275364	0.0297442
-0.822355	0.0807452
-0.831839	0.154909
-0.898213	0.172478
-0.783036	-0.184366
-0.274026	-0.27771
0.170666	-0.0210878
0.344503	0.28388
1.02343	0.335372
1.58696	-0.175342
1.87997	-0.439445
1.80538	-0.555873
1.69365	-0.693984
1.68707	-0.655417
1.73149	-0.47354
1.87142	-0.628894
2.08509	-0.558157
1.91697	-0.266622
1.71026	-0.283387
1.81291	-0.374313
1.63009	-0.540567
1.78593	-0.252959
1.84573	-0.359643
1.67851	-0.193513
1.28774	-0.495901
1.6299	-0.500562
1.35545	-0.25268
1.42723	-0.068499
1.95639	-0.275785
1.38126	-0.16692
1.43171	-0.191807
1.53703	-0.516041
0.901044	-1.14384
0.711802	-1.23175
0.603058	-0.836266
0.345259	-0.890602
0.00757131	-0.876093
0.312164	-1.07511
0.171989	-0.742587
-0.140482	-0.586443
-0.0243855	-0.835059
-0.0333708	-0.934953
0.0370616	-0.919527
0.0598647	-0.791144
0.0586262	-0.734893
-0.00742383	-0.894728
0.246742	-0.80284
0.156976	-0.714353
0.23247	-0.775152
0.197189	-0.758958
0.481135	-0.766681
0.165849	-0.831954
0.588693	-0.575905
0.721631	-0.437856
0.781621	-0.473777
0.682626	-0.505875
0.542016	-0.395389
0.626288	-0.258859
0.669694	-0.284558
0.662481	-0.605946
0.834478	-0.486619
0.670203	-0.441067
0.73288	-0.656815
0.0552885	-0.197669
0.329776	0.222464
0.163272	0.649578
0.397753	0.840282
0.0707376	0.781773
0.219454	0.770367
0.174012	0.824567
-0.0395225	0.82486
-0.477959	0.78308
-0.505884	0.71581
-0.248751	0.619676
-0.104352	0.482164
0.178482	0.732943
0.165753	0.422039
0.301305	0.20233
0.590129	-0.126198
0.619757	-0.386855
0.87541	-0.666322
0.963949	-0.749141
1.10412	-0.875684
1.06962	-0.797302
1.20535	-0.873694
1.35996	-0.813986
1.06139	-0.718949
1.12515	-0.624498
0.951528	-0.532964
0.981403	-0.408102
1.18311	-0.600947
1.61207	-0.733074
1.79731	-0.540516
1.72424	-0.317481
1.91508	-0.248385
1.79332	-0.146203
1.78765	-0.146301
1.73053	-0.318724
1.8324	-0.509645
1.68367	-0.773098
1.24032	-0.663442
1.01821	-0.57401
0.968131	-0.569656
1.08114	-0.504414
1.2103	-0.567182
0.864348	-0.461854
1.12982	-0.50112
1.05259	-0.441825
0.984951	-0.330486
0.969567	-0.419725
0.905062	-0.344557
0.674208	-0.249446
0.696491	-0.228892
1.28009	0.0478762
0.547725	-0.197916
0.738588	0.371383
0.365037	0.316612
0.331729	0.524199
0.409862	0.504301
0.358572	0.691265
0.56995	0.621988
0.767473	0.708545
0.936943	0.661213
1.10309	0.269443
0.897685	0.530034
0.78265	-0.623372
0.941844	0.45417
-0.041637	0.108312
0.680856	0.238812
1.01755	-0.0232385
0.853093	0.121239
0.76709	-0.0189072
0.793021	-0.00382086
0.532539	-0.426151
0.756823	-0.418459
0.0749258	-0.459423
-0.0208525	-0.530528
0.161465	-0.405898
0.491915	-0.343132
0.367708	-0.327569
0.631038	-0.280799
0.749913	-0.27546
0.905568	-0.266766
0.500822	-0.265822
0.583525	-0.0493194
-0.163368	-0.754596
-0.287629	-0.368788
0.641344	-0.3892
0.624522	-0.445404
0.353217	-0.610896
0.622502	-0.230269
0.65347	-0.331171
0.0189886	-0.339311
0.31225	-0.391076
0.491745	-0.353102
0.421262	-0.297134
0.559881	-0.364341
0.459758	-0.41866
0.550401	0.105379
0.355554	0.271396
0.570895	0.581373
0.310737	0.431985
0.294011	0.611546
0.247	0.593809
0.293419	0.499493
0.742303	-0.0769092
1.32419	-0.293936
1.45208	0.00990808
1.54089	-0.17254
1.60353	-0.207596
1.54454	-0.296629
1.48807	-0.335579
1.431	-0.31729
1.32442	-0.310495
1.30947	-0.225142
1.36067	-0.166045
1.42076	-0.0316598
1.62049	0.073376
1.54868	0.385789
1.74467	0.0735486
1.60351	0.287621
1.76552	0.353004
1.76532	0.153676
1.84591	0.167863
1.9354	-0.368674
2.02011	-0.29169
1.99382	0.325416
1.93077	0.390958
1.50151	-0.501723
1.2095	-0.243959
1.58568	-0.064432
1.57701	-0.400758
1.69938	-0.244847
2.08896	-0.44429
1.85762	-0.349561
1.72292	-0.118299
1.68122	-0.114111
1.97585	-0.157853
2.03641	-0.159973
1.64744	0.256442
1.94031	0.509888
2.09802	0.442512
2.19192	0.0750814
2.14793	0.196037
2.22483	0.478263
2.16145	0.678732
2.19262	0.638395
2.08458	0.979141
2.09723	0.624816
1.88018	0.697889
1.71136	0.735131
1.66259	0.751015
1.49903	0.829529
1.59634	0.910535
1.78224	0.560432
1.59527	0.230093
1.2034	0.356579
1.54435	0.206483
1.54155	0.186322
1.24556	0.0488673
1.76	0.00765483
1.32528	0.384029
1.97931	0.462762
1.88971	0.573962
1.44184	0.534297
1.34642	0.327176
1.30978	-0.0339251
1.4503	-0.19421
1.42018	-0.0140783
1.37389	0.185233
1.2453	0.355911
1.08941	0.621405
0.0275987	1.20157
-0.468938	0.487341
-0.267056	0.279583
-0.796364	0.478482
-0.524844	0.0830135
-0.503081	0.151821
-0.602235	0.00583691
-0.985465	0.00863986
-0.691899	-0.569253
0.0586082	-0.6252
0.260586	-0.10342
0.821579	0.364543
0.389466	0.195632
0.47163	0.1089
0.303223	0.198155
0.361027	0.379542
0.332745	0.465583
0.33642	0.518059
0.309015	0.537612
0.411871	0.626804
0.344427	0.733767
0.211146	0.515326
0.253927	0.524122
0.102293	0.466461
0.332713	0.401482
0.762262	0.171484
0.956936	0.337132
0.929937	0.309205
0.884765	0.609649
0.703146	0.574421
0.627659	0.707845
0.709521	0.552989
0.560708	0.593287
0.352324	0.518963
0.385409	0.272944
0.376423	0.280244
0.455141	0.303914
0.333223	0.0839298
0.835357	-0.0881544
0.890078	-0.143086
0.948002	0.00126852
0.723945	-0.0708866
0.757815	-0.0291431
0.839229	-0.248312
0.61243	-0.171823
0.990599	-0.0803252
0.719907	-0.0754447
0.718291	-0.244103
0.77674	-0.270033
0.745025	-0.251447
0.625353	-0.359112
0.596735	-0.239477
0.825182	-0.289831
0.631834	-0.202642
0.790041	-0.312854
0.973889	-0.372475
0.65765	-0.181899
0.623285	-0.296493
0.523055	-0.519514
0.436884	-0.288833
0.561444	-0.458678
0.281144	-0.273053
0.62596	-0.81232
1.41658	-0.375521
1.27303	-0.645403
1.08809	-0.668454
1.23674	-0.624134
1.21445	-0.453129
1.30053	-0.255883
1.21766	-0.219275
1.09032	-0.184221
1.0022	-0.118817
0.864089	-0.246273
1.0277	-0.704788
1.45863	-0.0775674
1.53398	-0.0964807
1.64457	-0.192585
1.57427	-0.165673
1.71449	-0.317188
1.56098	-0.282916
1.54501	-0.129577
1.25708	-0.702791
0.885581	-0.436137
0.658609	-0.17947
0.512293	0.0476938
0.402084	0.282646
0.376473	0.450264
0.380404	0.491993
0.389496	0.731797
0.506325	0.792894
1.11889	0.562208
1.43874	0.654637
1.58914	0.517083
1.72893	0.64972
1.85328	0.693008
1.72632	0.743034
1.40105	0.663069
0.762679	0.00858492
-0.0881907	0.0388806
-0.118611	-0.0350909
-0.00462069	-0.474527
-0.221415	-0.263237
-0.588873	-0.328787
0.0210397	-0.464197
-0.273435	-0.33441
-0.523582	-0.525514
-0.0276273	-0.11487
0.747621	0.647512
0.607129	0.485969
0.744094	0.194969
1.12028	-0.170625
1.67557	-0.154265
1.92822	0.0215164
1.8387	0.210541
1.7993	0.160122
1.83451	0.101957
1.77714	0.106334
1.86294	0.053058
1.90417	0.00940089
1.81054	0.0341479
1.98202	-0.0139149
2.0261	0.0251893
1.9393	0.0854993
1.81028	0.084884
1.79046	0.172641
1.46604	0.225554
2.02493	0.61749
1.86148	0.555321
1.81795	0.532986
1.81955	0.449022
1.80291	0.36146
1.71861	0.271385
1.67634	0.201547
1.60793	-0.0630433
1.74512	-0.299356
1.82738	-0.348594
1.29198	-0.126036
0.689333	-0.177998
0.304371	0.30641
0.295679	0.42085
0.45549	0.257169
0.628999	0.290427
0.502517	0.227849
1.09431	0.0974845
1.40153	-0.0475249
1.32015	-0.229274
1.45385	-0.285015
1.37289	-0.265023
1.32784	-0.240558
1.21133	-0.167126
1.14332	-0.117397
1.46671	0.101864
1.38899	0.0549113
1.53558	0.022154
1.46237	0.0321015
1.30323	0.130143
1.21362	-0.46382
1.31951	-0.0846541
1.33589	-0.0342741
1.28123	0.0634613
1.04294	0.106083
0.81196	-0.101361
1.2079	0.0109404
1.45501	0.499359
1.63024	0.583338
1.6156	0.675105
1.4045	0.59262
1.45639	0.608264
1.31692	0.251347
1.21355	0.10144
1.49034	0.208285
-0.557811	0.283626
0.210702	-0.143281
-1.26008	0.288459
-1.61447	0.092175
-1.31492	-0.491796
-0.712131	-0.54529
-0.0896362	-0.578522
0.705656	-0.0747218
1.24551	-0.729602
1.27052	-0.821348
1.15515	-0.584052
1.20293	-0.38792
1.25183	-0.124937
1.39128	0.223486
1.81243	-0.223067
1.5618	0.0126423
1.5777	0.0863897
1.41666	-0.274693
1.33051	-0.257093
0.727718	-0.925089
1.10682	-0.481267
1.27219	-0.156637
1.48283	0.13968
1.58315	0.18836
0.942283	-0.150662
1.1514	-0.475865
1.04271	-0.506248
1.11386	-0.577273
1.09365	-0.558838
1.15311	-0.512193
1.34652	-0.468829
1.55181	-0.154708
1.25292	-0.428895
1.1129	-0.468679
0.892098	-0.553489
0.464837	-0.695795
0.616374	0.417604
0.859732	-0.450993
0.945232	-0.439975
0.989284	-0.394961
0.984559	-0.502813
1.05083	-0.470388
0.980833	-0.338227
0.907157	-0.234266
0.878166	-0.196796
0.913822	-0.211157
1.1717	-0.193942
1.39551	-0.0873007
1.47034	0.0337192
0.860936	0.346879
0.483239	-0.0631424
0.160852	-0.204386
0.323034	-0.394287
0.643413	-0.0293243
1.36171	-0.13809
1.29278	-0.21132
1.46802	-0.405067
1.81951	-0.258461
1.91983	-0.0139025
1.994	-0.0820025
1.87174	0.138472
1.82181	0.262881
1.82356	-0.0157311
0.538	-0.387727
0.659042	-0.425478
1.42522	-0.209479
2.10749	0.355202
2.31551	0.484323
2.23502	0.124045
2.26944	-0.00969126
1.9646	-0.0559755
1.56782	-0.344303
1.41097	-0.0322429
1.05745	0.307682
1.07246	0.111856
0.968913	0.00284744
1.5364	-0.218079
0.294702	-0.32601
0.357503	-0.400477
1.65044	0.362072
1.20048	0.298719
1.40288	0.504583
1.5422	0.639463
1.52036	0.746589
1.59853	0.788104
1.48455	0.767415
1.53892	0.440691
1.34772	0.372452
1.28359	0.117126
1.20067	-0.0323401
1.23771	-0.326615
1.43229	-0.607012
1.61971	-0.698189
1.63242	-0.708887
1.67113	-0.616236
1.84338	-0.609622
1.95937	-0.564786
2.00708	-0.441117
1.75579	-0.321513
1.88474	-0.139204
1.89649	0.0704217
2.00179	-0.00108082
1.84205	0.138042
1.92833	0.132109
1.86732	0.298088
1.96217	0.151984
2.21461	0.137698
2.00694	0.101125
1.87543	0.184731
1.98672	0.0483842
1.69252	-0.137057
1.58168	0.0414472
1.18607	-0.269671
1.17142	-0.241211
1.08291	-0.288093
0.995108	-0.317574
1.22241	-0.257374
1.20546	-0.129029
0.878085	-0.112659
0.089378	0.106152
0.654822	-0.282998
0.610669	-0.333549
0.736253	-0.357186
0.659915	-0.407529
0.586614	-0.472632
0.547044	-0.271514
0.619607	-0.286688
0.742024	-0.459858
0.767659	-0.597306
0.628904	-0.389969
0.710296	-0.391036
0.751372	-0.364575
0.692199	-0.491394
0.67703	-0.421273
0.644606	-0.291665
0.665127	-0.137127
0.670576	-0.287104
0.639222	-0.414875
0.808918	-0.549113
0.69135	-0.234124
0.877584	-0.772998
0.213301	-0.401753
-0.0123311	-0.19453
0.359701	-0.512207
0.669811	-0.440472
0.609407	-0.692156
0.46802	-0.608767
0.113297	-0.399882
0.581112	-0.351494
0.441885	-0.294944
0.70977	-0.496533
0.716525	-0.40258
0.839571	-0.389863
0.734342	-0.588496
0.68955	-0.525525
0.498161	-0.314942
0.819931	-0.0313464
1.59443	0.87166
1.5589	0.48269
1.6014	0.418766
1.73924	0.442565
1.77717	0.259384
1.42133	-0.113732
1.28117	-0.332422
1.30343	-0.28457
1.4808	-0.28164
1.53746	-0.114338
1.84414	0.00189796
1.54788	-0.0423471
1.63183	-0.00885797
1.61932	-0.079403
1.33019	-0.050249
1.72691	-0.11436
0.959369	-0.338208
1.41007	-0.346872
2.10924	-0.62839
1.84398	-0.847833
1.41888	-1.34815
1.78468	-0.711712
1.5471	-0.56017
1.70257	-0.597809
1.89897	-0.655443
1.90695	-0.446135
1.99768	-0.293863
2.16719	-0.224963
2.14999	0.00838679
2.12572	0.131942
2.10509	0.0951103
2.17787	0.025414
2.07954	0.0321861
2.06308	-0.096968
1.92649	-0.265728
1.82962	-0.508445
1.75673	-0.675751
1.64185	-0.717009
1.63041	-0.653347
1.54329	-0.646168
1.33487	-0.433395
1.38098	-0.297025
1.31556	-0.0524876
1.09506	0.119877
0.369512	0.0502819
-0.238385	-0.426734
-0.305685	-0.640247
-0.383281	-0.651227
-0.191205	-1.06334
0.712676	-0.442673
0.645375	-0.351783
0.882342	-0.338183
0.865826	-0.410422
0.920358	-0.157465
-0.273018	-0.765632
0.0916414	-0.168995
0.617049	0.0736139
0.511193	0.265703
0.523332	0.19291
0.518672	0.256069
0.528777	0.231659
0.635895	0.275171
0.689018	0.262373
0.782955	0.0904182
0.733388	-0.14586
0.729667	-0.298795
0.811094	-0.567317
1.02441	-0.788425
1.32218	-0.999899
1.473	-0.871882
1.49188	-0.544153
1.65916	-0.4406
1.70315	0.104969
1.82211	0.243573
1.9544	0.133455
1.92508	-0.168835
1.85716	0.0422817
2.00817	-0.0166378
1.94415	0.486879
1.86711	0.616675
2.11859	0.696544
1.94575	0.584905
1.9414	0.412917
1.82558	0.0662991
1.52088	0.0473685
1.71381	0.171608
1.66329	0.111905
1.71541	0.0288811
1.542	0.127145
1.28767	-0.245292
1.01704	-0.347423
1.38816	-0.55508
1.01738	-0.331723
1.10083	-0.332006
1.13385	-0.221928
0.800466	-0.267987
0.4232	-0.251658
0.941484	-0.0816658
1.86321	0.039594
1.70354	0.118177
1.68373	0.27723
1.77088	0.436426
1.83539	0.413179
1.87779	0.283407
1.26744	-0.141144
1.49145	-0.11904
1.51446	-0.243648
1.31334	0.125285
1.39596	-0.165514
1.40511	-0.106169
1.22229	-0.157945
0.939132	-0.821187
-0.0193103	-0.236434
-0.777607	-0.287479
-0.332815	-0.247756
-0.715082	-0.494961
-0.385272	-0.9685
-0.266074	-0.749705
-0.104462	-0.625252
0.203212	-0.377783
1.04201	0.236608
0.880062	0.400452
0.967982	-0.00382177
1.34127	0.290968
1.6777	0.281098
1.4515	0.293834
1.66028	0.42647
1.5652	0.859152
1.55582	0.700556
1.70963	0.382549
1.33404	-0.0168433
1.1471	-0.0602055
1.13017	0.0237531
1.32444	-0.131488
0.499234	-0.617209
0.731513	-0.00592881
1.12193	0.28049
0.717308	-0.0914828
0.713064	-0.172139
0.65902	-0.157933
0.685345	-0.0860603
0.723818	0.0813722
0.778821	0.259104
0.79916	0.364783
0.810995	0.431062
1.15506	0.529183
1.70928	0.36368
1.55464	0.501619
1.76874	0.628164
1.85519	0.488449
1.74505	0.669622
1.84582	0.71755
1.7717	0.782735
1.7969	0.663207
0.841939	-0.315098
0.492006	0.0599334
-0.139507	0.117934
-0.151899	-0.204827
-0.305875	-0.45992
-0.505861	-0.238016
-0.538376	-0.341214
-0.177898	-0.410713
-0.234242	-0.327432
0.520412	-0.138648
0.959551	0.169765
0.779447	0.137
0.595998	-0.128114
0.851784	-0.172013
0.938012	-0.205726
0.16864	0.151059
0.646041	-0.188175
0.822911	-0.429219
0.762309	-0.374549
0.750805	-0.136013
0.7709	-0.337059
0.818183	-0.539931
0.648538	-0.414021
-0.06422	0.250747
-0.420301	0.764042
0.210272	0.958603
-0.00704637	1.0346
0.398282	0.934483
0.611413	0.19404
0.620441	0.192295
0.803578	0.176691
0.456719	-0.0680152
0.517368	-0.181975
-0.354398	-1.08069
0.483345	-0.556861
0.605821	-0.664089
1.47249	-0.21836
1.21818	-0.722263
1.37048	-0.99366
1.36131	-0.951085
1.56683	-0.806417
1.87136	-0.589802
1.31577	-0.6408
1.39147	-0.645177
1.2941	-0.727382
1.03681	-0.844309
1.48056	-0.703899
1.15269	-0.687511
1.17489	-0.609214
1.263	-0.468621
1.18456	-0.556252
0.846824	-0.376452
1.27044	-0.698189
1.23497	-0.529409
1.25208	-0.372483
1.04512	-0.540026
0.812107	-0.483568
0.80553	-0.445013
0.897793	-0.321491
1.52455	-0.122695
0.992315	-0.512653
1.44409	-0.0063834
0.847049	-0.461145
0.934751	-0.409528
1.08492	-0.378881
1.21548	-0.325928
1.18319	-0.108055
1.303	-0.0543581
1.45135	-0.0207404
1.47405	0.0921442
1.44028	0.0959628
1.30567	-0.0047818
1.23769	0.010618
0.929024	-0.0543524
0.883701	0.10353
0.517736	0.126169
0.164439	0.321887
0.111865	0.321622
0.11228	0.231968
0.738717	-0.0196979
0.922335	0.136405
1.01201	0.319631
0.824288	0.306731
0.767903	0.352826
0.764391	0.404776
0.832967	0.367138
0.965999	0.26543
1.20556	0.145208
1.16309	0.25342
1.03598	0.0350609
-0.393198	-0.374793
0.884072	-0.128726
0.759954	-0.397434
0.657562	-0.240431
0.947126	-0.272083
0.797926	-0.262555
0.805689	-0.372563
0.821137	-0.160815
0.244078	-0.66864
0.552382	-0.453247
0.0442184	-0.161519
0.60886	-0.385139
0.507398	-0.565524
0.269899	-0.887596
0.391921	-0.243997
0.577697	-0.266206
0.703094	-0.236572
0.716499	-0.101179
1.11089	-0.447267
0.940286	-0.203436
0.864083	-0.189459
0.880413	-0.323018
0.839743	-0.106604
0.849208	-0.222304
1.07897	-0.375735
0.75943	-0.416558
0.766785	-0.427034
0.959082	-0.429013
0.74885	-0.35572
0.620007	-0.307458
0.844422	-0.352736
0.758701	-0.265293
0.610601	-0.2178
0.749977	-0.540678
0.63092	-0.209036
0.756756	-0.277024
1.46779	0.106361
1.6122	0.482976
1.47389	0.433165
1.53716	0.39854
1.49966	0.399312
1.59463	0.482006
1.64241	0.239751
1.51898	0.420503
1.12757	-0.181799
1.52761	-0.38654
1.36652	-0.531672
1.43628	-0.64303
1.44518	-0.737198
1.69279	-0.765407
1.41066	-0.263996
1.25655	-0.0394416
0.738705	-0.481387
0.256803	-0.452164
0.0349169	-0.687517
0.0184686	-0.660756
-0.0456017	-0.564598
-0.0602253	-0.711942
-0.000439702	-0.577207
0.139546	-0.686789
0.0834273	-0.637305
-0.0863247	-0.750393
0.507013	-0.391407
1.15642	0.212674
1.01867	-0.152792
0.872748	-0.133323
0.975077	-0.0365159
0.845168	0.15105
0.883684	0.407301
0.827429	0.792643
0.90904	0.579493
0.769764	0.919259
0.782616	0.943984
1.02755	0.872657
1.86019	0.464802
1.80169	0.497444
1.76253	0.544904
1.51818	0.49994
1.22351	0.140586
1.40586	0.0207725
1.8278	-0.108467
2.14901	0.0112575
2.26968	0.168031
2.2596	0.370031
2.31286	0.352136
2.24486	0.512687
2.11477	0.578436
2.18893	0.591214
2.05177	0.418834
2.37337	0.463384
2.11394	0.639617
2.26488	0.31526
1.86578	0.37438
1.63291	0.176744
1.57829	-0.396795
1.37804	-0.112326
0.592109	-0.058388
1.18047	-0.311961
1.02753	-0.347405
1.1956	-0.4412
1.10757	-0.558104
1.06872	-0.595951
1.20929	-0.708011
1.33454	-0.725837
1.35903	-0.65983
1.41667	-0.633476
1.51267	-0.42731
1.48185	-0.195589
1.79749	-0.240313
1.81546	-0.309345
1.25291	-0.533382
1.51078	-0.603898
1.5533	-0.496882
1.32128	-0.34404
1.70949	-0.326746
1.44359	-0.44021
1.59524	-0.448369
1.39061	-0.452575
1.27712	-0.235241
1.27131	-0.268639
1.12171	-0.314032
1.11636	-0.390816
1.18933	-0.215104
1.13533	-0.118914
0.730517	-0.242081
0.856918	0.0687153
1.01373	-0.281596
0.779399	-0.487305
0.78038	-0.329258
0.728563	-0.478732
0.79605	-0.274431
0.391201	-0.343527
0.353257	-0.422414
0.535078	-0.352559
0.954975	-0.345107
0.711877	-0.414873
0.65941	-0.259225
0.700003	-0.183928
0.477059	-0.185011
0.597482	-0.365144
0.581301	-0.786757
0.720843	-0.332658
0.266138	-0.418839
0.328573	-0.27129
0.43988	-0.462577
0.488412	-0.504703
0.588086	-0.620661
0.61187	-0.587699
0.801862	-0.493922
0.988403	-0.660809
0.823295	-0.612609
0.84871	-0.561764
0.732448	-0.378014
0.955011	-0.776534
1.06706	-0.585315
1.05374	-0.354924
1.01655	-0.337555
0.946836	-0.287756
1.20018	-0.213618
1.10214	-0.428467
1.03375	-0.396685
1.09846	-0.265308
1.25422	-0.0640945
1.25548	-0.307443
0.955505	-0.292097
1.1592	-0.119441
0.971399	-0.327769
0.927518	-0.314563
1.01371	-0.225028
0.855521	-0.216768
0.603218	-0.251472
0.760092	-0.600249
0.244235	-0.171605
0.899996	-0.577133
1.15876	-0.641067
1.33606	-0.695921
1.14351	-0.666144
1.07022	-0.609867
1.01332	-0.530406
1.09225	-0.459143
1.18652	-0.492168
1.24132	-0.456887
1.20466	-0.308842
1.366	-0.0207108
1.32752	0.0134204
1.32809	0.0527144
1.22398	0.0486108
1.21975	0.0506483
1.28551	0.108208
0.991162	-0.0185161
1.03669	0.317437
1.41825	0.165403
1.70022	0.433765
1.72107	0.303093
1.72756	0.188306
1.80269	0.298757
1.76727	0.109634
1.70526	0.161856
1.64851	0.314135
1.61659	0.248643
1.45332	-0.563654
0.506928	0.520592
0.367605	0.793823
0.307634	0.950706
0.245602	0.734737
0.423108	0.390571
0.744492	0.128177
0.928858	-0.0205302
1.06682	-0.010039
1.28451	-0.0467497
1.22337	-0.0440833
1.18184	0.0501417
1.46954	0.306614
1.56769	0.281261
1.6129	0.316372
1.58371	0.456513
1.80528	0.330738
1.60556	0.380175
1.45703	-0.0591962
1.58193	0.0315395
1.99318	0.00429987
2.14	0.154866
2.03833	0.543642
2.07552	0.618233
1.86184	0.84532
1.78464	0.725871
1.77599	0.869036
1.61696	0.809495
1.65754	0.794711
1.60882	0.973172
1.60921	0.676378
1.69815	0.351574
1.28438	-0.0988211
-0.372255	-0.0413643
-0.647588	-0.0579968
-0.600418	0.232914
-0.879397	0.107816
-0.905453	0.472441
-0.878868	0.173051
-0.906609	0.448268
-0.863999	0.0769637
-0.48193	-0.119506
-0.0788759	-0.362685
-0.0789049	-0.292145
-0.0363327	-0.161514
0.949527	-0.045828
0.963988	-0.0967828
1.06046	-0.0974409
1.17441	-0.105506
1.03266	0.0297461
1.35477	-0.167549
1.45719	0.0293824
1.47336	0.511376
1.6801	0.3586
1.34704	0.474639
0.0131906	0.853307
-0.256872	0.339008
-0.571962	0.547748
-0.678847	1.04913
-1.00201	0.666961
-1.19541	0.329944
-0.860824	-0.0293857
-0.253072	0.104355
-0.160358	0.545027
-0.0638739	0.175297
0.156304	0.58817
1.12205	0.756967
1.22626	0.423756
1.52368	-0.100372
1.74686	-0.225041
1.75885	-0.23321
1.76931	-0.0826674
1.6828	-0.145839
1.74495	-0.486207
1.29016	-0.29622
1.37542	-0.129639
1.163	-0.0498285
1.39514	-0.352242
1.43723	-0.508685
1.54671	-0.556296
1.7479	-0.366695
1.77656	0.00933813
1.48313	0.27881
1.53202	0.344844
1.60786	0.177878
1.87301	0.326735
1.78913	0.267254
1.8635	-0.174245
1.38369	0.255061
0.406188	-0.671182
1.70146	-0.282072
1.14458	-0.704849
1.59807	-0.700948
1.9114	-0.417849
2.12125	-0.274564
1.92015	-0.429686
1.71372	-0.387653
1.52631	-0.339865
1.40837	-0.279133
1.59895	-0.22339
1.78405	0.0765055
1.62814	-0.00390682
2.19437	0.422945
1.90354	0.300548
1.94432	-0.304493
1.79769	-0.698721
1.81963	-0.79691
1.75395	-0.939218
1.73449	-0.844851
1.82837	-0.82744
1.82141	-0.540349
1.96829	-0.442297
1.74021	-0.141422
1.5045	-0.520581
1.41826	-0.302875
1.48376	-0.319612
0.568385	-0.723601
1.14799	-0.300006
-0.0689211	-0.0749332
1.35229	0.343421
0.478213	-0.0845082
-0.244081	-0.285871
1.13316	-0.553195
1.55808	-0.350981
1.91529	-0.595597
1.83174	-0.430199
1.72498	-0.383397
1.47298	-0.347583
1.36824	-0.42372
1.50614	-0.273282
1.2816	-0.233569
1.35603	-0.0355131
1.33218	-0.0301578
1.31771	-0.134384
1.14391	-0.078162
0.943673	-0.188188
1.22577	-0.289161
1.17047	-0.397897
1.10651	-0.160998
0.846016	-0.193108
1.29167	-0.58953
0.938369	-0.340719
1.07514	-0.463315
0.784123	-0.292811
0.766768	-0.0731012
0.923356	-0.250273
0.568239	-0.301999
0.603731	-0.51437
0.554086	-0.160853
0.541278	-0.384509
0.884575	-0.487194
0.649512	-0.292099
0.717342	-0.507739
0.828302	-0.303112
0.787105	-0.395966
0.878653	-0.508709
0.56034	-0.609208
0.431094	-0.38812
0.392799	-0.473818
0.255026	-0.519393
0.555039	-0.670985
0.315066	-0.353967
0.498354	-0.44701
0.530957	-0.364061
0.372295	-0.43122
0.413728	-0.382635
0.404615	-0.389173
0.429006	-0.55856
0.567531	-0.239699
0.349006	-0.291797
0.67666	-0.57737
0.492814	-0.574015
0.606586	-0.346977
0.663619	-0.275714
0.579925	-0.248673
0.76343	-0.469592
0.498289	-0.439252
0.736867	-0.34789
0.651853	-0.401831
0.885768	-0.328892
0.761753	-0.243157
0.771498	-0.415347
0.832589	-0.240809
0.86407	-0.583185
0.72414	-0.444995
1.73201	-0.08129
1.65586	-0.332418
1.44728	-0.377858
1.45723	-0.524278
1.23866	-0.511266
1.39772	-0.737869
1.17319	-0.954591
1.15308	-1.01168
1.12814	-0.508157
1.1902	-0.132352
1.49544	-0.142362
1.43403	-0.345317
1.41408	-0.314585
1.3798	-0.393778
1.54012	-0.467135
1.41657	-0.761027
1.1738	-0.394688
1.50797	-0.381359
1.78526	-0.00378473
2.05961	0.172458
2.11369	0.306419
1.71841	0.147796
1.60039	-0.11559
1.35035	-0.259981
1.03764	-0.25834
0.758725	-0.0905432
0.404249	0.19287
0.122812	0.615055
0.0829284	0.661418
1.29775	0.279542
1.23589	0.183632
1.35067	0.0645497
1.33683	0.153681
1.42954	0.118775
0.590222	0.0501765
1.04068	-0.0367311
1.2141	-0.175031
1.46337	-0.212954
1.56335	-0.391727
1.31124	-0.393604
1.25703	-0.520184
1.31492	-0.267961
1.21056	0.0613401
1.2488	0.175311
1.58792	-0.0558695
0.73759	-0.590139
1.14292	-0.260857
0.778889	-0.0928927
-0.232037	-0.55967
0.830426	-0.31041
0.740154	0.163534
1.07224	0.00168144
1.07591	0.165633
1.02074	0.391769
0.948837	0.322705
0.746397	0.416723
0.90325	0.506349
0.783797	0.35822
0.948325	0.423631
1.26577	0.614988
1.38214	0.182761
1.30287	-0.0108046
1.04098	0.184763
0.95615	0.119644
0.035143	-0.40608
0.358369	0.0317254
0.439232	0.763395
0.243855	0.641701
0.301651	0.534014
0.829862	0.142558
1.55336	0.0710643
1.04144	0.223295
0.904844	0.416835
0.552101	0.0188564
0.822328	-0.0455817
0.913997	-0.296431
1.26413	-0.405194
1.46657	-0.196464
2.14501	0.0393316
1.83175	0.551787
1.76891	0.22717
1.33968	0.150902
0.962989	0.0114349
-0.224557	-0.00998855
-0.690715	-0.185983
-1.06708	0.374848
-0.703714	0.493445
-0.0539449	0.0333032
0.209332	0.122509
0.900524	-0.309041
1.72115	-0.174182
1.23598	-0.292749
1.20413	-0.210258
1.23233	-0.163704
1.47735	-0.110135
1.71319	-0.141699
1.86088	0.194284
1.88207	0.207376
1.54729	0.0255867
1.49117	0.0980842
1.66341	-0.40982
1.37615	-0.426353
1.10989	-0.403873
0.794573	-0.256159
0.754818	-0.0120505
0.805138	0.325366
1.314	0.429144
1.67383	0.0978239
1.69542	0.391243
1.70899	0.413666
1.72212	0.539684
1.43405	0.614018
0.676548	0.794363
-0.0692162	0.767788
-0.276978	0.770608
0.0599923	0.77575
0.384802	0.363161
0.688728	-0.0382803
0.71115	-0.236032
0.825966	-0.431536
0.910389	-0.58429
1.11763	-0.691847
1.18865	-0.820951
1.26192	-0.809635
1.2581	-0.67907
1.45115	-0.719841
1.48327	-0.416966
1.63102	-0.382411
1.2476	-0.362373
1.35956	-0.449042
0.977324	-0.437054
0.979118	-0.536933
1.07798	-0.622862
1.35554	-0.546745
1.08224	-0.382225
1.21615	-0.304245
1.20482	-0.285841
1.13055	-0.289674
1.01147	-0.464447
1.22763	-0.430808
1.04514	-0.136524
1.03197	-0.25626
0.0864548	-0.469755
0.481954	-0.635803
0.477547	-0.696471
0.424872	-0.660999
0.370077	-0.551671
0.210442	-0.674384
0.372563	-0.322234
0.271304	-0.712912
0.280439	-0.501796
0.0440968	-0.512224
0.239667	-0.428938
0.1692	-0.788119
0.679345	-0.891783
0.490773	-0.570106
0.413009	-0.509199
0.567629	-0.592826
0.48158	-0.523486
0.712761	-0.419077
0.707686	-0.330718
0.581014	-0.267612
0.665708	-0.308504
0.719094	-0.282305
0.732531	-0.477831
0.79202	-0.383951
0.526714	-0.367135
0.717247	-0.389036
0.660841	-0.132164
0.879864	-0.0586123
1.45838	0.73066
1.33302	0.593102
1.41906	0.265165
1.29296	0.266329
1.21903	0.225818
0.874163	0.14858
1.00609	-0.0373175
1.39587	-0.0310606
1.655	-0.349521
1.5473	-0.318687
1.66338	-0.0990107
1.68886	0.247493
1.51955	-0.149158
1.65363	-0.243894
1.16617	-0.0434753
1.4568	-0.142647
1.24608	-0.161775
1.44672	-0.128631
1.20023	-0.0421845
1.22913	-0.15018
1.45113	0.00369294
1.16901	-0.819539
-0.0950192	-0.93734
-0.316388	-0.551597
-0.444035	-0.345378
-0.365975	-0.429896
-0.844987	-0.695082
-0.407932	-0.768236
-0.0598862	-0.940552
0.520532	-0.229611
1.26675	-0.299249
1.07253	-0.466021
1.00944	-0.464397
0.893248	-0.338168
0.734385	-0.221305
0.771736	-0.181687
0.933375	0.00532223
0.354832	0.300877
0.0598391	0.222932
0.312662	0.328288
-0.123732	0.238268
0.0958354	0.0342822
0.330465	0.226873
0.376176	0.340419
0.344809	0.297244
0.43156	0.293385
0.422922	0.0948792
0.500862	-0.0187214
0.565818	-0.154106
0.855161	-0.370524
0.979226	-0.484737
0.974565	-0.488164
1.04223	-0.53746
0.993526	-0.464835
0.765975	-0.155254
0.645411	-0.16197
0.834286	0.0341209
1.18622	-0.288743
1.42715	-0.281817
1.3946	-0.15557
1.46917	-0.150946
1.36637	0.0147238
1.02311	0.0336608
-0.135945	0.0104086
-1.06243	0.685472
-0.834155	0.384484
-0.762116	0.279274
-0.894747	0.0480104
-1.28896	0.184232
-1.20484	-0.192635
-0.76808	-0.570454
-0.59366	-0.505071
-0.325842	-0.279452
0.697521	0.0287797
0.603841	-0.307597
0.863029	-0.408189
1.12307	-0.347925
1.41979	-0.584962
0.499266	-0.270089
0.264204	-0.848647
0.0776692	-0.530201
-0.0427813	-0.520144
-0.133812	-0.553215
-0.337611	-0.846655
-0.186463	-0.704487
-0.270375	-1.23632
-0.225323	-1.05505
0.117359	-0.68872
0.428942	-0.367281
0.715627	-0.156003
0.604367	-0.221824
0.511873	-0.199957
0.458105	-0.150102
0.931506	-0.41976
1.24405	-0.196683
1.64301	0.154741
1.68559	-0.0126689
1.71185	0.284387
1.73968	0.312294
1.69475	0.338121
2.09766	0.241208
2.24852	0.345667
2.07025	0.656429
2.0712	0.540321
1.73308	0.127823
1.42155	0.0507182
1.28139	0.246261
1.79432	0.0347993
1.32592	-0.0884787
0.649405	-1.07821
0.973131	-0.229441
0.955642	-0.00210151
0.482909	-0.111198
0.637294	-0.160729
0.769366	0.0111498
0.873894	0.0287046
0.872678	0.143055
1.02819	0.183723
0.636956	0.137889
0.546525	-0.133224
0.310356	-0.0734959
-0.325187	0.228894
-0.635383	-0.0278714
-0.700656	-0.278489
-0.850485	-0.180867
0.294707	0.0716667
0.406697	0.0214293
0.82137	0.274343
1.35795	0.32622
1.64595	0.0828516
1.69826	-0.134651
1.77367	-0.0748682
1.66617	-0.34635
1.54801	-0.440663
1.54763	-0.497857
1.48187	-0.117457
1.32164	-0.461857
1.47364	-0.0906532
1.51692	-0.192966
1.14144	-0.334284
0.726236	-0.473713
0.757783	-0.0533801
0.647283	-0.0733236
0.755246	-0.0164905
0.635636	0.0997915
0.761937	0.107875
0.569332	0.310288
0.397133	0.346331
0.446879	0.317313
-0.225199	0.261756
-0.51021	0.100675
-0.99914	0.0661775
-1.31697	-0.242918
-0.991563	-0.578449
-0.507592	-0.493276
0.121523	-0.623642
0.873614	0.174545
0.95576	-0.13977
0.913572	-0.09273
0.761615	-0.00157933
0.732539	-0.177133
-0.312177	-0.0933589
-0.682861	-0.263573
-0.602812	-0.394402
-0.492499	-0.702746
0.629541	-0.362053
1.10269	0.167065
1.52124	0.0367631
1.80692	-0.427247
1.37316	-0.367707
1.20329	-0.463494
1.28774	-0.497803
1.3444	-0.45926
1.5065	-0.355014
1.90742	-0.244321
1.63028	0.171135
1.7145	0.13475
1.70841	0.332269
1.80525	0.156158
1.52411	-0.171074
1.28993	-0.173392
1.6247	-0.308946
1.35973	-0.195822
0.332287	-1.10379
0.832909	-0.423722
0.826765	-0.4143
0.859983	-0.101832
1.48072	-0.0489842
1.27206	-0.461336
0.735654	-0.591451
0.617298	-0.504493
0.628928	-0.491696
0.705095	-0.453236
0.760838	-0.475426
0.831418	-0.550594
0.885122	-0.672977
0.863245	-0.767135
1.10804	-0.796337
1.10854	-0.729206
1.31159	-0.564356
1.22157	-0.588576
1.43156	-0.429401
1.55273	-0.318066
1.66298	-0.11701
1.69203	0.172604
1.68609	0.144868
1.73422	0.173798
1.33185	0.233166
0.350868	-0.24701
-0.0432206	-0.353006
0.227548	-0.211793
-0.12746	-0.421127
-0.262684	-0.165161
-0.31566	-0.285598
-0.0042632	-0.547124
0.0698469	-0.63588
0.290547	-0.416527
1.04648	0.0514359
0.620994	-0.162762
0.541726	0.0297615
1.03492	0.296671
0.949251	0.0147626
0.531562	-0.0525981
-0.0980713	0.161769
-0.733624	-0.152004
-1.17477	-0.0984178
-1.02502	-0.224121
-0.493538	-0.72838
0.178069	-0.162119
0.173202	-0.00798376
0.316415	-0.102077
0.14801	0.181543
0.183862	-0.2771
0.231014	-0.128486
0.666996	-0.835072
1.84694	-0.194568
1.67891	-0.357666
1.54331	-0.518718
1.43984	-0.647813
1.7925	-0.802024
0.335965	-0.976722
-0.713949	-0.261578
-0.752014	-0.18377
-0.669703	-0.37993
-0.882059	-0.23535
-0.921951	-0.224643
-0.77872	-0.451703
-0.804765	-0.52219
-0.316759	-0.627045
0.196915	-0.212884
0.60961	0.0635336
1.62429	0.558802
1.576	-0.0401447
1.65085	-0.26813
1.33258	0.229751
1.53193	0.293596
1.51366	0.258179
1.45592	0.224846
1.24857	-0.0551405
1.09739	-0.411083
1.28262	-0.442759
1.30739	-0.923682
1.511	-0.433379
1.50437	-0.454598
1.36506	-0.480085
1.17106	-0.0957336
1.10218	0.122395
1.09591	0.0715268
1.48346	-0.0646467
1.244	-0.00488241
1.09324	-0.388395
1.06528	-0.177269
1.23037	-0.166353
1.02071	-0.184529
0.828061	0.00544655
0.0675904	-0.367094
-0.908556	-0.287378
-0.930341	-0.484922
-0.262708	-0.325712
0.728857	0.393464
0.907398	-0.0306044
0.964144	-0.105438
1.10715	-0.260356
1.14129	-0.566818
1.25645	-0.197904
1.56348	-0.509169
1.17654	0.121601
1.26655	-0.0276651
0.987	0.2359
0.919042	-0.0280121
0.33741	0.118956
-0.215316	0.103484
-0.364918	0.0545771
-0.560639	-0.0192519
-0.619534	0.0498273
-0.787924	-0.0368177
-0.653687	0.0685541
-0.576118	-0.0665483
-0.623918	0.0458866
-0.393412	-0.144195
-0.539761	-0.0821512
-0.602965	0.250051
0.270492	-0.188416
0.618092	-0.343247
0.122402	-0.210314
-0.168743	-0.38596
0.630938	-0.255256
0.537437	-0.239205
0.466697	-0.598296
0.719406	-0.329752
0.811549	-0.344254
0.426385	-0.416105
0.757867	-0.217882
0.899722	-0.140197
0.778245	-0.230109
0.724749	-0.122745
0.904772	-0.406305
0.553115	-0.271818
0.76822	-0.145472
0.827869	-0.284943
0.772863	-0.123929
0.872467	-0.247282
0.800599	-0.27564
0.662588	-0.232959
0.850563	-0.0839207
0.857454	-0.161718
0.825848	-0.109671
0.750336	-0.196449
0.745606	-0.152463
0.834476	-0.0792798
0.671816	-0.294896
0.892014	-0.151509
0.77076	-0.178386
0.850353	-0.285961
0.705803	-0.0514621
0.779751	-0.276192
0.908414	-0.0884091
0.760407	-0.126495
0.609643	0.156638
0.445611	-0.382455
0.318441	-0.299444
0.795608	-0.276857
0.179926	0.106023
-0.0237563	-0.362873
0.680465	-0.334549
0.788434	-0.257984
0.371211	-0.338503
0.874633	-0.0500594
0.694506	-0.252745
0.615992	-0.157058
0.862584	-0.211802
0.632636	0.109659
1.14526	0.886681
1.61808	0.951332
1.91004	1.00761
1.43134	0.812083
1.47707	0.645981
0.689955	-0.43021
0.678262	-0.394212
0.530535	-0.0173614
0.468654	-0.056787
0.65156	-0.130337
0.807859	-0.280944
0.970375	-0.263967
0.859254	-0.459908
0.770991	-0.562358
1.03427	-0.920826
1.08141	-0.887258
1.23332	-0.958687
1.27099	-0.836629
1.42359	-0.804655
1.53158	-0.651734
1.73929	-0.521899
1.83918	-0.103624
1.95151	-0.380744
1.92537	-0.442242
1.82673	-0.259806
1.95223	-0.109166
1.91965	-0.181867
1.84847	-0.341643
1.69669	-0.60297
1.67436	-0.795648
1.65189	-0.838253
1.70775	-0.889677
1.81675	-0.981225
1.63295	-0.915719
1.51167	-0.893448
1.45652	-0.888492
1.25411	-0.697711
1.49052	-0.811853
1.39325	-0.872465
1.4054	-0.784695
1.48059	-0.681642
1.61145	-0.253231
1.86383	-0.29189
1.51849	-0.703803
1.63391	-0.892395
1.35729	-0.677067
1.55576	-0.602004
1.33669	-0.766208
1.38731	-0.738156
1.31161	-0.625724
1.24151	-0.700794
1.49599	-0.708906
1.27765	-0.576149
1.15655	-0.67309
1.44702	-0.69658
0.421193	-0.666617
0.564243	-0.516332
0.154887	-0.659948
0.199669	-0.666067
0.113549	-0.490863
0.283728	-0.501879
0.698361	-0.624716
0.507954	-0.640324
0.43926	-0.31191
0.242292	-0.427351
0.382	-0.407352
0.616943	-0.255448
0.656249	-0.392321
0.655799	-0.423277
0.744286	-0.545691
0.496117	-0.391099
0.582817	-0.304319
0.613508	-0.274929
0.632243	-0.329562
0.847074	-0.381937
0.600093	-0.22379
0.701163	-0.425612
0.92324	-0.295061
-0.767944	-0.258001
0.66412	0.122557
0.881594	0.223217
0.442301	0.0753329
0.612692	-0.00339421
0.566563	-0.0120569
0.538157	0.00987844
0.509157	0.0446787
0.418124	0.248563
1.39426	0.293586
1.43587	0.246075
1.51959	0.26141
1.35692	0.347629
1.48	0.226302
1.46528	0.140864
1.42536	0.418406
1.47181	0.488703
1.61683	0.494465
1.56822	0.311494
1.73552	0.0551099
1.7476	0.290504
1.64483	0.308238
1.55936	0.452612
1.46501	0.347224
1.27661	-0.0464991
1.69773	-0.00299915
1.87449	-0.0296249
1.90744	-0.0470803
2.06173	-0.0118362
2.20623	0.255327
1.5881	0.237482
1.18973	-0.0674537
0.8331	-0.298239
1.05112	-0.0855093
1.04821	-0.187828
0.870732	0.0508487
0.532511	-0.311058
0.252799	-0.6531
0.381425	-0.726982
0.693763	-0.959694
0.249131	-0.889889
0.641951	-0.989238
1.11463	-0.585667
1.9166	0.38887
1.8234	0.729221
1.72791	0.885949
1.41262	-0.13602
1.19929	-0.22063
0.656538	-0.105844
0.731858	-0.0535615
0.89739	-0.0903158
1.06074	-0.0353132
1.13001	0.134956
0.838722	0.255943
0.93375	0.0533718
1.0517	-0.0557198
1.2692	-0.166733
1.36755	-0.223013
1.52273	-0.237539
1.64958	-0.214716
1.71454	-0.150911
1.81735	-0.0480201
1.85438	-0.0893978
1.88752	0.0097048
2.08393	-0.0781423
1.71723	-0.0824539
1.55191	-0.0622142
1.60337	-0.132607
1.67245	-0.131596
1.49348	-0.047963
1.7643	0.00818988
1.63301	0.0183184
1.80009	-0.0403541
1.7439	-0.163363
1.58848	-0.333464
1.65155	-0.374071
1.84727	-0.475004
1.8652	-0.786856
1.65137	-0.46475
0.623791	-1.17739
0.173749	-0.81124
1.24489	-0.826707
0.215257	-0.916914
0.17632	-0.731885
0.0737247	-0.834689
-0.0411345	-1.17573
0.461605	-0.980848
0.521304	-0.561018
1.01989	-0.736216
1.00831	-0.432322
0.930342	-0.446463
0.870856	-0.39445
0.884284	-0.530429
0.912591	-0.445547
0.818242	-0.351712
0.911286	-0.321926
0.867532	-0.255326
0.782536	-0.602021
0.498129	-0.36904
0.663218	-0.425025
0.620705	-0.477277
0.525631	-0.43012
0.731961	-0.580945
0.670435	-0.49237
0.627115	-0.237673
0.591831	-0.223604
0.697985	-0.331497
0.865712	-0.245962
0.633446	-0.468867
0.657069	-0.387
0.64807	-0.0738475
0.665044	-0.375168
0.738694	-0.246999
-0.585219	-0.293231
-0.200831	0.166562
-0.6609	0.286161
-0.520181	0.0418076
-0.489198	-0.13179
0.00953111	0.213944
0.447116	0.738087
0.345263	0.84879
0.407385	0.708823
0.824827	0.341748
1.55156	0.522112
1.55893	0.534649
1.58828	0.224918
1.39708	0.242381
1.07068	0.168567
0.898494	0.0227131
1.01978	-0.124076
1.03141	-0.12898
1.13051	-0.139785
1.07281	-0.0607901
0.524732	0.216176
0.441383	0.254114
0.322773	0.352649
0.854032	0.506952
1.21735	0.143683
1.29845	-0.335791
1.43226	-0.220997
1.40986	-0.183946
1.42504	-0.0301914
1.57857	-0.0670028
1.54764	-0.285869
0.528901	-0.0313891
0.362828	-0.0325883
0.0791623	-0.160874
0.523943	-0.840184
2.05754	-0.585751
0.850037	-0.386839
1.09891	-0.505392
1.29107	-0.587578
1.39094	-0.638208
1.39805	-0.518652
1.28669	-0.294067
0.381601	-0.153502
-0.62999	-0.155287
-0.736927	-0.195403
-0.597848	-0.253187
-0.824795	-0.413229
-0.60517	-0.664934
-0.202358	-0.428968
0.261999	-0.703357
0.537198	-0.295519
1.69019	-0.194302
1.77857	-0.165852
1.81014	-0.208814
1.93172	-0.18858
2.03829	-0.326791
2.1136	-0.376029
1.89435	-0.045264
1.48198	-0.0163711
1.62672	0.0656253
0.860224	0.148454
1.13112	-0.0252304
1.40521	-0.20895
1.40274	-0.0896074
1.33354	-0.239189
0.287743	-0.818
0.806507	-0.2934
1.54396	-0.200125
1.26267	-0.50256
1.3069	-0.581121
1.40081	-0.700077
1.39848	-0.637664
1.34896	-0.460427
1.67037	-0.262548
1.63535	-0.0663156
1.89788	-0.0896316
1.91959	-0.038801
2.08678	-0.116804
1.93226	0.146786
1.91643	0.110401
2.00988	0.096033
1.86374	0.197831
1.63394	0.115864
0.361941	-0.547719
0.871816	-0.157449
1.1258	-0.134125
1.30451	-0.22618
1.51232	-0.238776
1.41495	-0.187452
1.47682	-0.208494
1.53086	-0.190167
1.37247	-0.0532593
1.14628	0.11865
0.25062	0.305511
-0.766763	0.29747
-0.791728	0.34463
-0.771241	0.604812
-0.740253	0.713942
0.55886	0.219469
1.44454	-0.221664
1.25569	-0.438032
1.49153	-0.541174
1.40645	-0.695947
1.14008	-0.864783
1.28274	-1.04251
1.13575	-1.05729
1.14616	-0.976251
1.12034	-0.875664
0.956773	-0.557621
0.864771	-0.195833
0.865733	0.0299835
0.823788	0.138777
1.13314	0.0812347
1.27952	0.166881
1.36335	0.268807
1.53378	0.0290648
1.18548	0.241552
0.524638	0.311467
0.0989027	0.0763951
0.201429	-0.0921299
0.403701	0.0880491
0.636025	0.263419
0.626906	0.616625
0.397366	0.58392
0.251967	0.603087
0.276604	0.566612
0.56451	0.507881
0.544323	0.469071
0.396636	0.276789
0.435342	0.0268083
0.516918	-0.137112
0.691231	-0.247908
0.940675	-0.324162
1.27123	-0.330536
1.03488	-0.0645503
0.382628	0.181802
0.349022	0.166304
0.13123	0.237803
-0.366965	0.151423
-0.38472	-0.266408
0.280788	-0.674805
0.554672	-0.756105
0.463372	-0.373215
0.726551	-0.0649666
0.739328	-0.267041
0.598761	-0.0057289
0.552175	-0.136139
0.163009	-1.32444
0.565789	-1.24009
0.731023	-0.750008
1.00317	-0.660277
1.06879	-0.968965
0.983036	-1.17793
1.10917	-1.1695
1.12336	-1.14492
1.07172	-0.992938
0.736139	-0.52576
0.526901	-0.0525708
0.853617	0.0489159
1.43148	-0.343439
1.25927	-0.30535
0.933371	-0.579798
0.817159	-0.689253
0.994673	-0.566502
0.0810585	-0.53244
-0.0511888	-0.381181
-0.731355	-0.375835
-0.667687	-0.556967
-0.764326	-0.737976
-0.678234	-0.606937
-0.556425	-0.61802
-0.605612	-0.0763826
-0.150772	-0.322441
0.538116	0.144147
0.974753	0.160397
1.06581	0.493099
1.33659	0.404716
1.09208	0.350768
0.747511	0.222297
0.860854	-0.0178403
1.374	0.171582
0.914376	-0.207755
0.900258	-0.286427
0.806703	-0.35698
0.727039	0.0411838
-0.577121	0.294713
-1.09791	0.336905
-1.28204	0.454827
-1.3129	0.658756
-0.79315	-0.118019
-0.02647	0.478507
-0.190353	0.356918
-0.298815	0.348124
-0.0466632	0.257812
0.0134732	0.325537
-0.164548	0.281256
0.19744	0.0801878
0.532865	-0.107526
0.758427	-0.144324
0.897738	-0.609586
0.802274	-0.459075
0.0658877	-0.123138
0.738056	-0.105355
1.0981	0.320349
0.726024	-0.234882
0.573205	-0.162978
0.645032	-0.155064
0.68526	-0.024838
1.01891	0.12256
1.22524	0.249018
1.32039	0.360622
1.18861	0.443378
1.00961	0.428713
0.864554	0.384642
0.624373	0.219215
0.118156	0.111078
-0.0998137	0.124379
-0.551181	0.312725
-0.388996	0.413307
-0.403442	-0.297032
-0.487594	-0.261045
-0.615214	-0.331397
-0.561369	-0.102118
-0.642734	-0.0579515
-0.505363	-0.104372
-0.649065	-0.282718
-0.280855	-0.411773
-0.04135	-0.46118
-0.109139	-0.522094
0.315809	-0.146423
0.684552	-0.450595
0.41532	-0.696532
0.71724	-0.424026
0.544615	-0.218989
0.630299	-0.326511
0.282188	-0.417165
0.377965	-0.42347
0.589704	-0.460549
0.562422	-0.473986
0.561249	-0.483229
0.59697	-0.372185
0.426793	-0.338053
0.688597	-0.418962
0.687238	-0.413939
0.577631	-0.226283
0.780125	-0.24127
0.630905	-0.355151
0.340591	-0.485936
0.284961	-0.343643
0.493886	-0.44234
0.420584	-0.142118
-0.043363	-0.628951
-0.286924	-0.884342
0.596026	-0.491599
0.427842	-0.551907
0.361341	-0.915482
0.386966	-0.684255
0.248634	-0.560001
0.147105	-0.697008
0.239318	-0.560477
0.0275801	-0.666332
0.316874	-0.656261
0.778074	-0.854437
0.624002	-0.954068
0.691721	-0.706909
0.907665	-0.989468
0.898338	-0.957808
0.672728	-0.772451
0.657682	-0.49066
0.923733	-0.5271
0.650186	-0.643327
0.760418	-0.450357
0.510796	-0.283372
0.565009	0.0702889
0.857066	-0.502774
1.68565	0.046518
1.31551	-0.257499
1.09238	-0.00195529
1.23188	-0.139991
1.20969	-0.072492
0.336327	-0.108661
-0.0120983	-0.838015
-0.46366	-0.783411
-0.578055	-0.896504
-0.420098	-0.950641
-0.407179	-0.91683
0.223581	-0.907056
-0.0409216	-0.722411
0.588023	-0.545316
1.64356	-0.410829
1.22106	-0.70418
1.04108	-0.692679
0.969751	-0.598064
0.847353	-0.470377
0.850038	-0.296599
0.939115	-0.0788913
0.266319	-0.246238
0.245183	0.307227
0.0546305	0.482291
0.120471	0.483201
0.264033	0.524882
0.283864	0.425569
0.506497	0.229221
0.672936	0.0868731
1.03521	-0.140511
1.05192	-0.286297
1.20847	-0.370796
1.1083	-0.309269
1.24654	-0.38561
0.365113	-0.0307282
1.70749	-0.501829
1.35977	-0.327612
0.680548	-0.693489
1.91236	-0.472315
1.43766	-0.238642
1.58523	-0.594846
1.18671	-0.580833
1.30471	-0.620449
0.981463	-0.817674
0.7649	-0.895735
0.881235	-0.710952
0.688777	-0.711656
0.862394	-0.689509
0.812995	-0.588167
0.842323	-0.555135
0.984198	-0.53823
1.23716	-0.613361
1.29818	-0.350985
1.21294	-0.165591
0.721622	-0.309767
0.0567818	-0.00531746
0.0566984	0.0677082
-0.0857574	0.173228
-0.223832	-0.193482
-0.212212	-0.518028
-0.0361428	-0.0792711
0.651001	0.161897
1.36691	0.0204626
1.63966	0.224865
1.43727	0.12381
0.933444	-0.157457
0.88266	0.10394
1.32451	-0.216561
0.845215	0.0321561
1.16339	0.0855686
0.889204	-0.08538
0.997166	-0.156512
0.573424	0.0107061
0.989323	-0.0748813
0.912797	0.042102
0.762137	-0.178284
0.457633	-0.0463191
0.832959	-0.112405
0.772698	-0.14642
0.62969	-0.179819
0.643655	-0.362359
0.512118	-0.128316
0.344831	0.000528706
0.518046	0.703727
1.0869	0.724515
0.554905	0.544106
0.639139	0.524625
0.548163	0.521132
0.562954	0.415127
0.400867	0.346652
0.411702	0.175979
0.489786	-0.00477932
0.674863	-0.221497
0.68904	-0.298385
0.774268	-0.271589
1.02084	-0.341501
0.924963	0.0760153
0.66532	-0.264235
0.777593	-0.178646
0.776984	-0.198887
0.523064	-0.427629
0.280284	-0.645109
-0.0982056	0.293175
1.3663	0.0971595
0.813214	-0.215688
0.970323	-0.238277
0.815541	-0.554013
0.717837	-0.509004
0.577198	-0.424518
0.55853	-0.305703
0.5476	-0.141528
0.517556	0.0575589
0.467732	0.13158
0.563433	0.391595
0.358466	0.312801
0.126932	0.367027
-0.108011	0.33364
-0.397163	0.14493
-0.186245	0.169555
0.18989	0.442777
0.485071	0.102023
0.559729	-0.0247567
0.686288	-0.324679
0.73469	-0.584085
0.829339	-0.717673
0.931549	-0.853105
1.02643	-1.00413
0.984179	-0.988759
1.02119	-1.02527
0.916182	-0.966101
0.940617	-0.942983
0.952488	-0.932024
0.924885	-0.83217
1.02162	-0.778925
1.17413	-0.668857
1.31352	-0.542782
1.53318	-0.372854
1.44345	-0.241085
1.49359	-0.223318
1.4678	-0.0959455
1.50585	-0.194821
1.43955	-0.0953598
1.68171	-0.21444
1.3034	-0.411656
1.37374	-0.428096
1.36597	-0.394363
1.02513	-0.376828
0.58941	-0.418649
1.49169	0.142234
1.26684	0.134066
1.2118	-0.155833
1.3742	-0.0910525
1.59032	0.114088
1.79644	0.151545
1.87721	0.511094
2.0719	0.520201
2.00981	0.596257
2.04121	0.775725
1.93242	0.369024
1.64571	0.0804308
1.6618	-0.0513647
1.76111	-0.00203407
1.57185	0.223119
1.48632	0.153764
1.37249	-0.0363281
1.82339	0.044781
2.31865	0.820102
2.23824	0.674031
1.9869	0.773528
1.7219	0.287974
2.07179	-0.108489
1.9136	0.480585
1.96993	0.299915
2.03855	0.0964402
1.89236	0.352634
1.86006	0.276987
1.82978	0.34066
1.7801	0.294977
1.87088	0.230342
1.61002	0.350249
1.5234	0.265458
0.946262	-0.342182
1.2489	-0.237888
1.54876	-0.292701
1.52893	-0.0793866
1.58091	-0.0462907
1.62344	0.229149
1.89405	0.364988
1.93874	0.360161
1.84747	0.405278
2.42382	0.37851
2.24562	0.428388
1.92039	0.475244
1.94354	0.385067
1.87601	0.41052
1.84084	0.299826
1.69677	0.302224
1.66502	0.153777
1.83984	0.0304093
1.55655	0.102661
1.48172	0.139538
1.66424	-0.0337958
1.34372	-0.156249
1.48374	-0.0595606
1.36035	0.0832143
1.36375	0.198497
1.22002	0.23614
1.28636	0.211135
1.13459	0.158522
1.10606	0.116244
0.929022	0.0402887
1.19102	-0.0143049
1.07251	0.123334
0.869448	-0.167639
0.838728	-0.353577
0.630904	-0.119978
0.721079	-0.33546
0.480128	-0.112338
0.5924	-0.269323
0.584785	-0.310247
0.279894	-0.810996
0.17042	-0.535772
-0.436593	-0.353645
-0.677678	-0.168929
0.547403	-0.617964
0.63867	-0.586893
0.767672	-0.557207
0.717479	-0.572155
0.593878	-0.751206
0.296118	-0.993367
0.482361	-0.79588
0.220989	-0.755756
0.210789	-0.660501
0.618734	-0.625057
0.608606	-0.613323
0.567463	-0.561269
0.475067	-0.392007
0.810117	-0.420596
0.91971	-0.591381
0.737793	-0.43414
0.678677	-0.289126
0.387891	-0.204413
0.417313	-0.464579
0.530907	-0.549062
0.537338	-0.342948
0.784874	-0.240651
0.463087	-0.441958
0.638793	-0.115803
0.489154	-0.0565848
0.926713	0.00817903
1.73853	0.401359
1.66285	0.522006
1.27048	0.454114
1.39694	0.447672
1.41106	0.548776
1.4241	0.500631
1.48704	0.402225
1.60636	0.389315
1.51712	0.0668047
1.29376	-0.281908
1.18471	-0.356523
1.14025	-0.379948
1.22674	-0.356197
1.26724	-0.355707
1.42387	-0.198714
1.5519	-0.117738
0.380308	-0.0928429
0.121223	-0.141447
-0.00481755	0.00513498
-0.307785	-0.126557
0.159906	0.0492603
1.03861	-0.266246
0.98975	0.0390583
0.835342	-0.132641
0.985692	-0.0828259
0.978974	-0.128615
0.873878	0.0134311
0.88558	-0.22741
0.425684	-0.543107
0.412124	-0.916612
0.457286	-0.538063
1.0735	-0.708651
0.798093	-1.39887
1.3657	-0.343476
1.21525	0.0662333
1.07443	0.43638
1.23216	0.517701
1.3706	0.627523
1.5723	0.545123
1.73966	0.392788
1.72758	0.125192
1.47061	0.0550082
1.20517	-0.191234
0.770654	-0.320521
0.563226	-0.364858
0.41099	-0.307253
0.412262	-0.27238
0.652036	-0.305019
0.69331	-0.266325
0.80585	-0.243822
0.755399	-0.209556
0.657139	0.0175788
0.480496	0.0295842
0.585107	0.103583
0.564889	0.0829675
0.797053	-0.0166852
0.893115	-0.206682
0.905962	-0.224989
0.564065	-0.240855
0.307706	-0.103626
0.344936	-0.120375
0.369478	-0.198934
0.463009	-0.189231
0.760897	-0.171296
0.999607	-0.370891
1.21833	-0.433111
1.35981	-0.325671
1.50774	-0.296342
1.54607	-0.307373
1.46317	-0.273455
1.44753	-0.24512
1.42306	-0.152702
1.43633	0.0497878
1.46989	0.159656
1.69422	0.110174
1.90694	-0.0139117
1.67618	0.0552321
1.39997	0.461604
0.626253	0.792823
-0.144062	0.410734
-0.37697	0.138043
-0.301991	0.0574278
-0.43683	0.239599
-0.741028	0.0948234
-0.70978	0.099213
-0.629907	-0.0885688
-0.691321	-0.433241
-0.7424	-0.495168
-0.177039	-0.305162
0.576367	-0.126387
0.989222	-0.142974
1.14385	-0.303542
1.07725	-0.21257
1.3097	-0.0768733
1.42086	0.0907946
1.47508	0.154718
1.52625	0.206428
1.54167	0.223316
1.70026	0.0686517
1.8339	-0.097005
1.7196	-0.0915321
1.77707	-0.15073
1.87668	0.0590483
1.87175	0.0929306
1.86996	0.177578
2.0281	0.16882
1.93287	0.455241
1.83442	0.391838
1.44522	0.0357986
1.31873	-0.086734
1.28033	-0.153937
1.61066	-0.186346
1.19865	-0.154869
1.20328	-0.364069
1.31357	-0.219487
0.733445	-0.298457
1.45097	-0.129192
1.54444	-0.645125
1.34292	-0.694604
1.24233	-0.824001
0.860602	-0.598984
1.45251	-0.467847
1.14343	-0.110869
1.01066	-0.709755
0.862365	-0.864809
0.812946	-0.932274
0.847516	-0.878267
0.814356	-0.712133
0.806521	-0.48829
1.17323	-0.361706
0.554472	-0.491103
1.19649	-0.915796
0.882596	-0.794779
0.758804	-0.577604
0.834717	-0.348932
0.813818	0.102822
0.450028	-0.115425
0.439088	-0.246225
0.505472	-0.243287
0.553269	-0.16161
0.559076	-0.0792487
0.619525	0.037431
0.861079	0.122024
0.959092	0.134799
0.987431	0.301911
0.991876	0.283825
0.958304	-0.0148753
0.345175	-0.0163926
-0.0535969	-0.664392
-0.105474	-0.598246
-0.278309	-0.289142
-0.352513	-0.442058
-0.470482	-1.19291
0.291646	-0.839043
0.669426	-0.201511
0.802024	-0.226863
0.644999	-0.438986
0.430916	-0.368401
0.420119	-1.11644
0.964825	-0.194926
1.53841	-0.522541
1.61243	-0.572438
1.71403	-0.483553
1.98513	-0.261085
1.88577	-0.121028
1.74541	-0.473931
1.62147	-0.619632
1.49552	-0.461503
0.129033	-0.0683469
1.42779	0.06212
1.29529	-0.623397
1.3005	-0.816964
0.463715	-0.685348
1.22543	-0.707149
1.07752	-0.657196
1.36648	-0.620324
1.66933	-0.587718
0.573357	-0.503933
0.273648	-0.721851
0.1938	-0.618318
0.319636	-1.02546
0.311341	-0.715664
0.956746	-0.682809
0.903706	-0.665272
1.71967	-0.784941
1.05201	-0.69824
0.690413	-0.57292
0.674876	-0.609814
0.540643	-0.381685
0.57145	-0.469603
0.666233	-0.502243
0.626268	-0.369313
0.785653	-0.205538
0.525412	0.0240399
-0.0159116	0.0837028
-0.622688	-0.152715
-0.442427	0.21969
-0.653597	-0.0908058
-0.88445	-0.394125
-0.558366	-0.369775
0.208475	-0.438132
0.605126	0.0291232
1.42942	-0.489528
1.49631	-0.577809
1.58155	-0.380652
1.57486	-0.0391278
1.47046	0.134202
1.5606	0.274574
1.57315	0.357831
1.64646	0.508602
1.65112	0.218862
0.922379	0.396641
1.08866	0.0734059
1.42628	0.0279371
1.50702	0.00834961
1.46659	0.0494521
1.44214	0.0151509
1.39042	-0.143093
1.66197	-0.500239
1.28978	-1.03657
0.675016	-0.749111
1.41425	-0.175842
1.60898	0.0897612
1.63982	0.120115
1.64948	0.200253
1.66994	0.299678
1.80167	0.197153
1.66064	0.286618
1.45715	0.36037
1.68236	0.109245
1.05581	-0.1664
0.623198	0.549912
0.682655	0.797012
0.587972	0.775887
0.600049	0.837721
0.77096	0.944392
0.88691	0.915726
0.983699	0.820183
0.497708	0.897604
0.354226	0.472903
0.830202	0.160975
0.912624	-0.0527219
0.986507	-0.0266749
0.890005	-0.284127
0.836855	-0.194953
0.811565	-0.219442
0.826861	-0.0738791
0.635515	0.0231896
0.745718	-0.202877
0.78503	-0.237488
0.937861	-0.245262
0.803293	-0.182044
1.47219	0.134017
1.57724	0.441751
1.61226	0.308339
1.42119	-0.0411475
1.84803	-0.449027
1.55811	-0.466967
1.50365	-0.476164
1.54505	-0.263162
1.63529	0.00949145
1.96609	0.159844
1.96805	-0.0182469
1.75984	-0.11234
1.56904	-0.14316
1.6753	-0.00880712
1.65489	-0.0750832
1.69496	-0.186466
1.96859	-0.0701474
1.98673	-0.218746
1.89954	0.661367
1.66728	0.549289
1.42571	0.394159
1.00575	-0.0310712
-0.225282	-0.405678
-0.819503	-0.433732
-1.11761	-0.233575
-0.99596	0.387926
-0.498462	0.269933
0.035332	-0.214991
-0.102953	0.262168
-0.0215914	0.259601
0.130791	0.265983
0.228828	0.388164
0.0641569	-0.801888
1.09098	-0.0636373
1.63011	-0.204069
1.5228	-0.199904
1.90668	-0.345078
2.07995	-0.0915876
2.14068	0.164493
2.36178	0.364322
2.31402	0.63446
2.43701	0.484204
2.42801	0.4865
2.03243	0.419284
2.28556	0.38897
2.28857	0.0857929
1.93071	0.3996
2.0313	0.553174
1.88698	0.45007
2.15038	0.519052
2.10303	0.530269
2.17261	0.571694
2.16253	0.585758
2.13907	0.509358
2.22137	0.432498
1.98326	0.333904
1.89333	0.24706
1.62746	-0.338124
1.06248	-0.339488
0.874257	-0.0617789
0.966996	-0.0917762
0.84998	-0.0699202
0.85284	-0.0855126
0.885238	-0.0489609
0.800475	0.0872487
0.861955	0.111817
1.13113	0.105094
1.06979	0.106794
1.15216	-0.133951
1.25422	-0.0309243
1.36125	-0.328421
1.32251	-0.218806
1.22237	-0.29461
1.24242	-0.326587
1.20825	-0.257481
1.51721	-0.540369
1.32945	-0.292211
1.415	-0.113353
1.5611	-0.126525
1.46014	-0.142198
1.50816	-0.649221
1.4221	-0.726621
1.49511	-0.799901
1.34696	-0.637208
1.60307	-0.578665
1.70768	-0.543297
1.55495	-0.624497
1.4521	-0.297633
1.68308	-0.438682
0.974735	-1.25092
1.18985	-1.06128
1.52721	-0.37415
1.80944	-0.643405
1.4021	-0.991116
1.35063	-1.12928
1.22962	-1.10882
1.33571	-1.07774
1.62409	-1.11765
1.51955	-1.087
1.60981	-0.880643
1.52942	-0.519595
1.59274	-0.267684
1.4573	-0.223575
0.836891	0.00968655
0.319783	-0.272939
1.2463	-0.0395942
1.10358	-0.117778
1.38615	-0.108145
1.52594	-0.318103
1.54265	-0.377223
1.65607	-0.329978
1.48916	0.00329965
1.56922	0.0372332
1.76714	-0.0507048
1.60936	0.129082
1.39652	0.0338265
1.19789	0.0813042
1.13802	-0.019099
0.931287	-0.0478752
1.08223	-0.11836
0.78984	-0.359784
0.849752	-0.247994
0.813897	-0.0709433
0.909551	-0.320508
0.82734	-0.188026
0.687711	-0.270883
0.622671	-0.20161
0.461448	-0.388868
0.611233	-0.190703
0.567539	-0.258853
0.782539	-0.260211
0.61324	-0.17009
0.851488	-0.216607
0.627209	-0.229606
0.728711	-0.158238
0.757445	-0.100144
1.47942	0.275442
1.41311	0.672507
1.46397	-0.399636
1.47487	-0.673965
1.38256	-0.0403727
1.26344	-0.201543
1.33831	-0.308057
0.562665	-0.533562
1.37352	-0.567248
1.49645	-0.748337
1.51743	-0.767895
1.61812	-0.741482
1.80763	-0.690423
2.01572	-0.369719
1.98108	-0.110358
1.9571	-0.297007
1.65401	-0.0327396
1.889	-0.121681
1.99488	-0.242854
1.85751	-0.101527
1.89509	-0.126638
1.88441	0.0280104
1.93454	0.0741394
1.63847	0.371076
1.61082	0.0868841
1.50303	-0.1673
1.45192	-0.611237
1.13333	-0.441044
0.878592	0.0839213
1.45499	-0.277791
1.35104	-0.33339
1.42321	-0.431425
1.43504	-0.338971
1.47145	-0.207716
1.57034	-0.0345902
1.32176	-0.522819
1.02507	-0.430311
1.18203	-0.412242
1.24269	-0.330389
0.426463	-0.649901
1.30969	-0.154892
1.24691	-0.458845
1.4495	-0.614188
1.60561	-0.832091
1.526	-0.846495
1.56149	-0.766354
1.34371	-0.561186
1.29178	-0.403126
1.05682	-0.0670924
0.97502	0.136171
1.03343	0.237713
1.58924	0.169798
1.89174	0.149171
2.01328	0.338852
1.82101	0.302277
1.73635	0.391577
1.28202	0.53748
0.849353	0.616555
0.771086	0.300416
1.15616	-0.199866
1.49343	-0.525983
1.79983	-0.512728
2.00355	-0.441124
2.21463	-0.244676
2.24791	-0.236706
2.16713	-0.120072
2.30855	-0.300261
2.17145	-0.461941
2.00636	-0.496434
1.99439	-0.650625
2.00524	-0.607876
2.01029	-0.392226
2.04982	-0.0755354
2.25494	0.0271356
1.94481	-0.0778348
1.99276	-0.295078
1.8499	-0.515077
1.84538	-0.17977
1.87385	-0.446709
1.68996	-0.291337
1.81268	-0.296435
1.59382	-0.612964
1.90449	-0.00559506
2.13073	0.536657
2.18475	0.554898
2.07973	0.394348
1.85996	0.142752
1.69473	0.0581813
1.03639	0.418686
1.94071	0.357747
1.76458	0.540076
1.02555	0.570206
0.413296	0.276299
-0.00230712	-0.192408
0.0411933	-0.369496
-0.18482	-0.0921711
-0.317862	-0.430833
0.190428	-0.510435
-0.0405815	-0.704596
0.282215	-0.830186
0.403362	-0.301413
0.783379	-0.121566
1.26761	-0.258823
1.44265	-0.355275
1.32275	-0.454942
1.28473	-0.396589
1.49504	-0.416108
1.46763	-0.319066
1.50588	-0.228761
1.49022	-0.300103
1.3858	-0.202357
1.49171	-0.16327
1.39571	-0.0556992
0.974421	0.147745
0.739185	0.17298
0.431929	0.462044
0.280266	0.604608
0.268072	0.78615
0.324509	0.967859
0.375649	0.942394
0.383813	0.910415
0.567476	0.923303
0.647982	0.945036
0.703487	0.953545
0.744781	0.870397
0.697752	0.99794
0.727467	1.00644
0.8576	0.872007
0.652825	0.945018
0.782728	0.755261
1.34622	0.426234
1.02847	0.676002
0.941727	0.35179
0.649362	0.104298
0.796966	-0.101001
0.543758	0.0337252
0.753008	-0.284234
0.985744	0.0569594
0.823455	0.0641688
1.09352	0.131473
0.998421	0.249599
0.994232	0.256165
0.895069	0.392158
1.15225	0.5249
1.17474	0.4293
1.15503	-0.250043
1.03244	-0.251187
1.0199	-0.311653
0.869039	-0.140617
0.609122	0.213957
0.411447	0.337733
0.712786	0.525174
0.819644	0.671948
1.04896	0.561504
1.56487	0.384419
1.39125	0.363954
1.59514	0.360558
1.58504	0.501124
1.37099	0.680943
1.34255	0.0981195
1.16023	-0.368518
1.08047	-0.409302
1.21021	-0.496775
1.39937	-0.562031
1.50687	-0.448309
1.65908	-0.370012
1.69937	-0.307601
1.47509	-0.357964
1.34974	-0.319149
1.19976	-0.439381
1.17385	-0.251016
1.04655	-0.643815
2.10055	-0.259015
1.52074	-0.352476
1.45553	-0.395879
1.49888	-0.320951
1.57707	-0.112113
1.68108	0.139068
1.67624	0.110725
1.46214	0.114242
1.50366	0.356615
1.45195	0.231044
1.4824	0.142202
1.31985	-0.257176
1.12663	-0.185189
1.13941	-0.171515
1.09492	-0.107001
1.09812	0.00955072
1.21587	-0.00874116
1.10848	0.0975601
1.08176	0.291571
1.10454	0.468364
0.131097	0.636163
-0.235435	0.0969158
-0.542847	0.110662
-0.605626	-0.115868
-0.470861	-0.0284695
-0.285726	-0.0594658
-0.224316	-0.277651
0.202693	-0.091426
1.06364	0.1501
0.928862	-0.0965276
0.867225	-0.198302
0.810784	-0.0421612
0.836511	0.229043
0.451107	0.216015
-0.134735	0.213964
-0.434732	-0.0740787
-0.364761	-0.0146933
-0.448743	-0.0620265
-0.672143	-0.0211153
-0.901492	-0.244468
-1.05122	-0.142018
-1.03181	-0.194206
-1.10204	-0.180937
-1.0124	-0.32882
-0.821748	-0.266792
0.000179049	0.537298
0.368208	0.467093
0.0494081	0.227775
0.292657	0.0968062
0.655641	-0.215513
1.1492	-0.0493401
0.593687	0.246573
0.540653	0.201014
0.610571	-0.159476
0.557547	0.19273
0.559828	0.166617
0.625602	-0.015255
0.378554	-0.0783361
0.299914	-0.855985
0.526382	-0.686831
0.773894	-0.324072
0.476006	-0.505036
-0.257859	-0.347685
0.306388	-0.171859
1.04747	0.0264934
1.06866	-0.255064
1.17702	-0.250966
1.46859	-0.436793
0.867252	-0.663734
0.887044	-0.396383
0.6972	-0.425756
0.610014	-0.440571
0.437403	-0.435567
0.751023	-0.441516
1.09711	-0.302001
0.644954	-0.464545
0.548274	-0.535596
0.716525	-0.453208
0.714304	-0.309909
0.653106	-0.229217
0.553086	-0.25843
0.625618	-0.663176
1.47316	-0.882801
1.03089	-0.655939
1.0526	-0.634627
0.957123	-0.470557
0.871145	-0.354859
1.14948	-0.287628
0.952298	-0.24081
0.864808	-0.395649
0.886993	-0.633498
0.989265	-0.700557
-0.0617003	-0.93004
0.480507	-0.336171
1.04864	-0.0985393
0.885157	-0.0579681
0.901968	-0.0794667
1.38675	-0.065669
1.43577	0.0553852
1.20249	0.0471076
1.49139	-0.00542184
1.35631	-0.0957128
1.22857	-0.196933
0.774272	-0.439761
0.855583	-0.23212
1.33441	0.2532
1.16805	0.395817
1.00687	0.407786
1.09739	0.328968
1.16579	0.263234
1.2068	0.254557
1.33622	0.0880509
1.33448	0.247775
1.19658	0.188385
1.18179	0.162525
1.26795	0.237345
1.12772	0.155211
1.03268	0.18165
1.15563	0.0779526
1.00869	0.214933
0.813009	0.425408
0.781355	0.437382
0.392968	0.0364629
0.0274934	-0.360379
-0.316143	-0.46536
0.0590774	-0.816212
-0.173932	-0.740602
-0.413803	-0.568742
-0.394813	-0.708059
-0.519774	-0.570526
-0.19803	-0.822
-0.0324414	-0.661639
0.562121	0.106955
0.262012	0.343627
0.0718635	0.442466
0.127109	0.456797
0.212174	0.458259
0.619408	0.298688
0.281974	0.251414
0.00911373	0.00349427
-0.0621901	-0.339813
0.179476	-0.558251
0.0464551	-0.592824
0.150218	-0.6448
0.154759	-0.394577
-0.0760578	-0.50083
0.190114	-0.259703
-0.193117	-0.600174
0.00462796	-0.630098
0.789367	0.115089
0.311389	0.101478
0.355209	0.124615
0.459351	0.0114791
0.773345	-0.0511884
0.911933	0.147443
0.85542	0.0750993
0.784149	-0.280504
0.653271	-0.174092
0.70691	-0.405998
0.638945	-0.192989
0.413575	-0.265623
0.303331	0.294637
0.645074	-0.164374
0.760021	0.16211
0.715809	0.131807
0.548244	0.39364
0.645964	0.472604
0.835317	0.277021
1.05873	0.0758379
1.00218	-0.157649
1.29853	-0.650136
1.46091	-0.584448
1.98825	-0.26709
2.03417	-0.063724
1.66607	0.0220613
1.53756	0.298599
1.67329	0.183016
1.71109	0.224189
1.70431	0.246416
1.70382	0.36324
1.91202	0.169093
1.73372	0.200075
1.87405	0.290002
2.08525	0.703856
2.05374	0.824378
2.07621	0.892242
1.75255	0.756856
1.60107	0.487902
1.5319	-0.160283
1.43391	-0.150526
1.26041	-0.0254849
1.23626	0.170858
1.24095	0.257512
1.28716	-0.209895
1.40094	-0.277917
1.5546	-0.408849
1.58934	-0.518986
1.71675	-0.488479
1.59315	-0.390637
1.49298	-0.257855
1.50867	-0.287811
1.35108	-0.116465
1.3509	-0.141714
0.815021	-0.197312
0.987079	-0.124285
1.09203	-0.235072
1.12857	-0.514704
0.714107	-0.587532
0.685984	-0.4491
0.534579	-0.235127
0.786016	-0.350047
0.507132	-0.0133233
0.468465	-0.33909
0.398463	-0.397809
1.57361	0.0147432
1.65835	-0.503133
1.77605	-0.610865
1.72293	-0.401524
1.85408	-0.0108273
1.89812	0.166494
1.86716	0.3448
1.95656	0.453321
1.90883	0.494326
1.91892	0.301299
1.81588	0.29794
1.63925	-0.112257
1.57583	-0.195795
1.45548	0.0543125
0.935388	-1.16866
1.12211	-0.635065
1.75753	-0.274828
1.77402	-0.611337
1.43524	-0.501597
1.46897	-0.548487
1.60884	-0.546203
1.83296	-0.249846
1.48434	-0.303584
1.63864	-0.269525
1.38524	-0.510872
1.279	-0.322833
0.980146	-0.430091
0.513387	-0.330082
1.15738	-0.554065
0.974878	-0.320903
0.593699	-0.515063
0.684687	-0.332851
0.895834	-0.225623
1.00933	-0.373652
0.696135	-0.48581
0.750976	-0.335915
0.372711	-0.548053
0.90902	-0.109879
1.07599	-0.233702
0.802742	-0.179545
0.891035	-0.392815
0.892341	-0.325628
1.05143	-0.318876
1.2534	-0.208102
1.22522	-0.0422248
0.230312	-0.454459
0.955329	-0.272537
0.364583	0.288609
0.207869	0.405685
0.17319	0.5643
0.148583	0.639813
0.0846743	0.620743
0.24161	0.416508
0.374799	0.184339
0.0649077	-0.187426
-0.566986	-0.339084
-0.449898	-0.415422
-0.396563	-0.454171
-0.187979	-0.311362
-0.462527	-0.174497
0.315312	-0.0726288
0.894188	-0.397533
0.640871	-0.626944
0.693661	-0.361278
0.702619	-0.306455
0.859028	-0.221453
0.771629	-0.122155
0.401784	-0.485328
0.279484	-0.474298
0.471821	0.476191
-0.0165168	0.723815
0.132053	0.746956
0.0329823	0.759893
0.00603206	0.709617
0.233955	0.257807
0.772055	-0.0181896
0.920011	0.13833
1.08087	0.0284696
0.755609	-0.0908624
0.513226	0.304505
0.98235	0.180147
0.0582997	-0.106573
0.600651	0.0404938
0.927494	-0.175391
0.91318	-0.08096
0.887287	-0.0619991
0.346032	-1.05008
0.773201	-0.754415
0.723926	-0.854169
1.08753	-0.33076
0.78825	-0.553421
0.978341	-0.432077
0.809984	-0.355249
0.837491	-0.304219
0.735925	-0.321652
1.17639	-0.582185
0.754688	-0.298455
0.81834	-0.263332
0.933335	-0.294814
0.690908	-0.309906
0.727261	-0.159402
0.861637	-0.218445
0.952787	-0.25197
0.908155	-0.298041
0.794144	-0.389011
0.629105	-0.446708
0.736034	-0.474731
0.782747	-0.343797
0.659345	-0.514023
0.71678	-0.361516
1.27516	-0.0294531
1.40048	0.127213
1.45283	0.0808945
1.3729	-0.273934
1.23887	-0.456283
1.31084	-0.391877
1.42102	-0.203092
1.18694	-0.103445
-0.00838923	0.131817
-0.705965	0.305288
-0.625315	0.147983
-0.906007	0.0752709
-0.907501	-0.184668
-0.54585	-0.503048
0.593535	-0.437089
0.450322	0.00563419
0.333889	-0.0110991
-0.187887	-0.645932
-0.318442	-0.889302
0.29448	-0.766864
0.288289	-1.07653
0.229927	-0.396069
0.389591	-0.145023
0.654325	-0.127292
0.719087	0.0227857
0.501555	0.315694
0.604231	0.265386
0.82116	0.2698
0.799347	0.187656
1.01282	0.181271
1.1125	0.12522
0.512462	0.166333
-0.347288	-0.0705143
-0.3947	-0.355445
-0.167741	-0.26473
-0.505598	-0.228109
-0.192106	-0.545233
0.0517995	-0.393544
0.169616	-0.142535
0.633979	0.194033
0.403329	-0.0618074
0.516942	-0.250238
1.20355	-0.58181
1.01515	-0.078303
0.934116	-0.083701
0.859566	-0.177913
0.842862	-0.235181
0.882609	-0.28573
0.787204	-0.157411
0.573491	-0.415611
0.776524	-0.61709
1.44607	-0.222933
1.61243	-0.405183
1.33391	-0.527125
1.32795	-0.600511
1.35416	-0.565482
1.32578	-0.599912
1.29833	-0.471166
1.47295	-0.543537
1.49902	-0.421007
1.39863	-0.321365
1.39095	-0.166709
1.45858	-0.0327432
1.29766	-0.0247409
1.23647	0.0759292
0.936472	0.198042
0.119339	0.347961
-0.151991	-0.424335
-0.642522	0.185825
-0.629765	0.0470478
-0.690964	0.00269109
-0.661913	0.230884
-0.698371	0.0209182
-0.895185	0.0347164
-0.224448	-0.116194
0.417708	0.133248
0.46016	0.160209
0.479518	0.0874821
0.470957	0.240912
0.960092	0.0155217
1.37833	-0.368556
1.33215	-0.392777
1.16839	-0.477023
1.18651	-0.522495
1.19709	-0.576603
1.23333	-0.444439
1.24342	-0.326301
1.20303	-0.107391
1.14781	-0.277792
0.849431	0.0529178
0.359199	0.0232688
0.336902	0.166924
0.490568	-0.00620988
0.942093	-0.00714766
1.23495	-0.0204242
1.3569	-0.229407
1.34174	-0.422485
1.28632	-0.560075
1.29922	-0.733198
1.1018	-0.772767
1.13007	-0.858831
1.28525	-0.939947
1.19127	-0.849505
1.2118	-0.797118
1.26765	-0.552422
0.704401	-0.151883
0.797258	0.0491881
1.17376	-0.532908
1.60769	-0.685098
1.60451	-0.42827
1.67017	-0.355298
1.66211	-0.372089
1.62533	-0.343488
1.64403	-0.152909
1.83772	-0.446672
1.76267	-0.564651
1.67458	-0.428156
1.61607	-0.58533
1.7162	-0.677055
1.68972	-0.629609
1.60448	-0.443657
1.44214	-0.205016
1.44144	-0.200369
1.24073	-0.00618051
0.704242	0.100126
0.436085	0.342153
0.417381	-0.094348
0.700584	0.00607012
1.45601	-0.018956
1.64272	0.181938
1.61095	0.137182
1.63954	0.346214
1.85947	0.234926
1.745	0.125547
1.38277	0.00632589
1.42647	-0.329677
1.4317	-0.552598
1.42245	-0.666714
1.47476	-0.747882
1.56797	-0.85687
1.41948	-0.699072
1.49091	-0.539002
1.62671	-0.26002
1.76847	-0.16615
1.71638	0.0457889
1.84298	0.256212
1.99858	0.364255
2.0564	0.54451
2.02873	0.439042
2.11097	0.288588
2.0764	0.167289
1.9563	0.241528
1.87546	0.0855166
1.45268	0.117798
0.757723	-0.233637
-0.479508	-0.393686
-0.307932	-0.200259
-0.578193	0.113979
-0.653824	-0.131141
-0.814977	-0.123502
-0.562989	-0.229138
-0.176837	-0.396376
0.658185	-0.117219
0.477457	-0.0750811
0.367586	-0.0991921
1.01302	-0.037
1.59295	0.365825
1.66912	0.334563
1.89631	0.207801
1.68654	0.0249547
1.69257	-0.0156858
1.50926	-0.124405
1.69794	-0.315212
1.23306	-0.422864
1.04113	-0.171289
1.52217	-0.211913
0.249878	-0.343944
0.823819	0.29607
0.621574	0.767729
0.581794	0.893357
0.583581	0.828971
0.555158	0.938425
0.592127	1.06727
0.512757	0.932775
0.720872	0.619815
1.27244	0.312523
1.34432	0.555303
1.44372	0.508735
1.60442	0.498857
1.73619	0.292822
1.1334	0.215173
0.966217	0.0285474
1.01521	-0.0560085
0.97151	-0.195689
1.18098	-0.0662842
1.31602	-0.112339
1.20924	-0.304906
1.18091	0.012334
1.1434	-0.126578
1.359	-0.0534609
0.729414	0.239091
0.0212264	0.454199
-0.277224	0.201609
-0.258308	-0.0315794
