-9.40524	-1.07402
-10.5516	-0.0958979
-6.36413	-1.85784
-8.2653	-1.38627
-9.61073	-5.58003
-6.24426	-1.41149
-4.83687	-0.816642
-9.56571	-7.37162
-6.03234	-4.53995
-8.79801	-7.74867
-5.28283	-6.01179
-2.01578	-5.30868
-0.124507	-0.244478
-0.817756	-2.94973
0.213236	-5.00129
0.207036	-4.49725
-0.844383	-2.84356
-10.2502	-1.29424
-11.641	-1.24558
-16.3715	-6.76419
-16.5353	-9.9654
-14.314	-8.89404
-14.2147	-13.0653
-13.739	-15.4931
-12.1611	-16.8763
-9.79576	-13.8551
-11.3628	-9.54577
-11.4556	-8.55679
-13.1738	-10.4984
-15.5097	-12.8713
-13.3499	-8.75826
-13.5392	4.87713
-10.7449	-2.48738
-14.232	-5.95364
-15.1323	-3.84603
-17.0344	-3.03064
-16.6756	-5.76435
-16.8225	-5.2091
-16.0668	-6.85228
-11.2624	0.843692
-6.05983	-1.84308
-9.26091	1.09977
-7.31891	-1.84903
-8.31354	-1.82304
-3.36009	-6.4482
-4.78794	-8.81687
-4.03114	-5.50149
-2.37673	-6.84231
-1.65335	-2.77881
1.95803	-0.613187
2.39294	-6.09746
5.90515	-6.60889
8.02499	-5.67932
6.68017	-7.02295
4.62093	-6.91018
4.31051	-2.81499
1.01267	-5.04545
-1.21717	-5.06128
-5.41467	-6.39895
-5.6835	-2.7278
-8.96603	-8.61449
-2.94217	-2.85941
-4.64622	-6.90669
-2.49187	-8.39799
-4.94066	-10.6974
-4.41407	-10.3917
-1.55926	-12.3959
-2.69178	-11.9483
1.60125	-14.2127
-2.52707	-10.6663
-3.80452	-7.90106
-3.67126	-7.75817
-1.51702	-9.97688
1.44683	-10.5973
0.673321	-9.75468
1.47537	-4.77684
1.17769	-3.30062
-3.2255	-2.08602
-8.08063	-8.92415
-13.4028	-4.82598
-16.9076	-2.90235
-16.8871	-3.40757
-16.8977	-6.25739
-16.4943	-10.6776
-14.7019	-13.0433
-12.0645	-14.0835
-9.73204	-15.3163
-7.92989	-10.4661
-9.61349	-7.54799
-8.6221	-5.52982
-4.35104	-1.65892
-5.24141	-3.77261
-5.68869	-0.433405
-3.56916	-1.73081
-4.90633	5.56195
0.0237805	-1.57173
8.4829	-6.98493
5.309	-7.32475
8.25604	-7.22401
6.4506	-7.58465
-0.507003	-6.84508
8.35546	-5.06778
9.0472	-1.85692
8.60682	0.987459
-0.137378	-2.34498
-4.17712	0.339299
-2.08085	-3.54078
-3.73669	1.39533
-3.22623	1.26738
-4.04128	-0.793806
-3.70227	-0.0353133
-7.20343	-0.177438
-4.0614	-0.946343
-7.31586	-3.00639
-3.32008	1.82012
-10.4702	-0.577062
-8.30559	-1.55577
-9.1258	-1.54858
-8.51053	-1.86875
-11.5069	-4.22033
-7.55328	-2.08763
-3.24887	0.522745
-1.3054	-2.1551
-1.23362	2.48757
-1.91315	1.81901
-1.43363	-2.26312
-3.22718	-2.97021
-3.25851	-0.3549
-5.5005	0.18389
1.53227	-11.512
0.37346	-11.172
1.86821	-12.5671
-1.02409	-11.5164
-0.542953	-6.48864
-4.91421	-8.8236
-6.05898	-7.46026
-6.50535	-5.94259
-3.57197	-9.11189
-0.62645	-7.01076
-0.895923	-5.54744
4.47992	-2.22167
4.51641	-10.6165
-0.512241	-7.90889
1.62834	-6.73025
-3.40522	6.222
-2.23826	1.95552
-0.640927	1.48624
-3.66229	-4.39872
-5.63557	-9.86234
-6.71747	-11.1961
-5.72731	-9.63522
-6.79802	-7.08183
-3.80627	-4.42694
-2.36377	-3.18506
-0.696566	-4.20656
-3.75599	-2.70346
-6.65579	-1.32551
-7.51067	-3.39617
-6.37594	-5.41696
-11.234	-6.80055
-11.8853	-6.15216
-13.7449	-7.2675
-12.7264	-3.47522
-12.3582	-6.39671
-9.73868	-8.72254
-3.22006	-1.45351
-3.07629	-6.73734
-5.40495	-7.00622
-1.43434	-6.61758
-0.451863	-4.56506
-4.16623	-6.53361
-4.20565	-3.53559
-5.05965	-3.40046
-5.91887	-6.34138
-5.58627	-9.07348
0.109181	-2.63691
-3.1393	-13.4817
-1.64671	-8.63367
-1.93565	-3.94259
-1.98597	-3.93087
-4.45702	-7.02841
-5.42097	-8.23628
-2.70458	-8.87356
7.11134	-15.3795
8.50674	-15.0427
5.87433	-15.5532
3.17392	-9.84046
-0.427373	-6.88475
-3.36321	-7.41519
-1.7009	-8.03131
-4.48515	5.41328
7.87061	-13.0071
1.15298	-10.9752
4.6095	-0.558949
8.11792	-3.29837
1.43194	-4.91974
2.46951	-2.21101
0.192974	-6.985
-5.74931	-7.82854
-10.6028	-5.4961
-11.5693	-3.67046
-5.33885	0.361027
-2.63194	-3.59475
-1.71867	-7.43363
-0.955321	-5.77492
-1.07593	-3.40506
-6.25964	0.803282
-10.1331	-2.04129
-9.31875	-1.22715
-7.51061	0.603169
-8.27494	-1.09259
-11.4661	-2.79715
-12.2177	-3.02342
-5.97313	-6.6468
-6.54713	-7.50455
-5.05438	-3.49438
-1.29044	-0.327577
2.84561	-0.36126
5.43659	-1.56917
10.1137	-5.6686
1.82688	-9.28761
3.16364	-8.52628
1.93693	-8.1526
6.12799	-4.35828
6.54535	-3.70431
1.91186	-2.29042
3.91682	-1.67023
4.21553	-8.45611
2.27139	-8.36639
-1.03993	-8.83186
-6.65905	-3.99635
-11.7371	0.311763
-11.041	-1.51245
-11.2715	0.759184
-4.95837	-2.21934
-3.91976	2.08459
-2.73969	-1.36899
1.34712	-3.04652
0.871627	-5.44108
-0.576381	-4.03217
-0.198977	-6.89173
-1.5148	-3.14008
-1.09444	-3.94347
1.35505	-2.43975
-2.23223	-4.49836
1.36794	-2.8053
-2.576	-7.62795
-3.5439	-6.46935
-1.61405	-7.86141
-3.6399	-9.05946
-2.34502	-7.18253
-2.60669	-6.49967
-2.26453	-7.5497
-0.932071	-8.40749
-9.30213	2.21896
-8.13234	1.90246
-4.38676	-0.495638
-4.56961	-3.66661
-6.37846	-5.25452
-7.76315	-2.15621
-6.31537	-3.50957
-4.49966	3.16048
-7.40611	-1.15639
-6.51353	-2.92996
-9.10352	-3.64062
-8.91356	-1.23512
-7.79516	1.73905
-7.05003	-2.79449
-9.34699	0.2411
-8.16382	2.9432
-6.48954	3.03484
-11.9007	-5.40104
-7.39639	2.04526
-11.598	-4.07677
-9.69643	0.921939
-12.4084	-5.1064
-9.15529	-3.65522
-9.9022	-2.42811
-10.4584	-1.20289
-10.8846	-2.31848
-7.9261	-1.81674
-8.72006	-2.77113
-8.86528	-4.21424
-22.022	0.436257
-13.7508	0.951872
-20.3048	-1.84402
-18.1775	-3.10751
-17.2324	-2.31397
-16.1828	-5.67585
-9.99281	-6.78667
-4.96108	-6.57224
-2.41312	-6.60414
-3.34774	-9.33729
-1.30477	-9.16776
2.73976	-11.7368
2.3036	-8.96769
2.957	-10.9629
3.91366	-4.68169
-0.13409	-7.48839
0.973526	-9.87315
-3.03668	-11.792
-9.54768	-12.7911
-11.9767	-8.26291
-15.2216	-5.9708
-16.0102	-5.25131
-15.6003	-4.01599
-17.2002	-7.19563
-16.3574	-8.71776
-12.0217	-9.7044
-7.63603	-5.50645
-9.06345	-5.22443
-11.4849	-5.80651
-7.7502	-1.86887
-7.69721	-2.4065
-5.81418	-2.3773
-5.37516	-1.38237
-5.92576	-3.20781
-6.68149	1.71196
-6.34902	-7.12107
-11.3695	-9.072
-13.361	-6.88018
-15.5048	-5.10757
-17.0427	-5.28143
-17.2379	-6.12988
-17.6943	-7.70513
-17.7605	-4.19253
-14.7024	-4.39469
-12.2283	-5.3801
-7.08603	-6.77323
-3.06583	-7.88815
-1.73422	-6.55843
1.14778	-5.91119
-0.93827	-8.31799
1.23073	-4.23667
1.72437	-7.12817
2.15074	-8.13771
0.827968	-9.97514
0.176694	-11.251
-4.76453	-10.7039
-1.04617	-13.4561
-1.82155	-9.3659
-5.89255	-3.08912
-3.61531	-6.8465
-2.35561	-8.19632
-3.04784	-7.42187
-1.65001	-5.6574
-2.38336	-8.44728
-0.00688362	-6.99104
-2.5634	-8.46031
-10.6518	-13.061
-12.9267	-12.2154
-9.57595	-8.65865
-12.1449	-9.71617
-15.7442	-11.9855
-13.385	-5.86095
-15.0119	-4.4819
-16.964	-9.83392
-15.2704	-8.72627
-14.1513	-9.22207
-15.6277	-8.24133
-10.053	-2.97552
-8.85646	-10.8318
-4.72222	-7.50986
-2.04743	-9.30819
-2.03014	-6.83927
-0.551016	-5.14205
-1.32745	-0.403863
-2.06792	1.23149
-7.31729	1.54842
-0.575947	-7.52761
-1.36846	-10.8193
-1.84418	-12.5474
-2.62096	-11.5361
-2.01367	-9.9934
-0.669762	-6.81826
0.522084	-3.38351
2.67944	-9.08555
0.639856	-4.56254
1.20935	-5.48673
-1.53393	-1.57414
-2.68447	-1.00644
-1.4461	-1.40445
-5.68077	-5.24599
-4.84871	-7.42781
-4.5098	-6.59402
-5.14345	-4.12801
0.91072	-4.64979
1.44337	-2.46774
0.123626	-3.1755
0.31748	-4.99509
-1.50641	-6.08754
-2.98021	-2.12192
-0.315819	0.558942
1.87777	-2.28146
-3.40945	-6.37437
-1.10175	-3.09371
5.83379	-10.0058
0.343685	-9.45173
4.00879	-8.12139
4.2004	-5.29473
2.24868	-6.74272
-0.172512	-6.67789
4.11605	-0.688564
-3.54824	1.6402
-0.974927	-3.31525
-1.50039	-4.35488
-6.80035	2.2482
8.5267	-8.45813
7.84989	-10.3295
8.92879	-11.0955
6.07759	-11.9329
0.0525202	-5.37985
6.14517	-3.67818
4.60354	-4.5406
1.48664	-4.81209
2.50211	-3.5913
1.65444	-7.14018
1.66142	-9.03761
0.736253	-8.11015
1.82595	-10.5507
0.469843	-7.74155
1.57439	-7.97642
1.03563	-5.09165
1.19621	1.37306
-2.39456	2.31567
-3.41269	-4.97681
-4.11635	-3.49412
-3.11641	-3.92855
-5.0132	-1.03888
-4.13193	-2.34963
-7.84499	0.7273
-5.84939	-3.21143
-4.90506	-4.91912
-5.9185	-3.28552
-6.19155	-3.09772
6.59384	-4.91933
9.41075	-6.94198
9.25495	-8.44985
8.79942	-9.17675
7.60006	-10.4727
3.93579	-13.4771
-0.107683	-11.8834
-4.82158	-11.6508
-1.48325	-11.3285
-0.426219	-8.94648
3.02472	-10.8231
5.76369	-7.40499
4.47116	-7.88276
4.91577	-13.1375
1.16865	-12.3154
1.76235	-8.38409
2.36788	-3.12939
0.459374	-17.1623
1.38135	-9.40477
-0.418935	-3.33908
-4.56161	-6.99737
-6.57359	-0.315555
-2.39071	0.817595
-13.5803	-7.29369
-16.6453	-11.6836
-10.8986	-9.74632
-8.3007	-11.6256
-11.3919	-18.1308
-7.26765	-18.2038
-5.41361	-11.7106
-5.8588	-15.0353
-9.81472	-15.3547
-5.59856	-10.2922
-5.29401	-4.42346
-6.56973	-2.10355
-4.81293	0.0503386
1.75138	-0.662475
6.52771	-6.34926
7.15181	-7.12383
6.24157	-6.938
2.04691	-4.73099
-4.63745	-4.92066
-5.33282	-8.64527
-8.00446	-8.1295
-4.86923	-5.17889
-5.26938	-4.31916
-0.447241	-4.7851
-0.947763	-1.41324
-3.89792	-7.50315
-6.26857	-4.36157
-0.551703	-2.50511
-1.63738	-2.87954
-9.0634	-5.13447
-9.80727	-9.1941
-10.5473	-9.25991
-11.6464	-8.10578
-11.4374	-6.52261
-7.87048	-1.83309
-6.23989	-3.04974
-8.60072	-6.7785
-10.8302	-7.71725
-9.94102	-6.24876
-8.43615	-3.80916
-8.91307	-8.04552
-6.37049	-3.42097
-9.75005	-8.53989
-11.7233	-8.7705
-10.4631	-6.41781
-10.0778	-1.49458
-11.9564	-4.43869
-10.2854	-4.2241
-9.44081	-5.17776
-10.772	-3.7318
-10.7921	-3.40993
-5.28915	-1.30474
-1.37626	2.64361
-3.80178	1.40399
-6.11344	0.633555
-10.2702	-2.18166
-5.29644	-0.988944
-6.55217	0.250612
-6.56742	-3.05925
-4.01333	2.2495
-2.07703	6.16739
-1.56927	-0.832377
-1.07284	0.226698
-1.36858	-2.44387
-1.0541	0.118121
-6.64415	-9.71712
-18.9369	-7.97865
-19.4292	-6.6896
-16.4808	-5.26376
-17.4547	-4.31525
-18.1633	-6.96292
-17.172	-7.49826
-13.0661	-1.05127
-12.643	-1.03334
-12.5332	-5.087
-11.6119	-7.23625
-10.4095	-6.52585
-10.8633	-0.731062
-13.0467	-3.44468
-12.0084	-5.00265
-3.13553	-8.16965
2.78061	-8.97017
5.67399	-5.61331
5.64718	-7.2017
5.23757	-6.81089
5.13494	-5.21031
4.47648	-4.47148
9.01667	-1.87039
4.73341	-8.98931
8.72782	-10.2254
6.35344	-12.178
3.46005	-11.8079
-1.10024	-11.5859
-6.93403	-9.77624
-8.78438	-7.71859
-8.34779	-6.34958
-3.5208	-5.14554
-5.60628	-7.12448
-3.23012	-8.8668
-11.6683	-3.88578
-9.0147	-9.2489
-10.2679	-7.08195
-10.9999	-8.29773
-8.242	-9.74937
-4.96145	-10.7948
-2.19284	-9.66832
1.22554	-9.76272
2.77295	-7.05036
-0.23854	-5.71766
-0.552474	-1.55754
0.277547	-6.93374
-1.742	-10.8119
-4.38425	-8.51589
-7.88103	-3.54018
-3.13554	-1.20277
-3.84006	-5.48546
-6.28846	-5.55209
-4.20051	-7.96302
-8.98876	-13.6189
-7.88983	-15.859
-5.8269	-12.1146
-1.98195	-7.53098
-0.916289	-8.34075
-0.0402954	-8.00412
-1.80212	-8.00438
-4.28734	-9.54323
-4.4834	-5.49211
-14.4699	-6.42797
-11.6848	10.4831
-8.28305	2.19078
-10.9316	1.68819
-8.2297	-0.902854
-6.15454	-5.51374
-5.81314	-4.01875
-4.47279	-2.53815
-2.19136	1.37239
3.31535	2.61138
6.08789	3.75116
7.87252	0.937007
11.3448	-2.21126
6.18597	-0.601287
5.82123	-1.88947
5.34942	-0.468923
5.59613	-1.7865
0.291186	-2.25263
0.202789	-1.57183
-6.16116	-1.56013
-7.19769	-5.04701
-12.0638	-5.35428
-12.7831	-9.72662
-10.4279	-9.80206
-10.7915	-4.36649
-5.81691	-2.56654
-5.68291	-0.953341
-6.62691	-3.24958
-8.58926	-5.25405
-7.67265	-3.52839
-5.60726	-3.93843
-7.75106	-6.48899
-8.42534	-3.87121
-6.15096	1.75744
-7.61613	1.96988
-6.61946	-1.03309
-6.10047	-6.2458
-8.50219	-3.13103
-3.21643	2.0025
-7.03754	-1.71859
-5.195	1.67871
-5.22721	-0.855508
-7.2006	-0.49765
-5.63215	-1.03397
-7.42478	0.541486
-7.03972	-3.69553
-2.93961	1.6995
-2.47463	1.92333
-4.19401	-4.59381
-4.17458	-3.07977
-5.87275	-4.12065
-3.27968	-4.73082
-6.02873	-0.27253
-4.27138	-1.24214
-7.12519	-0.763602
-6.11947	-3.15488
-7.99774	-2.94068
-10.0808	-2.70615
-5.52059	0.0894476
-3.10117	-0.235705
-8.8255	-4.42448
-6.6545	-0.365406
-6.56561	-1.47224
-4.43201	0.215293
-5.816	-0.419092
-4.32307	-1.18689
-2.20723	2.67418
-1.07196	-3.95233
-10.9732	-3.61206
-16.9806	-4.50439
-17.6085	-3.38733
-17.3818	-1.94341
-15.6075	-3.76911
-9.46706	-1.94317
-7.37872	-3.83964
-10.962	-5.25952
-10.179	-6.32121
-8.25086	-2.89796
-8.34981	-6.03409
-5.59018	-3.99858
-7.68283	-4.9182
-4.05596	-9.72985
-5.92963	-7.67123
-3.09846	-7.10677
-3.79382	-4.32651
-2.17877	-6.05289
0.744155	-9.80389
1.39377	-7.76519
2.88578	-3.40054
-1.2506	-4.98828
-0.2896	-1.24688
-2.722	-0.735186
-5.51541	0.784711
-2.73365	-0.201517
1.01302	-1.66497
5.40971	-13.2432
5.98698	-12.0431
0.236938	-6.05114
2.23074	-5.23457
7.18843	-14.128
0.109205	-11.5758
7.01277	-11.353
6.93954	-4.56645
5.15838	-8.34874
3.22619	-9.84055
-5.27314	-7.82636
0.755318	-5.94029
5.99983	-9.55342
4.7816	-4.89255
-2.82688	1.04666
-1.7614	0.0448372
-8.22803	-1.45398
-11.5215	-2.25136
-11.1168	-1.02541
-13.997	-3.01587
-12.8712	-1.40691
-5.01917	-0.407032
-2.49239	-1.16812
-2.80952	-1.34286
-6.21195	0.567889
-1.58207	-6.34204
0.4153	-5.34436
-2.23034	-5.09012
-0.801415	-5.91049
-0.231662	-3.49469
-1.41493	-2.68909
-4.61751	1.41229
-9.53229	-5.59509
-11.3172	-9.63037
-6.7019	-9.08564
-4.42085	-7.60001
-2.16448	-5.3756
-0.0400267	-5.95273
0.771643	-2.93359
-1.08794	-5.01715
-4.99193	-2.30367
-2.76719	-2.03747
-8.84803	0.181046
-12.1628	5.35981
-12.8073	4.42185
-10.3021	-2.59602
-10.1827	-5.85148
-10.2514	-9.70468
-10.7528	-10.2769
-12.6114	-0.134033
-14.1309	6.1462
-11.2546	3.32007
-9.04338	5.61805
-7.41761	-6.11012
-9.58826	-5.58876
-9.66343	-4.65658
-10.0665	-2.65822
-8.94274	-3.5552
-7.64196	-3.31797
-7.87669	-1.03423
-1.98591	1.74603
-3.12421	-0.995533
-1.3552	0.73808
-1.89713	2.09988
-7.64081	-1.18584
-12.1328	-1.06545
-11.148	0.17174
-8.63839	-1.96415
-9.81379	1.01498
-8.63326	1.19584
-4.43559	-0.68998
-3.68507	2.31738
-2.39705	1.95416
-7.6722	1.10684
-10.0052	-5.05026
-6.29946	-2.38161
-7.48078	-2.77686
-7.07656	-7.99511
-6.1386	-2.84675
-7.58586	-0.130055
-5.9939	0.139403
-7.15939	-3.26418
-7.70131	-1.69352
-6.11122	-1.92447
-6.5921	-0.45644
-6.33001	-4.78622
-4.82287	0.394987
-5.63655	-0.659814
-7.88774	-5.18179
-5.1803	-1.91664
-5.96165	-2.57245
-5.79499	0.101176
-6.8171	-3.88998
-5.33348	-3.04168
-6.76037	-2.24772
-7.63077	-0.872174
-5.77941	0.08533
-8.00959	-0.01256
-3.79566	-0.520347
-5.03142	0.108038
-6.5272	-5.40909
-4.94506	-3.75173
-7.44933	-4.12808
2.50691	2.74798
-0.0783614	-5.23876
1.7036	-2.49304
-0.862931	-4.36298
1.31228	-3.89071
-1.4201	0.63957
-4.7631	-4.32109
-5.79116	-1.92849
-6.19968	-2.28252
-2.10451	-1.44028
-1.77324	-3.12592
-0.752119	-2.72436
-1.77658	0.986648
-2.49	-5.31916
-2.39067	-0.869308
-0.671147	-6.6595
1.84088	-8.31207
2.04277	-11.2313
0.691219	-13.7244
-0.685654	-12.8047
-0.00492162	-9.49853
3.63937	-7.82522
3.34638	-7.47296
2.4893	-6.43253
4.60687	-4.09582
5.32417	-6.90369
7.06025	-7.13078
4.46614	-11.2992
4.08452	-12.2789
2.12243	-11.893
-1.28908	-8.50141
-6.82317	-6.36648
-10.7189	-4.02237
-11.1904	-9.04413
-11.1029	-10.9589
-11.1121	-14.2921
-8.65991	-9.1468
-10.6353	-10.584
-7.66064	-6.10561
-8.54548	5.24149
-4.09387	3.14184
5.86014	-2.7085
7.35063	-10.5403
1.53323	-11.0597
8.47208	-10.8801
4.30147	-11.1776
-0.538557	-8.31666
-6.84663	-5.57756
-12.5699	-6.09032
-12.6712	-9.63209
-12.1007	-13.4735
-9.11081	-14.6449
-6.4008	-9.02981
-5.55388	-11.4884
-2.27623	-12.2427
-0.82676	-8.7058
-0.276135	-5.16792
-10.1832	4.21229
-2.88331	-2.45192
-3.14295	-6.24547
-0.970256	-0.975536
-8.60135	-7.29325
-12.3335	-5.51548
-14.9023	-3.3704
-15.0618	-1.64739
-13.4702	-0.862053
-9.06404	-2.13524
-8.98158	-2.28706
-7.54366	-2.68456
-7.37211	-0.385982
-6.30125	-4.52216
-5.46932	-5.67699
-1.4855	-6.07273
0.156059	-2.63282
-3.57905	-0.440472
-10.9723	1.72721
-5.32603	-10.6877
-5.94996	-15.7623
-8.39177	-13.8404
-7.28693	-10.4716
-7.59675	-4.64415
-0.412235	-0.731758
1.48858	-5.61144
11.3138	-6.20223
4.21219	-3.73965
-2.11795	-7.88066
-1.63601	-5.38891
-3.7084	-4.76189
-1.75676	-7.2576
-4.4933	-8.52578
-5.88648	-4.76656
-4.42388	-2.28001
-4.23561	-3.48989
-0.641239	-6.19238
-10.4654	-9.37563
-9.104	-4.92851
-10.1852	-6.96028
-7.12278	-5.78764
-7.61615	-4.84899
-5.7276	-2.86009
-6.74264	-4.63952
-4.9675	-0.77067
-7.61865	-0.582856
-4.7697	-1.04014
-8.80073	-0.319307
-6.38476	-2.2223
-5.2392	-4.87818
-5.77249	-2.73857
-2.70004	-8.5295
-8.90414	0.847641
-4.51282	4.89813
-9.52354	-0.186238
-14.7947	0.16529
-11.7275	2.54903
-13.6039	0.0933075
-13.7531	2.48843
-14.5406	0.856484
-10.8965	-1.59328
-5.70906	-0.560864
-7.58547	-0.649626
-4.05651	1.87067
-4.95436	-0.8867
-5.604	-3.79465
-7.18606	0.0901416
-20.6294	-1.98849
-19.9281	-2.7495
-16.5155	-4.5184
-14.1048	-4.64077
-13.3358	-4.84588
-9.03873	-1.66572
-4.14499	-1.12151
-2.46308	0.767802
-8.79145	0.512977
-6.92658	0.209687
-8.4594	0.485848
2.29876	-2.96357
3.92078	-7.73631
1.59236	-6.04794
7.89367	-6.24587
7.91237	-5.46684
6.35331	-6.26441
7.39199	-4.34232
4.24205	-2.3042
2.99363	-3.22634
1.78114	-0.110332
2.73432	-4.80648
4.98039	-4.19497
4.47297	-3.63046
1.0802	1.06238
1.75428	-0.192458
-0.988631	-1.103
-10.4299	-1.43995
-14.8107	-3.22784
-13.9433	-1.5425
-16.9727	-3.96978
-18.6777	-1.98962
-15.6093	-0.206449
-13.9694	-3.58814
-15.1926	-3.47178
-11.9319	0.405831
-6.82819	-2.46666
-11.8054	-4.04196
-13.5511	-2.21329
-13.7459	-6.45729
-12.6737	-9.44129
-15.1044	-8.10048
-11.5551	-5.36535
-12.9882	-1.94764
-15.0386	3.58035
-11.351	-1.11915
-10.3976	1.58965
-10.5937	0.624024
-9.09944	-3.30225
-9.98213	-3.37316
-9.78777	-1.38964
-8.0024	0.112337
-6.3877	1.12422
-10.1767	-0.558229
-12.3437	-2.68832
-10.8541	1.12675
-10.1055	-0.306742
-11.9186	0.566312
-11.1366	-2.32073
-10.6274	-2.2332
-10.3477	-1.13678
-6.70813	-1.60672
-8.94598	-2.80782
-9.41082	0.112365
-6.03779	2.22067
-8.00565	1.47668
-0.232608	-9.69849
3.27721	-10.8113
6.37238	-10.157
6.15	-6.10878
8.00557	-5.68895
9.26873	-6.61868
7.88074	-6.35461
9.14055	-2.86679
6.17354	-6.35971
5.08503	-11.5395
1.02536	-11.5176
-4.67045	-11.0749
-7.41395	-9.14417
-10.1593	-5.70684
-12.7632	-6.05336
-12.7504	-4.7183
-12.3965	-4.67829
-10.3481	-6.50733
-7.94532	-6.41025
-5.6766	-5.28942
-8.15474	-0.496749
-2.00384	1.50096
-4.08986	-0.355353
-1.01268	-3.35136
-2.45802	1.43552
-9.94777	1.20196
-10.8749	0.363841
-8.17693	-2.6218
-8.24677	-4.05078
-8.11712	-6.47074
-7.86715	-6.43085
-8.36937	-6.65962
-5.53882	-8.42704
-5.61287	-8.91831
-5.25577	-9.35383
-0.406099	-6.97235
-3.30364	-8.28148
-6.31494	-8.42365
3.2006	-12.6338
4.94543	-10.1124
5.46217	-13.3713
4.79919	-10.4127
0.976563	-10.0911
1.31504	-9.16079
-0.66146	-12.7281
-0.360752	-7.61544
1.83277	-8.72169
-1.11103	-8.80666
-2.07058	-7.95727
-3.19824	-6.49061
-6.50531	-6.75312
-11.8641	-7.7458
-3.24478	-3.68936
-7.14936	-2.86132
-6.25483	-2.94591
-6.35342	-3.1214
-8.08204	-3.89156
-8.84576	-5.89981
-4.59244	-5.22026
-4.02618	0.517978
-2.81485	-2.33626
-9.07306	-1.60081
-5.66878	1.63763
-7.30558	-0.842261
-4.74636	-0.960383
-8.35902	-3.32178
-6.13656	-1.33818
-5.79497	2.40669
-7.88309	-3.19865
4.52206	-0.786744
7.26083	-5.78647
3.95372	-10.2574
1.06066	-8.23488
8.28182	-5.38833
-0.192607	-0.381125
-0.95991	0.283462
-6.57535	-1.27824
-10.8779	-5.04254
-14.6671	-6.29316
-14.814	-5.03728
-13.9105	-6.20111
-11.1492	-4.27736
-10.4699	-5.17521
-6.73384	-4.76489
-9.30258	-5.81541
-8.62321	-5.7698
-11.2491	-5.41855
-10.6232	-0.531204
-1.90577	-1.26828
-2.53832	-3.87827
-3.50978	2.26973
-6.72207	-3.61167
-13.7762	-1.3888
-18.9956	-1.89374
-16.8226	-2.15743
-17.605	-3.51437
-17.624	-6.87375
-17.3427	-7.97409
-12.4672	-10.017
-11.3334	-8.91444
-9.77446	-4.46141
-5.87504	-4.3479
-9.2016	-6.60493
-6.75316	-10.6776
-5.08962	-7.13974
-5.76126	-12.2379
-2.15911	-8.06639
-0.383743	-5.56279
0.640075	-6.5725
-1.08832	-7.37169
-3.38674	-6.91972
-1.23386	-1.65957
-3.52652	-3.41364
-13.1471	-10.4783
-5.31747	-8.60822
-7.31454	-8.62949
-7.61232	-7.69525
-3.85115	-2.52171
-0.36992	-2.85542
0.775484	0.162676
-0.0553147	1.54962
1.24444	-1.3818
7.81003	-5.93501
3.65852	-4.76372
2.74729	-4.58754
0.760895	-3.14466
3.58383	-0.974749
2.97995	-5.27748
-2.49658	-2.68449
-0.274163	-7.44071
0.873279	-11.5213
1.77236	-11.1903
1.16658	-12.6169
2.35939	-13.942
3.62962	-13.2214
4.06415	-13.3158
3.95671	-14.2248
3.22038	-10.6946
3.96516	-10.5732
3.52921	-7.84504
2.72358	-4.72646
1.52608	-4.14585
3.74499	-7.11797
3.71025	-4.52036
6.73012	-7.98274
0.335826	-7.61912
0.431174	-8.00967
4.44581	-2.13358
1.42804	-4.5688
-1.48923	-4.90745
-7.30096	-4.52488
-7.29061	-5.96692
-4.34484	-2.62168
-5.8862	-1.42101
-2.50398	-1.00123
-7.05685	-3.3169
-6.81402	-0.516822
-3.65554	-0.422883
-5.28472	-0.574799
-5.28865	-2.69868
-8.12931	-0.51893
-8.80761	0.519845
-8.11911	-1.02661
-8.79382	1.80546
-8.61912	0.528343
-7.51414	-0.738497
-8.73791	-3.04559
-17.1222	-2.95922
-19.6249	-1.6655
-17.2385	-2.22207
-18.735	-2.38179
-15.3083	-3.24118
-14.0675	-5.10108
-8.94057	-5.18757
-7.84545	-4.27734
-4.28059	6.75581
-3.42534	-2.11956
-3.84754	0.319438
-3.79121	0.944677
-5.56039	-0.68385
-4.80053	-3.84252
-5.93481	1.12752
-0.288466	-9.50966
0.993957	-11.8229
1.49301	-11.8224
1.09208	-14.0524
2.14799	-12.2617
-0.26581	-11.3378
-4.23912	-8.78566
-3.55419	-8.07637
-2.68377	-8.46161
-1.27459	-11.7405
-4.13614	-3.99104
-0.546852	-7.37085
-5.03676	-4.46437
-5.36979	-8.24324
-5.74243	-8.2756
-10.1034	-10.2222
-3.9663	-7.16007
1.84537	-6.36922
3.0646	-9.93825
1.60078	-12.8025
-2.81999	-3.34173
-2.46355	-0.384525
-2.85658	-4.22064
-2.86383	-1.7562
-3.2623	-2.27261
-3.64118	-1.22185
-3.95693	0.799207
-4.31375	-2.76516
-5.44153	0.330884
-5.00922	-0.805808
-4.35715	-6.67406
-13.7358	-8.58364
-15.0642	-9.5243
-14.3892	-8.50634
-14.2812	-7.21316
-16.471	-9.95374
-16.5935	-8.76923
-12.4935	-5.47064
-16.1568	-3.40111
-9.09623	-4.41421
-4.56209	-4.74699
-3.67971	-7.33217
-7.0534	-8.67301
-3.87114	-1.32029
-2.66978	-6.39974
-8.9264	-6.80669
-7.77559	-8.39528
-6.75947	-6.11144
-3.79812	-4.63337
-2.04052	-5.6775
0.812846	-3.52022
-0.808311	-3.25442
0.77308	-3.20558
-6.0441	0.678465
-5.63397	-1.3188
-4.20349	-0.202208
0.535096	-0.690985
-1.26047	-6.20417
1.01759	-3.73413
-0.905477	-2.09428
-2.8435	-5.6825
0.793891	-3.44156
1.74011	1.73737
-3.52328	-3.36694
4.64564	-9.83276
0.405472	-8.63442
1.67988	-8.63848
-1.30364	-6.17195
-0.786836	-4.57947
-8.56588	-3.28962
-12.0579	-2.20588
-16.5278	-6.3153
-15.8193	-8.75844
-11.7069	-2.38643
-7.29418	-1.8591
-7.0924	-1.79327
-9.77819	2.12362
-9.40761	1.03058
-12.0365	-5.50392
-7.47728	-3.94764
-4.74104	-3.6363
-2.272	-0.412473
-6.07919	-5.71769
-6.61261	-6.53823
-5.85808	-5.39707
-5.9964	-4.22554
-2.9969	-0.910546
-4.49939	-3.01981
-7.16175	-4.49918
-13.113	-5.20474
-2.09489	-9.91606
-5.21487	-5.14053
-4.03206	-4.86213
-4.18746	-2.65856
-3.779	-5.66681
-2.77605	-6.81833
-0.725177	-3.20882
-1.68695	-5.28733
0.075518	-2.2394
-1.91189	-5.50879
2.81468	-3.54598
-3.70542	-2.18525
-0.45593	-1.33128
-7.9146	-5.03
-11.8731	-8.22387
-13.9792	-8.50915
-8.87062	-1.68678
-6.49598	-0.894734
-5.5086	-5.44155
-9.82542	-2.22737
-11.0958	-3.80071
-7.47924	-3.87198
-9.25994	-13.0301
-8.80707	-7.40618
-13.0675	0.885998
-5.86547	3.301
-2.6992	-1.12536
-1.69919	4.54277
-6.28823	-7.34184
-7.01135	-5.34979
-6.95608	-1.14468
-6.08252	-5.48606
-7.52047	-9.41167
-6.83416	-8.9531
-7.99576	-11.9107
-7.56952	-6.96411
-10.8837	-5.25222
-12.7869	-7.34589
-13.5945	-6.80653
-13.6442	-4.78642
-17.1999	-0.980859
-17.9524	-0.336775
-17.788	-0.0384561
-18.917	-0.425456
-19.166	-0.567399
-16.9051	-3.13953
-13.6486	-7.4887
-13.2887	-6.1859
-12.3638	-5.43081
-6.75265	-7.35476
-10.1498	-3.51232
-9.58694	-2.00774
-5.41049	0.710335
-7.33049	0.39872
-9.74783	-1.53792
-11.9757	-3.24096
-7.63763	-2.3685
-8.57551	-0.832056
-11.7516	-4.58627
-9.22616	-3.31646
-4.58746	-6.66087
-9.8675	-7.3634
-11.4048	-5.16686
-9.19264	-2.60729
-6.71633	3.36295
-8.59554	1.41003
-6.23181	2.41256
-7.81746	0.713164
-7.85436	-0.42137
-7.16693	4.536
-11.4735	-2.85185
-6.46982	-1.17079
-8.83709	-2.26216
-10.536	-5.40477
-10.4271	-3.19956
-7.8503	-8.13132
-12.7543	-0.81592
-5.03975	-10.6884
-7.89722	-3.22103
-6.90675	-0.456226
-7.3198	-1.60796
-5.56046	-2.29652
-7.24685	-2.36983
-8.37626	-0.949565
-7.51795	1.36967
-11.1405	-1.09882
-7.80457	0.218301
-9.42269	-5.99015
-8.34826	-6.61416
-11.5911	-7.40211
-12.8231	-7.63398
-14.4648	-6.36972
-15.7313	-3.65141
-16.8244	-5.9724
-16.2057	-7.68091
-16.0997	-9.47589
-14.1912	-5.20743
-13.4119	-4.05124
-13.4508	-8.81257
-14.3286	-5.52577
-8.71959	-1.61906
-10.8961	-2.27757
-12.3842	0.0120646
-15.0762	-4.06052
-15.2885	-2.90278
-14.4078	-5.49331
-18.7164	-5.99458
-16.6753	-4.96609
-17.5269	-11.6911
-16.4932	-12.1909
-14.4892	-9.59707
-13.7245	-9.81829
-17.1845	-11.2975
-17.932	-8.91114
-15.8753	-9.82489
-12.7794	-5.44268
-12.5399	-8.76466
-10.3019	-10.177
-8.54361	-8.33887
-4.07795	-7.64097
-4.81939	-7.932
-7.77538	-4.32386
-7.58336	-4.1392
-9.55598	-4.45051
-7.63521	-4.63291
-10.736	-5.54741
-8.8223	-1.69033
-4.06404	-4.56611
-2.36732	-5.22636
2.87995	-11.3123
2.0261	-10.1668
3.38905	-10.1665
1.74142	-9.5737
-0.123577	-9.2098
-7.6091	-7.12766
-5.86842	-9.632
-11.0387	-5.18102
-15.1017	-2.71307
-15.5062	-2.15436
-15.3252	-5.44454
-12.4233	-11.0093
-9.98	-9.65601
-9.57681	-4.51033
-6.47587	-8.36999
-6.18719	-8.57749
-6.70057	-10.1534
-10.6192	-8.69527
-8.89728	-6.48593
-6.76667	-3.50067
-3.8751	0.987232
-4.42724	-3.68161
-5.47375	-5.9666
-5.62134	-1.10601
-6.13643	-1.22557
-9.66309	1.57634
-7.15922	-2.33058
-4.48344	-0.995355
-5.81713	0.2198
-6.48496	-4.33058
-14.7189	-10.8319
-13.6864	-11.2157
-12.4365	-10.1893
-9.43918	-7.14899
-9.13379	-4.97939
-12.8794	-9.45519
-8.32648	-5.63272
-12.2095	-7.83144
-10.4464	-3.55478
-16.5171	-0.0257209
-4.87736	-3.88071
-4.91637	-4.00014
-5.45459	-5.88692
-5.09031	0.615963
-1.79681	-2.95819
0.77115	-2.8466
4.02969	-8.11871
3.24511	-5.71565
1.45765	-5.87423
-0.0274947	-4.44006
2.20847	-3.82233
1.51011	-5.60282
0.537861	-3.90191
-2.11213	2.11014
-5.21209	-1.01418
-4.34755	-0.912009
-13.9545	-9.20499
1.7907	-8.2743
-1.47093	-9.07307
-3.89377	-10.0678
-3.47259	-11.0105
-1.41125	-10.7433
-0.855043	-11.4609
-0.733895	-12.439
-2.1598	-5.73623
-1.23043	-7.57216
-3.75449	-8.94728
-1.55903	-6.98846
0.547902	-4.59653
0.818589	-7.58529
-6.47319	0.0761784
-4.58264	-4.11632
-2.13943	-4.60546
-3.78841	-3.43901
-3.1515	-1.85933
-2.07144	-1.79003
-1.96583	-4.25066
-5.36125	-10.7015
-4.05465	-5.50473
-2.51454	-0.437061
-5.17393	-0.0150217
-2.56056	-4.1635
-7.51197	-5.40638
-6.24441	0.348909
-7.76538	-2.88438
-9.26894	-1.87926
-7.37225	-0.235793
-1.08159	-8.31524
6.25429	-10.2204
11.1472	-10.674
0.408128	-4.63989
-1.36108	-6.99964
-3.87454	-4.33373
-4.03858	-4.97571
-4.7842	3.00049
-9.17506	-6.5332
-10.5145	-6.82896
-14.4578	-4.16168
-16.8184	-1.17412
-17.6009	-3.05985
-10.5591	-0.84685
-15.4644	-2.37428
-17.2665	-2.15951
-14.3058	-2.67234
-15.0149	-0.637832
-12.4526	-2.59185
-10.5748	0.282622
-10.7455	-4.02931
-16.0688	-1.59127
-13.1713	-4.8406
-12.2532	-3.41513
-10.2769	-5.50075
-7.44198	-6.23963
-8.8769	-1.91733
-5.39897	-4.47283
-10.4751	-5.86304
-10.7359	-6.11057
-9.77878	-7.33506
-7.4262	-6.04899
-4.50319	-1.55427
-4.38354	-2.70306
-3.14937	-2.93841
-3.83247	-3.96391
-1.87259	-3.02925
-0.862552	-5.19063
1.18161	-5.82661
3.1579	-4.01088
2.79556	-2.29398
4.61109	-3.0759
3.99698	-4.33333
5.8884	-3.52678
5.6968	-7.40013
7.1353	-6.67871
0.672913	-1.53089
-0.394789	-1.8842
0.45359	1.6641
-6.62477	-1.84898
-6.75533	-1.46258
-5.23066	-1.32342
-7.52396	-3.4319
-6.04957	-1.7423
-8.39617	-2.38976
-3.90058	-3.55008
-6.11889	-3.01337
-6.84689	-0.387389
-7.33795	-3.95101
-7.90086	-2.81812
-7.47079	-4.63297
-8.95781	2.52322
-7.66959	-2.81302
-6.5516	-2.30864
-9.71264	-10.8833
-7.8436	-2.85668
-6.09913	1.87546
-5.67159	1.65024
-10.5684	-2.67611
-6.9821	-1.04195
-8.05869	-2.18721
-7.63677	-1.97327
-7.93122	1.08439
-7.98299	-4.17425
-2.88493	2.1396
0.93733	-0.305219
-1.48715	-2.00466
0.791837	-0.472695
0.0213776	0.37965
-1.56403	0.340179
-8.62747	-4.25258
-17.8682	-7.13175
-17.1611	-4.26332
-17.7564	-2.32774
-16.523	-1.00421
-9.90842	-2.31008
-8.77294	1.39105
-10.4506	-3.65455
-8.48456	-3.62807
-11.9535	-5.39416
-7.89285	-5.21858
-10.8244	-7.45468
-10.7785	-5.77876
-7.88484	-5.70917
-4.07183	-11.105
-5.49224	-11.1523
-4.9548	-12.4516
-2.27731	-13.9994
1.32099	-16.9204
2.94995	-13.1413
2.68383	-13.707
3.27261	-12.9881
0.245176	-8.50033
-0.604524	-7.6416
-2.2886	-8.25226
-4.18933	-11.8158
-9.1672	-5.24496
-15.5698	-4.02594
-14.386	-7.12345
-7.92462	-8.0206
-9.02012	-12.2288
-8.35617	-8.22023
-4.04763	-7.80669
-8.7709	-7.95301
-10.6651	-7.30148
-7.51205	-4.89107
-6.63642	-1.45112
-4.23474	0.88082
-4.98694	-2.43885
-6.07066	-4.77665
-11.9501	-5.46348
-14.5223	-2.42232
-16.2563	-2.0565
-16.2451	-1.55479
-15.9448	-3.27156
-14.8379	-3.77046
-12.2784	-7.38104
-11.6497	-2.34503
-17.2129	-5.04485
-15.9487	-4.72824
-14.1084	-2.61631
-11.7295	-3.14834
-12.9112	-2.4937
-14.0276	-3.37051
-12.4209	-4.08892
-12.4967	-7.85773
-11.1457	-3.2234
-11.3597	-4.34449
-10.0688	-1.21774
-6.43014	-4.98441
-8.0088	-2.16367
-7.24765	-2.95357
-5.0536	-0.117652
-5.42117	-3.95672
-8.22807	-9.08255
-8.06542	-3.34056
-9.71478	-5.26047
-8.38812	-6.00168
-4.53889	-1.19794
-8.52438	-3.64189
-9.93504	-2.15717
-6.75059	-4.15501
-5.82929	0.128136
-8.94984	-3.68594
-14.7138	-9.08119
-11.4754	-1.6881
-13.0677	-1.10087
-12.7911	-4.94168
-14.0668	-5.77399
-17.1277	-4.45778
-14.043	-7.592
-12.2257	-6.73903
-13.3614	-7.68183
-13.2492	-5.44223
-14.8463	-6.07887
-12.396	-9.09916
-13.9821	-3.85786
-7.72934	-6.53462
-10.8459	-6.20135
-12.0121	-4.7688
-11.4771	-6.18812
-6.9149	-2.85781
-9.63036	-4.31909
-7.90518	-3.6485
-13.8469	-4.50696
-13.6154	-5.37813
-14.0991	-5.33326
-10.9145	-5.94895
-11.4942	-6.65462
-10.6422	-4.66118
-6.96441	-1.83427
-5.41761	-4.21708
-4.9766	-4.30817
-3.07339	-2.81908
-2.4501	-2.6902
0.714189	1.85943
2.02609	-3.41121
1.97358	-0.972672
1.01082	-1.88008
-1.43515	0.626607
-1.04039	2.07091
-0.928471	1.20567
0.906462	-0.971221
-0.169466	8.24594
6.38642	-9.87432
7.11244	-12.3792
7.57843	-10.666
1.22703	-6.10862
-1.76597	-3.39745
-2.06943	-5.48622
-3.03251	-3.31379
-3.58482	-2.59702
-0.367162	-2.77922
0.531524	-5.32238
-0.476697	-7.14481
0.876148	-4.42703
-6.78177	-0.774675
-11.2471	-4.34158
-14.6473	-4.32635
-15.4103	-9.80292
-11.6004	-9.1227
-9.51919	-10.2845
-8.25036	-12.8843
-7.43775	-11.3053
-6.6054	-10.8037
-5.41459	-8.1505
-3.14369	-0.0347867
0.680634	-1.97693
0.568767	-8.79705
2.80455	-8.59766
1.68449	-7.79198
1.22797	-6.79678
0.594358	-6.5397
-3.77098	-3.0442
-4.49384	-5.78541
1.53902	-2.69025
-1.17231	-7.73882
-1.74488	-6.87301
-0.735218	-7.13602
-0.202821	-3.76674
-2.58387	-7.74042
-0.42173	-8.5591
-2.07264	-2.45877
5.67567	-9.27416
2.35488	-2.65036
2.40586	-14.2973
5.79654	-9.33629
2.89376	-10.5348
2.76752	-8.56749
0.758074	-7.43695
5.81468	2.75884
0.981932	-0.228098
-7.49173	4.03243
-8.97253	3.65519
-8.87485	2.90919
-10.6656	2.88239
-11.071	10.4684
-6.27011	-0.223578
-11.6156	-5.49751
-15.1042	-1.93825
-14.5309	-2.45959
-13.4601	-1.35945
-2.30615	-2.20876
-2.79045	-5.43424
-2.30933	-5.59623
-4.74396	-2.07213
-7.44256	-3.3558
-5.36697	-0.220797
-8.57954	-2.55737
-12.8417	-2.16935
-16.209	-1.19864
-13.2668	-3.55646
-12.1795	-1.76194
-10.5709	-3.36116
-9.09907	-1.7941
-11.4337	-8.71204
-8.78633	0.573338
-13.3819	-10.7794
-18.772	-6.49579
-17.007	-3.90315
-14.1277	-3.52481
-18.5373	1.08041
-15.4518	-2.70592
-12.7942	-1.07215
-10.3471	-0.955656
-16.8429	-4.27529
-11.4604	-4.04225
-12.1425	-5.60486
-2.13197	-8.0288
-5.88957	-8.95943
-2.65883	-8.86726
-6.64535	-1.05352
-10.5313	-5.21156
-10.9084	-4.92854
-11.0749	0.0710943
-10.4637	2.38099
-4.61598	1.512
-5.25177	2.60519
-5.75553	5.46151
-8.63013	5.25987
-7.20859	1.90215
-7.07317	0.337252
-9.40017	-2.15995
-10.8275	-1.25005
-9.75557	0.999252
-9.34503	-0.36222
-7.54043	0.312212
-5.28736	-2.62129
-7.90731	-3.66886
-5.53507	3.10509
-5.7749	1.90847
-7.85061	2.01108
-7.28399	2.29182
-7.49172	3.43657
-4.38596	2.14761
-9.52552	0.682805
-9.38056	-0.462236
-4.1415	5.00693
-6.88316	0.564389
-6.16135	-3.77594
-4.4697	-3.35985
-7.69146	-2.97565
-7.45996	0.480432
-7.70575	-1.33317
-8.12744	-4.94802
-5.91237	-0.947562
-8.67089	-1.7757
-6.17465	4.12876
-9.03334	-3.33947
-7.72194	-1.3344
-4.79604	1.42494
-9.52673	-0.31348
-6.95402	-0.205804
-10.4916	-0.630145
-6.77275	-0.504379
-9.04453	2.41972
-8.37342	-1.43734
-10.7772	-5.25886
-13.4362	-5.91731
-12.7273	-6.33312
-11.012	-3.61072
-9.61786	1.05559
-5.44899	-1.01963
-7.84134	-6.33146
-6.90512	-3.48909
-7.21934	-4.64944
-8.84652	-6.01787
-12.834	-3.89394
-9.64432	-1.89946
-17.3493	-13.5603
-8.38994	-3.49129
-9.20737	-6.71916
-5.83597	-2.09513
-3.82215	0.290738
1.02732	-3.17752
6.75031	-10.5408
2.40689	-10.1871
5.53043	-9.92134
2.82992	-5.87625
2.5124	-7.59531
-1.67348	-6.02785
-1.25192	-10.0265
-5.44801	-6.71527
-11.922	-4.64446
-12.861	-4.36937
-12.3003	-5.58998
-6.9051	-6.46384
-8.00967	-11.5074
-4.87325	-5.75096
-6.9167	-7.38558
-8.16386	-8.17441
-7.27964	-4.86607
-2.33848	-11.1143
-2.06269	-12.5313
-5.00303	-11.3408
-1.00355	-10.3157
2.81554	-8.09052
4.59807	-8.81234
5.12427	-5.64804
-0.959828	-4.25333
0.476006	-4.09205
-4.73958	-7.2032
-2.30277	-8.41527
-2.51138	1.78154
8.00216	-8.47771
8.3707	-11.8931
6.90846	-10.9149
-3.10213	-2.47313
2.69135	-4.92408
1.72167	-9.43002
-2.69622	-5.57826
-13.5711	-3.86927
-3.06271	-2.90971
-6.88165	-4.98689
-8.57764	-7.26476
-4.22039	-0.247428
-2.40377	0.398346
4.36558	-2.46486
3.03085	-9.92159
0.815992	-6.29804
-1.23761	-4.18669
-6.7683	-5.44297
-7.12689	-6.63753
-9.14125	-9.3597
-9.94493	-5.84831
-5.50685	-2.34473
-2.25716	-3.85849
-2.89095	-0.435065
-0.805853	-0.240378
-9.7731	-0.65666
-6.13648	-2.77818
-1.49902	-4.82103
2.34789	-7.02835
0.664708	-3.9823
0.152379	-0.920366
0.167699	-3.70314
0.896489	-3.05286
3.21933	-3.34328
8.20511	-7.13063
5.19671	-6.44374
6.90521	-6.71396
0.922517	-8.86187
-2.39737	-5.46487
-6.66993	-6.72448
-11.7393	-3.83927
-11.7793	-1.78512
-14.2813	0.173911
-11.178	1.86282
-10.4895	2.59161
-7.87232	5.1672
-9.76683	1.69108
-9.29442	1.44351
-12.6478	-2.92749
-12.3975	-3.41394
-10.2254	-3.71453
-11.0706	-3.098
-8.92416	-3.94111
-9.29993	-1.4573
-7.93463	-0.729454
-5.80518	-2.67431
-8.29652	2.44342
-7.79851	0.797038
-9.69572	2.72717
-8.67229	-0.160006
-9.31854	4.88568
-9.39661	3.07638
-8.97004	0.748023
-9.45151	0.499849
-10.0112	0.905978
-8.33927	-2.65955
-9.03004	3.16935
-6.60291	0.151437
-7.87055	0.895908
-4.54844	0.113654
-6.80561	-0.359484
-7.5198	1.27163
-6.36369	-0.0648251
-8.60567	-2.89913
-6.18464	-1.97876
0.54242	-3.8295
0.404363	-6.24526
0.579237	-4.72494
2.33137	-2.74922
-4.53524	-5.73267
-7.67331	-5.92628
-13.6468	-3.92948
-13.2104	-3.35666
-11.8392	0.44687
-11.7743	-4.77006
-8.57008	-4.76001
-10.6388	-7.519
-8.02257	-2.76391
-6.11213	-0.715474
-6.98893	-4.34061
-15.4858	-1.05257
-10.163	-3.19721
-6.48012	-3.73899
-4.69293	-1.98722
-5.27042	-3.60485
-9.5456	0.0786108
-3.0652	1.14436
-9.51924	-6.23845
-9.36014	-7.82387
-7.97247	-12.1577
-2.16328	-7.6635
0.118379	-2.43152
1.84749	-4.25855
3.5384	-2.86513
2.93218	-3.8647
6.68028	-3.56845
3.67659	-8.18789
6.27221	-6.04579
2.66672	-8.53325
-0.980266	-7.5009
-1.02394	-9.51877
-6.16153	-9.03331
-9.43736	-6.48358
-7.3184	-8.89307
-4.18172	-7.71052
-1.04906	-1.01379
-4.36526	-5.01278
-8.61972	-3.92485
-8.41994	-2.25316
-8.01669	-2.33716
-3.47176	-3.99637
4.31869	-12.2538
2.81676	-10.8367
1.80325	-9.90953
0.207739	-8.72008
0.526041	-6.32884
-2.29848	-6.85325
-1.21684	-7.48673
0.948785	-9.77275
-1.17902	-6.07529
-6.54224	-6.02002
-5.439	1.05881
-7.88508	-4.31004
-7.36038	-6.03757
-5.82091	-4.85434
-5.91545	-1.26693
-5.87602	-2.47976
-2.85247	1.50084
-1.70531	-2.90315
4.773	-2.89573
1.71564	-8.28391
-2.70978	-6.04969
2.20568	-2.51827
-4.09447	1.47227
-0.199412	1.55452
1.21972	-7.77754
-2.45182	-3.71084
-5.04865	-5.0992
-13.3779	-8.0846
-11.0922	-11.99
-6.33684	-3.89919
-3.9771	-5.7302
-4.62897	-11.758
-9.03193	-6.79876
-13.3979	2.30688
-2.6249	-2.58651
-0.839122	-9.5201
-1.36713	-8.83435
-0.0676341	-4.41733
1.64484	-5.51768
3.06899	-5.00792
0.082824	-5.8193
-7.35355	-8.58627
-0.523189	-5.68798
-3.41482	-6.20311
3.38447	-5.83616
0.906949	-7.17051
5.33646	-2.24843
-1.15894	-4.62754
-6.06928	-2.74666
-13.6556	-3.67707
-11.1962	-2.62434
-11.1121	-5.0608
-7.60151	-3.88866
-7.93651	-4.67832
-10.0168	-8.22208
-12.4989	-3.93047
-1.01154	-10.5876
-2.09226	-9.42924
0.890371	-9.54491
1.21056	-9.18573
5.57716	-10.1314
2.30423	-6.39809
7.02434	-6.24014
3.72605	-8.08139
3.2491	-6.4983
1.84577	-7.70608
-0.353349	2.68527
0.839808	-3.25515
-1.79079	-4.64836
-2.16248	-5.59661
-2.5294	-4.5848
7.78783	0.208325
5.89757	0.813126
-0.778559	4.91755
0.354499	0.181789
-8.90023	-4.16076
-14.1684	-6.39925
-14.3068	-5.74714
-15.2579	-3.28553
-12.2632	-0.0120804
-7.86417	-0.985882
-5.24495	-4.77511
-4.1205	-6.38107
-4.34867	0.945376
-10.4594	-1.98289
-12.1642	-0.228652
-8.3477	-4.81634
-8.94752	5.03404
-6.46693	-1.77326
-4.39189	2.20909
-4.21342	-7.99976
-3.8219	-6.99293
-3.41444	-8.80145
-5.87938	-8.80762
-7.3385	-8.42937
-9.99155	-5.53998
-10.7218	-1.39779
-14.8619	-1.19188
-16.1313	-2.67762
-15.5244	-1.90283
-15.5527	-3.96756
-16.113	-7.03785
-11.2763	-8.31188
-12.7821	-6.88329
-5.99624	-4.1574
-8.97117	-6.62733
-7.39693	-7.07925
-9.52156	-6.80305
-7.88164	-5.06144
-5.37774	-4.61939
-5.88568	-4.82812
-3.25739	-7.55202
-3.98182	-10.3198
-2.53228	-7.90078
-4.75589	-5.68991
-0.248723	-2.74328
1.86727	-7.50109
5.43829	-6.11051
0.740593	-2.625
-1.11548	-1.21139
-0.0178171	-6.68605
0.807736	-6.21358
-2.90506	-10.2655
-8.56407	-5.9478
-11.7672	-4.71221
-15.2336	-6.06753
-16.164	-5.7016
-13.4529	2.62349
-8.19517	-9.93999
-1.55651	-8.24509
-5.55624	-10.3767
-1.87882	-10.1795
-2.57759	-3.62337
-3.49888	-6.6837
-10.1053	-6.31644
-0.929479	-4.09542
-8.47638	-7.38263
-10.3031	-1.20266
-2.89999	-1.17442
-2.03058	-1.07591
-0.650349	-0.862657
-9.48613	-0.980042
-9.70533	2.21816
-12.6641	5.4683
-10.7109	1.15217
-9.30132	-2.41748
-5.81668	-6.51573
-0.583976	-4.46775
-4.90946	-1.13084
-5.62193	-2.20465
-6.31599	0.903217
-5.98123	-0.556798
-8.1116	2.10335
-10.5666	-5.59331
-0.526081	-2.49916
-1.42131	-5.71825
3.93247	-9.00578
-2.11985	-9.49781
-6.85642	-8.33638
-9.18122	-5.70985
-8.35397	-6.03026
-6.3549	-8.85103
-3.66146	-7.38579
-0.405507	-1.96169
-3.34568	-7.04755
-0.376647	-6.20298
-1.62269	-7.69176
-1.97832	-6.6316
-2.21265	-8.33967
0.433436	-6.01751
0.483688	-4.75595
-1.61153	-3.68677
-0.0934248	-3.59461
-4.35425	-1.43615
-3.55224	-4.26107
-5.29165	-1.84234
-6.49443	0.122194
-7.85531	1.51084
-7.33698	1.81913
-7.61347	-0.255127
-6.04989	-1.35877
-6.22748	-2.81596
-3.31727	-2.23397
-6.98437	-2.03841
-3.6169	-1.06555
-5.6243	-3.82609
-5.69082	-1.41978
-4.33083	-1.49321
-4.31913	-0.0307035
-4.92103	-2.42484
-3.43034	0.176073
-6.96132	-3.69164
-5.13956	-0.807726
-5.76481	-1.34067
-6.55788	-1.42256
-6.50813	-0.0642893
-4.4981	0.731836
-6.43066	-2.30607
-4.77366	-0.405949
-1.34789	-2.30193
-3.89221	0.998987
-6.09598	-3.09334
-2.33467	-0.795689
-3.12908	4.48271
-4.34962	4.07025
-2.50461	1.06185
-1.85055	1.43707
-0.842027	0.519971
-3.41297	-1.3789
-0.263344	-11.3058
-0.858821	-9.52706
-2.23006	-8.94986
3.50063	-4.98244
-3.93801	-0.135763
-3.26536	-4.46962
-0.868082	-10.4703
-3.61737	-6.11341
-5.50465	-5.76389
-7.23657	-5.84487
-12.7115	-2.95466
-15.4742	-2.11803
-12.8696	-1.90209
-18.1053	-3.12559
-17.1318	-7.06245
-13.6475	-5.88701
-11.8013	-2.02275
-12.1409	-2.17835
-11.8507	-5.12733
-15.6273	-7.05022
-19.375	-5.14716
-17.9234	-0.0379407
-20.4572	-2.45733
-20.8559	-0.596345
-14.4371	0.0908192
-18.8852	1.11296
-20.005	-3.13747
-16.9439	-1.35816
-12.3725	-1.42336
-16.1866	-3.76493
-15.1855	-9.65647
-17.864	-4.00742
-15.0708	-1.05726
-18.0036	-2.97068
-14.2776	-2.32629
-15.3947	-5.62886
-18.7947	-3.58991
-15.493	-3.74248
-14.5591	-1.99605
-16.331	-2.5737
-11.1981	-6.66892
-11.112	-6.36192
-10.3845	-5.53632
-9.49618	-8.25903
-7.57913	-7.14217
-10.6328	-6.98323
-8.73797	-8.83963
-9.4592	-6.4082
-8.52651	-4.59048
-9.35932	-4.04609
-5.10335	0.170291
-3.76532	4.05831
-6.56182	-1.98915
-7.82477	-2.45884
-4.72107	1.87698
-8.14838	-2.06795
2.38457	-10.4115
-2.72414	-13.8009
-1.1267	-13.5885
0.233835	-10.423
1.78489	-9.10282
2.76256	-8.65572
3.74787	-6.01123
3.90483	-5.78981
2.05023	-3.82465
1.32291	-4.10509
0.666016	2.23906
-2.47597	-0.384901
-4.4326	-5.50559
-5.39688	-2.1134
-3.65922	0.655783
-1.54387	-3.14266
-0.810034	-0.540039
-3.14765	-1.14443
-8.22917	-5.76742
-10.8706	-3.03063
-15.243	-7.09522
-11.3239	-6.40439
-10.5726	-6.02172
-8.13183	-4.80742
-10.219	-5.85715
-6.8903	-7.1182
-5.54118	-5.59408
-10.6747	-1.0973
-11.1759	-1.16737
-13.9246	-3.59505
-12.8067	-2.44257
-6.76019	-7.15927
-8.40657	-13.2383
-5.71093	-10.8589
-4.21215	-0.863303
1.07189	-1.39409
1.78114	0.0145864
0.124316	-2.69695
-2.27475	-8.27229
-3.73993	-12.9081
-6.95559	-13.0326
-9.72336	-11.3191
-13.265	-10.3316
-13.493	-8.62857
-9.17662	-3.39861
-10.0349	-1.72507
-10.0856	-3.20647
-12.9924	-5.39411
-14.8373	-5.72221
-15.7726	-8.30929
-15.5993	-9.20343
-16.3563	-9.89101
-16.3514	-7.77681
-16.8864	-6.86374
-16.9563	-7.10703
-16.7301	-2.99224
-15.3481	-2.63622
-13.0852	6.13228
-6.29476	-1.6631
-11.4364	-2.67723
-9.98207	-4.88097
-10.3494	-5.30873
-12.0463	-2.41327
-9.10292	-3.99255
-14.7512	-2.71051
-13.6975	-5.13218
-13.2432	-5.83439
-9.7056	-1.5413
-8.54226	-2.42182
-9.17366	-1.94172
-5.65189	-0.74664
-5.23396	0.320222
-8.5812	-1.1825
-8.6353	-1.72972
-9.40689	-0.238904
-7.1863	-1.94702
-6.3238	-1.72086
-6.29056	1.7623
-6.7247	1.45827
-8.22241	-0.0483456
-4.58079	-0.150131
-3.98619	0.957163
-5.87416	-8.04698
2.50938	-8.69203
-2.16021	-5.48607
-3.20802	-6.30662
6.75606	-5.447
7.96213	-12.5915
4.2792	-11.4337
0.129947	-5.92665
0.463232	-8.67333
-3.00111	-7.9942
-3.72505	-10.4766
-5.84405	-11.7423
-7.31168	-10.46
-4.96804	-1.59398
-2.99328	-6.33979
0.206378	-6.15792
1.92211	-7.93321
-1.98871	-7.26433
-9.51169	-5.31531
-11.8084	-6.08528
-10.0925	-8.22822
-10.4461	-7.19753
-6.23911	-3.83523
-1.44974	-1.9986
-8.91214	-1.2204
-15.5574	-3.77661
-5.09258	0.392915
-12.5337	-5.52896
-14.2229	-3.26776
-10.7213	-3.00893
-8.28913	-3.54236
2.42348	-2.00567
0.109495	-3.43302
-3.2987	-6.57075
-6.60901	-5.95303
-8.16014	1.18574
-8.03805	-0.853097
-11.5394	-2.06197
-13.2777	-1.68644
-10.8168	-0.315017
-11.6431	4.18923
-7.95506	2.57169
-4.5393	1.98035
-2.31475	-2.61254
-6.83948	-3.98767
-6.82929	-0.821641
-9.97005	-1.37176
-11.9184	-2.55017
-10.458	-4.24265
-16.8197	-3.06451
-16.7229	-2.9661
-16.2289	-2.8088
-12.9779	-4.84602
-9.7998	0.119927
-7.63272	0.498405
-3.28181	-1.60241
-4.32011	1.00032
-4.04578	0.0511349
-6.66781	0.21951
-6.03387	-1.84616
-9.12657	-6.19896
-7.62592	-5.46132
-9.92957	-3.34688
-12.3903	-5.04171
-12.4748	-4.74342
-10.8896	-2.88654
-9.01856	-3.30146
0.437085	-7.02868
6.5113	-8.00812
5.1383	-10.3934
6.57333	-8.04437
-5.00528	-4.6744
-10.3055	-5.30788
-13.7161	-2.01298
-15.513	1.33341
-13.2457	-2.11364
-11.472	-1.23515
-11.9661	1.46032
-9.10368	-4.04812
-3.35859	-6.70073
-0.155849	-6.24352
-0.793273	-1.65286
-3.84824	-2.69043
-2.29031	-1.39546
1.0183	-3.20705
0.445587	-1.35597
1.78134	0.482768
3.9888	1.04112
7.73101	-7.48726
8.54615	-7.47306
7.24774	-8.02694
5.38019	-9.74987
1.18709	-9.9536
1.13083	-10.5789
-2.00702	-8.88753
-4.19975	-7.31477
-3.8175	-5.63516
0.638283	-3.9305
-1.22507	-10.3502
-0.835938	-6.47051
0.320315	-4.33176
-4.17827	2.83153
-4.43165	-2.13169
-4.05262	-6.11637
-1.19088	0.0240624
-2.70053	-3.00421
-6.68999	5.85424
-12.9054	-2.73707
-5.58797	-4.33399
-12.6809	-3.09057
-15.9671	-1.79044
-14.9209	-3.10487
-12.545	-5.24841
-6.39345	-8.38597
-2.73773	-4.06975
-6.7189	0.0255987
-6.98057	-2.26382
-10.5279	-0.0111642
-9.64002	-5.13248
-6.69333	-0.974609
-5.99578	-6.97814
-2.39427	-8.46673
-4.06467	-6.72104
-5.41317	-4.3937
-5.43526	-5.64063
-0.325001	-1.03027
2.57581	-2.172
1.06386	-0.748842
-0.42065	-0.332441
-0.499692	2.00193
-1.44035	-6.70112
-7.21725	-7.47311
-4.0018	-5.92598
-1.17826	-5.42368
4.70838	-7.40624
3.32229	-9.27689
6.85583	-8.65376
0.991855	-7.67497
-0.200774	-10.1866
-2.56507	-7.63767
-4.54235	-8.70866
-3.60067	-9.084
-7.01934	-9.81688
-3.62496	-2.07822
-4.29451	-3.76056
-2.60588	-5.48368
-10.8006	-10.7637
0.520865	-7.51738
0.105184	-7.62048
-0.393243	-8.12274
-0.887571	-10.5755
-4.4046	-5.61939
-0.7075	-11.7914
1.42179	-10.6281
4.48401	-5.0636
-0.693975	-5.83342
-0.554452	-7.84092
0.668414	-4.61666
-1.13034	-4.71323
-1.04043	-0.280155
-2.81305	-4.06592
-1.32526	-3.80503
-0.871206	-6.54454
-1.7585	-5.37582
-2.46498	-6.91556
-3.22376	-0.987098
-8.48889	-3.26993
-5.44861	-0.430203
-7.9389	-2.576
-7.48823	-2.5026
-6.87706	-2.55737
-6.51728	1.16243
-4.93223	1.72697
-7.86974	1.02097
-6.97649	-1.74719
-5.23859	-0.109346
-5.43206	-0.133787
-7.18988	-2.36853
-6.13227	1.06313
-6.43286	-1.3474
-5.16719	-0.74115
-5.56528	-2.88712
-7.98432	-1.83477
-7.10034	-2.10191
-7.89739	1.2068
-2.66719	-3.39439
-5.25304	-0.790871
-5.88001	-4.49074
-7.72112	0.542751
-12.0174	1.22752
-15.2243	1.41546
-18.5051	0.569458
-17.2172	4.6043
-11.1025	3.42816
-9.85275	-0.223669
-10.7965	1.01261
-8.80393	-3.08641
-5.86861	-4.68569
-10.9587	-5.08941
-8.6506	-5.00197
-2.44253	0.586708
-10.0044	-3.62359
-6.62237	-5.62427
-8.40344	-1.72426
-7.29562	1.69394
-6.74695	-0.35463
-11.8185	-2.42409
-9.30877	-2.65332
-10.3377	2.52115
-14.679	-5.78413
-12.5325	-7.65743
-10.039	-10.2929
-4.52775	-9.28579
-5.11995	-4.34884
2.62072	-9.95606
4.57746	-11.6703
4.99069	-11.1782
4.97482	-11.8241
5.17976	-12.4622
-2.22326	-13.7096
-4.44392	-6.92059
-7.15822	-4.38424
-10.1686	-9.29795
-6.89792	-8.77439
-15.0881	-4.9467
-7.53672	-3.43768
-18.4894	-6.81837
-9.26229	-0.774083
-14.8364	-7.40005
-12.6083	-5.86003
-10.7689	-7.09357
-10.9681	-9.22998
-9.65137	-8.68261
-10.293	-10.0965
-11.0036	-9.80765
-12.1948	-8.87843
-11.5232	-10.3186
-3.4978	-4.97332
-4.79484	-5.82635
-8.97299	-13.0414
-7.26493	-12.0983
-9.26549	-7.81569
-8.88201	-12.0147
-2.26507	-5.08597
-6.78277	-8.80643
-6.68551	-8.54778
-5.19901	-8.29582
-11.4494	-9.32827
-9.03703	-11.0381
-6.80477	-8.54343
-5.63962	-11.0894
-4.34279	-3.24475
-7.52436	-8.75901
-6.28835	-1.2973
-7.63208	-2.13655
-7.78604	-3.81674
-5.54465	-4.4563
-3.71053	-1.14177
-0.428409	-6.96905
2.4594	-10.4771
-1.12796	-8.342
2.46895	-6.27668
4.07128	-5.83881
-0.556614	-10.1319
-2.6421	-12.6231
-5.91765	-11.5198
-6.16392	-8.8685
-6.1944	-6.54464
1.15595	-5.38907
-2.61529	-4.84201
-3.92721	-6.06612
-6.70963	-2.11158
-3.75633	-5.6049
-4.26336	-8.38161
-3.13558	2.95275
-6.35247	-4.91533
-6.00466	-6.54187
-2.54728	-7.57896
-0.707358	-8.37172
2.41893	-5.48983
2.13522	-6.7047
3.75102	-6.78028
5.20357	-4.9415
4.2037	-4.89357
6.30167	-0.743459
4.54488	-8.23313
-1.71087	-8.32947
-5.71422	-9.14904
-10.2975	-7.07375
-13.2412	-4.3962
-14.9986	-3.87905
-14.7179	-2.19109
-15.1441	-1.7409
-14.4972	-1.73197
-14.6208	-2.23544
-15.7208	-2.57463
-13.6831	-4.0454
-14.2882	-4.28083
-12.6535	-4.39256
-8.80694	-1.83341
-3.56356	2.78609
-6.62721	1.6685
-13.139	-5.39357
-11.583	-6.96611
-11.6872	-6.39748
-9.0321	-8.45801
-0.849549	-9.5086
-3.03547	-6.07736
-8.58973	-4.97313
-8.74321	-7.06278
-7.98643	-10.1085
-9.05077	-10.8086
-6.0467	-10.3473
-9.11012	-7.58109
-10.7541	-6.72815
-9.66265	-6.09601
-7.72656	-5.443
-9.48914	-6.75395
-14.1845	-12.7452
-5.26113	-8.50075
-8.91252	-10.3963
-6.64406	-2.12914
0.162924	-2.51885
-2.62002	-3.95923
0.723536	3.63847
1.90503	-0.709018
-0.599106	-5.68095
0.386361	-0.00272373
2.23293	-0.726743
0.640411	0.378524
-7.02612	0.434511
-11.0031	1.46917
-12.7468	2.16917
-11.8364	-4.67882
-15.2418	-4.59532
-13.6481	-8.96108
-12.5428	-8.50853
-6.35514	-3.79318
-8.91809	-5.08266
-6.23915	-1.34867
-3.63569	-5.73313
-6.11395	-6.34257
-6.62264	-9.36139
-6.42134	-9.68317
-9.19782	-8.13865
-6.63616	-5.25649
-6.42386	-4.98607
-7.06606	-3.2383
-4.67138	-7.57598
-5.60706	-5.18763
-2.17242	-5.90796
-6.70317	-5.26085
-3.26271	-4.48152
-5.63049	-4.76511
-5.77015	-1.25644
-7.07727	-2.67031
-5.94161	-1.4572
-6.02793	-0.343905
-6.94816	1.60296
-6.60768	1.56647
-3.287	-4.03272
-7.19862	-0.93231
-7.25683	-0.659186
-7.92913	-2.17713
-7.65635	2.01155
-8.07078	4.73732
-9.28311	0.880056
-12.1403	-2.07101
-13.087	-1.73473
-9.87586	2.81741
-9.84554	0.964917
-11.0612	1.60825
-15.2649	-5.16317
-7.94206	-1.39606
-7.89973	-1.65573
-9.94356	0.569877
-7.29829	-2.11781
-5.9646	2.20023
-6.96696	-3.70908
-4.86705	-3.31142
-12.4005	-9.67953
-12.0625	-11.074
-11.38	-9.36715
-11.3225	-10.5164
-10.5747	-9.50267
-13.0482	-8.31638
-16.1292	-7.15185
-16.2946	-5.92923
-13.3413	-4.31939
-14.4413	-5.11463
-12.0878	-4.49645
-4.52949	-1.12191
-8.03847	-3.93596
-8.5027	-8.0379
-7.37536	-3.15782
-13.1247	-3.5115
-9.49238	-2.63209
-11.3085	-2.23176
-11.9535	-6.47405
-8.20574	-3.25741
-9.35472	-0.726685
-9.80319	-4.18979
-5.29175	4.15055
-10.6076	5.34095
-7.54502	-3.09168
-4.62022	-6.00119
-6.50672	-8.07544
-5.4451	-7.28322
-5.0619	-4.79047
-3.8066	-1.39497
-1.99694	0.802436
1.38294	-0.576517
2.85391	-2.97657
4.6105	-3.76195
3.27632	-2.76706
3.53803	-0.541441
2.03711	0.281862
1.18611	0.948922
-0.724954	-1.89624
2.45063	0.406039
1.86322	1.17196
-1.0649	-4.3006
4.24761	-3.57326
4.07576	-7.68197
-1.25266	-7.78331
1.61687	-9.06579
-3.09787	-8.97984
-8.21979	-6.85591
-9.86791	-5.53141
-14.4801	-6.18735
-12.5204	-6.02552
-11.7427	-4.70409
-11.8769	-5.79827
-8.08234	-3.88085
-5.41934	-1.38077
-5.89685	-1.94998
-1.47326	-3.89896
-0.877299	-12.407
-1.43941	-10.1871
-0.839194	-8.14328
-2.02337	-7.88359
-2.81389	-7.52781
-3.83622	-3.04963
-4.72299	-8.39878
-3.81521	-2.77187
-10.1119	-7.52597
-13.4613	-8.20251
-14.9902	-5.92901
-15.0615	-7.95264
-16.2038	-8.17492
-16.8689	-8.45047
-14.3646	-6.71342
-10.1236	-1.10866
-7.50368	-1.0984
-3.75515	-1.48855
-7.47086	-2.70167
-5.53439	-6.12014
-2.97338	-4.94743
-7.2926	-4.53898
-12.383	-4.61747
-8.35549	-1.44423
-8.59266	-2.48401
-10.1485	-2.98614
-9.25952	-3.00609
-8.54276	-8.02021
-16.8686	-6.08741
-14.1451	-5.23415
-12.5263	-4.7178
-8.30726	-7.89736
-11.326	-4.95123
-11.2964	-3.22408
-8.7201	-5.07519
-4.7849	-6.5048
-4.68885	-5.02868
-0.504295	-5.82516
-9.41537	-4.02924
-7.26067	-4.70864
0.661394	0.138597
-2.22911	-11.1572
-3.39489	-10.3604
-5.33376	-10.3828
-4.22288	-8.83751
-2.05513	-9.02971
-0.824729	-6.32474
1.29367	-5.88085
1.15921	-4.17894
1.06017	-3.66672
-6.93436	-1.51095
-6.52795	-3.42347
-3.50856	-3.21444
-3.38792	6.37733
-3.82361	-4.47827
-4.42048	-5.24828
-5.85086	-2.77767
-10.9896	-1.68537
-7.98247	-6.44886
-12.4246	-5.30112
-15.4259	-6.94031
-15.7795	-5.39898
-13.8792	-3.95051
-12.6815	-9.23736
-13.363	-6.99746
-6.9329	-7.72885
-13.9999	-5.29792
-4.69769	-4.55012
-11.7319	-6.3437
-11.1042	-5.82776
-13.1242	-2.75554
-5.91165	-1.51291
-8.55636	-5.12447
-12.0354	-6.90348
-9.99393	-2.72557
-7.81804	-2.3384
-11.2859	-2.44138
-8.16554	-6.7389
-2.80638	-3.01962
-4.04181	-9.07145
-2.91657	-8.01664
-1.13116	-7.20906
1.11279	-5.81907
3.2797	-6.01066
0.146917	-7.29284
0.042523	-7.9487
-1.04351	-4.58965
-3.87991	-8.40243
-0.786088	-4.27888
-9.15611	-6.89952
-10.8989	-4.67441
-6.8305	0.131943
-1.49395	-5.26988
0.654109	-2.94305
1.30946	-3.84821
-1.00596	-1.44462
-1.45248	-2.42472
-5.68427	-2.11336
-6.4976	-3.83156
-8.10949	-4.83018
-5.83247	-0.8354
-0.447374	-0.753724
-3.03691	4.4808
-3.39937	-0.137345
-0.362905	2.59191
-0.400615	-5.00571
-1.01109	0.167851
-0.25646	-0.0811572
0.868776	-1.86388
-1.75592	4.79673
7.46801	-8.91492
5.83734	-7.44159
4.59631	-8.55272
5.59379	-10.0773
5.19916	-9.10677
5.78943	-4.91054
8.28767	-2.37286
0.876664	0.315288
-2.1304	-0.450825
-4.98868	-4.49989
-5.69485	-1.39207
-3.09438	-2.79341
-3.9433	1.34268
-7.59844	-1.39123
-5.61998	1.61586
-0.528618	0.77592
-0.220646	-3.83609
-7.99018	-4.76775
-16.9785	-6.92026
-15.9829	-7.41965
-17.4548	-8.06094
-14.7549	-9.10787
-10.3942	-4.50461
-15.2173	-3.53487
-12.7631	-8.72809
-13.712	-7.69435
-10.8065	-5.61632
-13.7098	-0.286625
-10.1113	-9.38906
-5.3645	-3.03854
-7.59514	0.849604
-1.43292	0.996937
-1.52845	-0.861791
0.0642326	-8.20484
-1.49766	-6.05321
-3.63581	-8.66143
-2.52892	-4.86035
-4.397	-6.39023
-11.1231	-3.30656
-9.43461	-5.1864
-12.8897	-2.1662
-19.2907	-5.16369
-16.9336	-6.66478
-11.498	-8.43403
-15.9656	-12.9049
-10.2431	-11.2866
-10.9708	-9.72128
-12.5097	-8.14843
-7.74163	-3.94189
-6.23325	-6.8218
-6.98807	-5.52962
-9.41692	-8.7052
-9.76031	-7.49816
-10.573	-8.64691
-11.5788	-7.46299
-2.80749	-1.95683
-2.91996	1.42359
1.83843	-4.44052
3.8417	-1.98546
4.46703	-1.92901
4.08637	-1.87605
5.02943	-3.66195
1.63917	-4.40401
3.28605	0.347046
-2.57126	-0.819239
-2.55959	-3.42244
-4.61279	-4.95468
-8.4848	-8.30983
-12.2821	-5.65243
-12.2788	-3.18301
-13.0484	-5.19792
-11.4394	-4.29335
-11.7554	-6.78868
-16.4842	-2.34938
-16.0973	-2.37502
-11.702	-1.66954
-9.35739	-2.03149
-15.9972	-3.80521
-12.8573	-6.56187
-13.1169	-2.54573
-17.9189	-3.34035
-8.6518	-2.59407
-13.832	-0.624651
-15.1883	0.653758
-15.3323	2.62194
-15.8814	0.216613
-13.8826	1.47582
-11.1064	-1.73977
-8.55587	-4.14586
-8.11061	-5.28714
-6.73928	-10.9755
0.27642	-1.87388
-2.80816	-1.20036
-6.39062	-0.179238
-4.4444	4.79349
-3.45651	1.17008
-5.97787	4.16024
-5.49642	0.444941
-0.570835	4.51955
-0.338695	3.22476
-4.17954	1.78473
-6.68134	-0.879022
-5.33758	0.419187
-4.95765	0.301285
-5.37802	-0.378372
-7.55543	-0.889805
-5.96404	-2.30971
-6.16706	-1.28006
-4.31854	-0.426001
-4.38167	1.1067
-7.47074	0.291777
-4.80797	0.580226
-2.89724	2.50241
0.66528	0.696309
-1.02735	2.12915
-1.58179	-0.522247
-5.03149	-5.36991
-7.68865	-3.5222
-3.74071	-0.241515
-12.624	-3.08948
-14.7926	-1.46212
-14.1107	-1.70942
-14.8702	-2.35105
-8.9334	-1.42485
-2.72178	-0.61762
-4.42395	-1.43752
-6.3049	3.82984
-2.99242	0.0867095
-3.32296	-3.21265
-1.87374	3.62008
-9.0247	-3.72352
-9.06754	-5.46621
-10.1735	-4.71058
-4.41742	-5.01058
-8.41049	-6.28036
-8.35748	-4.05767
-7.68231	-5.16466
-4.19725	-2.16246
-9.48413	-6.58744
-8.87965	-5.11585
-8.51764	-4.16106
-10.8178	-7.3881
-12.8449	-6.93921
-14.4962	-3.81128
-14.5905	-3.39547
-14.5833	-3.9447
-12.0834	-3.98085
-9.40198	-8.10233
-4.7675	-8.00495
-3.02024	-6.05962
-6.65477	-3.82128
-4.08141	-3.39728
-3.94369	-5.30665
-2.32147	-10.8483
-0.567781	-12.435
-3.84655	-12.0239
-11.9078	-8.98455
-13.0061	-9.29789
-14.8783	-5.76054
-13.7986	-3.79229
-15.5861	-7.10562
-16.2236	-5.01259
-20.3517	-7.46092
-18.7145	-5.34141
-12.5471	-4.72379
-17.8392	-9.20501
-13.4712	-6.31079
-15.0485	-5.86379
-17.0871	-6.32785
-16.9583	-7.11278
-12.9379	-4.38467
-16.326	-6.41959
-14.7035	-9.82648
-10.4705	-10.8938
-9.97993	-7.3853
-8.57705	-3.34561
-0.459432	-0.930976
-2.48449	-3.25488
-1.22236	-2.32174
3.87674	-2.77703
-1.96712	-0.152782
-2.58028	-2.64752
-5.53542	-3.97894
-8.96003	-5.45089
-7.63957	-1.14465
-5.19843	-4.69838
-6.20867	-4.63395
-6.37192	-6.6036
-7.55182	-6.64836
-6.24973	-5.31147
-2.96862	-3.67476
-2.05454	-4.05924
-0.270121	-1.81358
0.335275	-3.44396
2.6692	-6.04745
4.59202	-5.79583
4.97269	-12.1612
-0.231746	-9.77497
6.88548	-9.96538
7.55815	-9.26167
0.427027	-11.9542
6.20076	-10.1264
5.14452	-10.203
5.30067	-10.6896
4.83154	-12.8475
3.83694	-13.5011
4.06658	-11.3867
-1.56262	-6.51176
-0.210171	-8.49066
-3.30071	-5.38644
0.143509	-5.31097
-7.64233	-4.75962
-0.779112	-2.43152
-0.467905	1.70195
-3.0205	-4.99375
-0.617249	-3.57069
-5.66272	-6.52158
-5.00083	-5.50697
-9.78735	-8.26
-7.51131	-6.93452
-4.83449	-8.09412
2.47222	-8.96843
4.33359	-5.5045
-0.114194	-8.47995
-0.445883	-6.84368
2.19064	-3.53333
-0.594851	-4.91333
3.52527	-4.58459
-2.24978	-1.99909
-4.5363	-6.15181
-9.69363	-4.8539
-11.5412	-3.6898
-10.9983	-0.86502
-6.44028	-3.99881
-10.1346	-3.35899
-10.9471	-8.13914
-11.4776	-3.61125
-10.5574	-2.60621
-12.6123	-5.15957
-9.81245	-3.2537
-5.08271	1.32653
0.0650549	-3.29583
1.54396	-1.25773
2.86848	-2.01839
2.80451	-0.094862
-3.79064	-4.31591
-3.97602	-7.22405
-3.57225	-7.54309
-2.48695	-8.87756
-1.84732	-6.75662
3.1495	-6.35775
3.61903	-4.27875
3.37911	-3.07768
-0.754855	-4.76295
2.85976	-2.62014
0.694596	-7.34474
-2.42483	-8.30785
4.1897	-5.83353
-3.30089	-10.2339
-3.10173	-8.22237
0.661692	-9.87172
4.69112	-3.91654
1.19935	-9.9034
1.50643	-3.07784
1.51661	-6.41823
1.20539	-7.50067
3.18617	-5.02066
2.73232	-4.76249
0.372669	-8.41133
-0.987235	-2.68694
7.55295	-7.54332
7.31187	-7.60613
4.18326	-7.09591
1.11088	-1.57546
6.86553	-3.37269
3.17244	-5.70631
-0.0063109	-5.34242
0.905921	-4.07837
1.27049	-0.690852
-8.59758	-1.36145
-1.10322	4.32055
-1.3719	3.73703
-4.3395	-10.3829
-1.16118	-5.76558
-5.47771	-6.03373
-6.55484	-4.54015
-8.04452	1.90056
-5.40259	-0.914395
-7.0701	1.64816
-8.36071	-1.44272
-9.34137	-1.33911
-12.3058	-3.5522
-10.4375	-0.303411
-7.37974	-1.12294
-7.83705	-5.07947
-10.56	-3.3536
-16.6535	-0.568675
-12.2071	-3.01156
-9.27078	-3.92245
-2.4576	-4.07228
-6.35305	-3.80171
-7.79969	-5.8517
-12.4767	-7.00395
-9.70063	-4.74023
-4.95813	-6.08859
-4.87591	-11.2817
-6.40445	-12.088
-8.50685	-7.30647
-2.9051	-6.73146
-2.13066	-4.12624
-5.33434	-4.95946
-6.37786	-7.27996
-9.69635	-6.7981
0.113232	-8.92553
-1.15008	-10.5359
-1.49166	-14.417
-0.222677	-9.97671
-1.80895	-5.90672
0.862875	-6.84742
2.04115	-5.45078
1.51695	-7.99799
2.15426	-6.58192
2.3979	-4.32133
3.51017	-6.53121
1.3053	-7.28264
4.68635	-0.81975
-2.72227	-4.02635
-5.27021	-4.7837
-3.91052	-7.47427
-6.52612	-7.2081
-1.11004	-6.90798
-3.48981	-1.99746
5.29343	-3.72404
7.90335	-9.08436
6.86044	-8.64991
8.63494	-7.7886
9.03302	-5.77045
6.03903	-0.424094
-2.97493	-2.30151
-3.12808	-0.870695
-3.04388	-6.23256
-5.48625	-1.15075
-7.67044	-10.0811
-7.88355	-6.75872
-0.272809	0.118228
6.2413	-7.05499
-0.514741	-7.9278
5.71007	-5.58905
4.94403	1.63731
1.10058	-1.2232
-1.0305	-5.51502
-1.53711	-0.183983
-7.69778	-3.86586
-0.705348	-8.844
4.04803	-2.71885
3.55324	-5.99738
2.52307	-12.7612
2.85693	-9.73543
-0.681592	-9.36817
-6.46221	-6.59523
-9.89897	-0.327496
-13.3564	0.832818
-6.41543	-2.30403
-3.58479	-2.15516
-3.58252	-3.031
-1.69655	-2.61436
-0.132411	-5.04285
-1.9173	-1.54796
-3.61188	-7.5644
-6.31113	-11.716
-6.58844	-12.2744
-7.7727	-13.749
-8.36144	-9.9991
-7.82063	-2.30186
-6.35842	-1.42957
-6.351	-3.53061
-6.52814	-4.38298
-12.5629	-6.02128
-15.2577	-3.76976
-16.2252	-3.26613
-13.9009	-2.46778
-12.1235	-3.44214
-8.85575	-2.57789
-6.19661	-3.10637
-10.3228	-7.09481
-9.30651	-6.63857
-10.6804	-3.37812
-9.06898	-1.75413
-7.04988	-2.28971
-6.83301	-6.76072
-5.19083	-0.821193
-7.64112	-2.7479
-14.8965	-4.47989
-13.5949	-0.470088
-12.8291	-0.674995
-6.83687	-2.51879
-4.55304	-5.40466
-5.33098	-5.71518
-2.733	-4.50885
-2.01141	-4.29473
-7.84196	-4.61095
-8.14759	-2.36096
-9.98114	5.57874
-7.69382	-4.35713
-13.9268	-6.6343
-12.9847	-5.73195
-13.4649	-3.81539
-11.92	-3.67887
-10.1828	-4.93836
-9.83644	4.46991
-6.72146	3.55576
-8.96235	-3.59776
-12.7821	-5.13159
-10.8355	-4.7576
-8.7178	-3.42602
-7.63539	-3.07618
-8.56712	-4.22752
-5.3882	-1.08172
-5.16729	-2.37867
-4.22634	-6.10469
-4.31824	-9.85783
-4.52971	-8.61881
-1.59979	-8.93033
-2.08397	-2.17239
-5.58144	-3.66534
0.232793	-5.37341
7.64616	-7.48905
9.6587	-6.93126
8.47588	-6.74601
7.67159	-6.44489
5.73112	-1.06655
-0.226382	-1.68585
1.22893	2.95256
-1.72194	1.72604
-0.0363445	-0.13334
-2.87774	-0.919043
-6.38911	0.869316
-5.36794	0.264102
-7.5209	-0.00333602
-5.27496	1.1866
-11.0057	-6.31553
5.24272	-1.24291
3.85787	-9.35941
6.52891	-9.78364
4.45683	-11.2548
3.07366	-5.31691
0.0519534	-0.87378
-4.38944	-1.33609
-0.796753	-1.13473
-1.47786	-2.11939
1.5354	0.476797
-2.66045	2.08004
-1.79856	3.22849
-5.40861	4.85551
-7.07002	2.5786
-2.35189	6.97545
-4.38668	1.70219
-5.45748	5.47748
-3.78718	1.5131
-2.48757	3.66226
-7.22464	3.14712
-4.32387	3.33884
-3.75015	6.4907
-3.91474	1.9864
-4.29201	1.01978
-5.11008	2.76514
-6.72556	0.828831
-4.36398	1.74571
-4.13426	1.45938
-6.81007	-0.811566
-6.10497	-0.977946
-6.21379	-0.586891
-7.35016	-3.50364
-10.2144	-2.52823
-12.202	-2.27068
-11.4657	-3.29146
-7.30081	-0.478293
0.799959	-3.11996
-1.23702	-3.19526
-1.14726	-9.80836
-1.28838	-4.91427
-9.69153	-5.15402
-4.83274	-5.42722
-9.64148	-6.64318
-8.44359	-2.30646
-6.34596	9.57105
-0.320534	6.36741
0.507949	-3.09436
-0.0382091	-6.74909
3.7655	-10.4737
5.05499	-9.1662
3.70889	-5.39593
0.0587661	-2.7502
3.82393	-1.98773
1.93357	-1.32318
-6.20327	-6.03216
-1.77737	-3.64467
-1.49168	1.38707
0.847917	-3.40179
2.11929	-6.39373
4.83158	-6.32398
1.06187	-0.145266
2.0325	1.2078
0.690074	-1.19577
-3.81946	-4.41689
-4.11665	-2.01389
-2.07827	0.250329
-14.1978	-6.89048
-5.36649	-1.04428
-16.1675	-3.34476
-16.3895	-2.3541
-15.3499	-0.940005
-18.4917	-2.55771
-18.1032	-2.04984
-17.9779	-6.19826
-16.4184	-8.22914
-15.2007	-9.30956
-13.036	-7.70725
-6.75872	-8.55042
-6.47755	-7.97988
-4.57774	-9.92677
-6.88729	-11.0492
-4.47358	-7.42929
-5.03759	-10.3521
-4.17208	-7.81605
0.133097	-0.105381
-3.12932	-4.39162
-1.15707	-6.31098
-8.07301	-4.68217
-11.293	-0.918756
-9.65236	-3.236
-9.69209	-2.70532
-8.93671	-1.87826
-7.46874	-1.89668
-4.42706	-2.31412
-5.82693	-1.11882
-0.707906	-1.89981
-1.27677	0.437687
-2.90933	-2.94212
-6.86044	-1.58334
-9.15411	-1.98223
-10.8882	-2.441
-12.3928	-2.41893
-12.874	-1.63529
-13.1072	-2.49885
-13.4116	-1.61718
-13.4675	-2.60019
-5.90369	-4.105
-6.38565	-2.61231
-13.7031	-2.72864
-9.46414	-1.60938
-8.80109	0.0584093
-7.70739	3.01849
-10.3923	-1.48296
-16.4026	-5.15485
-15.3387	-5.16735
-17.5235	-6.14163
-16.529	-3.46901
-13.7437	-5.16313
-11.5099	-5.74174
-9.87362	-6.95296
-5.18564	-9.2471
-6.43458	-8.15633
-4.83901	-5.7883
-4.90753	-2.79648
-3.03316	-1.44055
-1.7854	2.17349
-4.12335	-0.615065
-7.59845	-3.10255
-14.0335	-2.57783
-16.2251	-0.502135
-16.3041	1.77139
-16.0766	-0.677422
-16.8623	-4.50454
-16.5837	-6.86781
-16.7654	-10.3914
-14.944	-12.873
-13.3526	-12.0183
-10.8895	-8.7391
-11.1685	-8.47281
-11.5799	-7.98393
-7.25118	-4.51092
-6.30756	-1.38096
-2.7322	-3.70339
-1.53411	-7.70682
0.363375	-6.83922
-0.711951	-8.13919
-3.08809	-5.07825
-6.50097	-2.38263
-3.07859	-2.45323
-4.67212	-1.43659
0.333123	-4.65838
-2.54172	-0.618314
-9.21103	-3.43033
-13.5402	-2.39041
-11.4612	-2.63352
-6.95413	-2.8356
-3.82505	0.655199
-2.43001	-1.60743
3.68344	-6.40084
5.11082	-9.61831
6.50638	-7.89652
6.80447	-8.24516
7.53326	-9.59523
6.90014	-7.63897
1.53001	-2.90066
2.87507	-2.1565
3.56255	-3.10989
-0.597269	-2.61704
-1.10524	-6.26003
-3.83452	-4.7458
-3.87321	-2.82189
-3.79946	-0.0835117
-3.38647	-0.0679079
-3.08987	0.585756
-4.5539	-1.81174
0.123228	-1.24405
-1.06076	-6.77284
