0.842644	-0.125794
1.07566	-0.301985
1.17622	-0.690905
1.11522	-0.37046
0.807079	-0.195448
0.878895	-0.216521
0.753004	-0.232974
0.724602	-0.0679772
0.887158	-0.407414
0.820204	-0.345475
0.966536	-0.431878
0.506926	-0.100742
0.394504	0.0470679
0.175584	-0.198344
-0.114073	-0.536234
-0.346309	-0.728554
-0.144123	-0.881353
0.0671928	-0.929137
0.314362	-1.05526
0.519852	-1.10653
0.846563	-1.09268
1.00706	-0.991033
1.15128	-0.735744
1.53592	-0.866702
1.75276	-0.927699
1.98333	-1.52365
1.27329	-1.01504
0.615647	-0.621283
0.512147	-0.633039
0.553617	-0.681028
0.677915	-0.707777
0.727881	-0.834945
0.739346	-0.861504
0.777465	-0.741504
1.13438	-0.79383
0.849032	-0.414072
1.04062	-0.82624
1.26129	-0.823805
2.24502	-1.72051
2.03133	-1.37831
1.30545	-0.754478
1.20865	-0.406427
1.24936	-0.50949
1.40737	-0.898432
1.4163	-1.05633
1.20219	-0.924667
0.940089	-0.887161
0.514953	-0.754748
1.03639	-0.778712
1.52704	-1.17765
1.20426	-0.92641
1.10304	-0.794028
1.123	-0.714329
0.247642	0.165511
0.513499	0.405548
0.594561	0.371207
0.498652	-0.136209
0.659618	0.117409
0.629044	-0.170981
0.838358	-0.227787
0.59528	-0.513833
0.591174	-0.404533
0.734742	-0.185009
0.865452	-0.237041
1.50178	-0.765204
1.76464	-0.802345
1.78406	-1.0568
1.22802	-0.954695
1.31878	-1.10521
0.864596	-0.725175
0.650355	-0.537045
0.629161	-0.517404
0.650156	-0.473322
0.717748	-0.514111
1.24764	-0.959694
0.968904	-0.826469
0.885073	-0.86523
0.847046	-0.913606
0.789766	-0.857857
0.839038	-0.925219
0.83563	-0.920986
0.809561	-0.912465
0.723245	-0.971957
0.585094	-0.87586
0.354867	-0.784473
0.278376	-0.823882
0.449975	-0.990001
0.766452	-1.04129
1.30084	-1.14569
1.23505	-0.754755
1.36524	-0.834511
1.21938	-0.68432
1.13174	-0.786046
1.20778	-1.00224
1.65946	-1.29215
1.14846	-0.661747
1.38468	-0.789566
1.32071	-0.817697
0.583266	-0.280921
0.0992244	-0.123854
0.0181973	0.000277638
0.324867	0.0998876
0.591907	0.229754
0.504317	0.0145965
0.56142	-0.0157071
0.245406	-0.181441
0.438562	-0.0700057
0.60821	0.198193
0.622336	-0.0244994
0.539048	-0.00183326
0.587962	-0.0976841
-0.200902	-0.640773
-0.198373	-0.792421
0.095112	-0.630062
-0.150953	-0.495064
-0.397956	-0.68348
-0.358719	-0.563933
-0.534516	-0.566702
-0.62385	-0.620944
-0.761955	-0.770255
-0.542321	-0.737863
-0.149292	-0.818281
0.28519	-1.05546
0.740381	-1.0286
1.06491	-1.04469
1.40797	-1.1746
1.74119	-1.29832
1.78843	-1.35531
2.06524	-1.99824
1.65715	-1.83483
1.1874	-1.52698
1.25796	-1.48893
1.18648	-1.43291
1.24792	-1.46323
0.935024	-0.995499
0.986063	-0.91653
1.10762	-0.769791
0.970283	-0.75534
1.02164	-0.781662
0.650367	-0.483023
0.761027	-0.409756
0.578246	-0.247043
0.759263	-0.26975
0.904735	-0.544591
0.955621	-0.371535
-0.0559593	0.38362
0.300262	-0.0117007
0.404075	-0.27671
0.712053	-0.522685
1.09468	-1.08009
1.76054	-1.882
2.34167	-2.26964
2.62585	-2.41345
2.18933	-1.96582
0.897243	-0.936983
0.671622	-0.827179
0.740103	-0.95416
0.448761	-0.688917
0.567658	-0.805112
0.498302	-0.791154
0.530594	-0.658253
0.72951	-0.22336
0.669101	0.11959
0.69585	0.260851
0.598551	0.460885
0.606385	0.447436
0.621409	0.320609
0.546963	0.120567
0.911021	-0.507701
0.903333	-0.863381
0.981536	-1.18323
0.879766	-1.04423
1.14702	-1.37768
1.20705	-1.31581
1.46703	-1.51401
1.59575	-1.60923
2.07936	-2.08686
1.56661	-1.63665
0.533316	-0.510709
0.794694	-0.929497
1.11855	-1.39582
1.21235	-1.38059
0.877047	-1.02772
1.20817	-1.48863
1.02085	-1.38009
0.756873	-1.15667
0.750273	-1.21055
0.754344	-1.14152
0.84608	-1.04636
1.11057	-1.33241
0.621055	-0.53051
0.627711	-0.359046
0.455769	-0.00278092
0.725482	0.260507
0.683398	0.368593
0.415699	0.105065
0.36115	-0.0531702
0.455924	0.349959
0.538091	0.353544
0.509209	0.156085
0.541883	0.298114
0.658012	0.244399
0.457164	0.215364
0.75536	0.407097
0.735633	0.513423
0.352972	0.148547
0.621019	0.343516
0.734535	0.522011
0.889703	0.504226
0.669203	0.327874
0.825956	0.140862
0.896634	0.251639
1.06992	-0.211884
1.48846	-0.559627
1.19207	-0.488957
1.31455	-0.558877
1.16895	-0.534526
0.838875	-0.127546
1.19928	-0.413684
1.16669	-0.552509
1.06732	-0.282224
1.07697	-0.308865
1.08417	-0.361479
1.13487	-0.28263
1.1144	-0.353904
1.16947	-0.57794
1.07743	-0.429294
1.10662	-0.518058
0.846806	-0.148688
0.947092	-0.316442
1.06652	-0.341589
0.841906	-0.203678
0.680469	-0.00467141
0.968349	-0.279309
1.12568	-0.470623
1.03644	-0.205921
1.11127	-0.584459
0.849161	-0.0753282
0.757698	-0.0139034
0.808782	-0.223538
0.927613	-0.43852
0.57724	-0.071726
1.04228	-0.324379
0.903138	-0.305096
0.85948	-0.425436
0.752965	-0.157078
0.961271	-0.399331
0.834182	-0.239012
0.617212	-0.0444674
0.955949	-0.283036
0.676853	-0.145779
0.504762	-0.21692
0.233609	-0.200694
-0.560775	-0.821629
-0.502767	-0.827724
-0.435403	-0.889453
-0.463537	-0.933014
-0.306043	-0.846819
-0.272551	-0.922504
-0.258067	-0.885463
-0.308176	-0.901009
0.198108	-0.869336
1.29193	-1.6412
1.26529	-1.44606
1.16035	-1.3893
1.06795	-1.34084
1.33108	-1.44006
1.35556	-1.08363
1.48795	-0.902389
1.8566	-1.28198
1.45062	-0.717663
1.42305	-0.601786
1.44572	-0.551177
1.5292	-0.831878
1.24298	-0.48059
1.15033	-0.729357
0.118382	0.0840163
-0.306653	0.310063
-0.110034	0.282336
0.214882	0.276964
0.55723	0.0670813
0.450618	-0.35234
0.692458	-0.123804
0.700068	-0.105713
0.834698	-0.20703
0.983034	-0.43412
0.722447	-0.13441
0.896482	-0.601037
0.956431	-0.868504
1.89119	-1.87394
1.1908	-1.0937
1.09922	-0.918781
1.19743	-0.847472
1.1089	-0.689583
0.517901	-0.260327
0.611132	-0.402715
0.726027	-0.534514
0.798612	-0.568765
0.687181	-0.440684
0.989894	-0.780081
0.98177	-0.828814
0.864051	-0.702766
0.98782	-0.773297
0.928624	-0.635841
0.673992	-0.432374
0.957917	-0.593219
2.32441	-1.55991
1.41085	-0.822528
1.70353	-1.17292
1.45677	-0.904619
1.68051	-1.153
1.26407	-0.609159
1.5188	-0.988606
1.49384	-1.1391
0.79204	-0.965375
1.71247	-1.66573
2.01456	-1.72281
2.31663	-2.09305
2.16209	-1.88936
1.88948	-1.43195
1.24369	-0.341955
0.74921	-0.362886
1.683	-1.33783
1.57193	-1.07355
1.52146	-0.903567
1.695	-1.16963
1.59586	-1.07902
1.62995	-1.14679
1.60868	-1.08108
1.41438	-1.01439
0.95287	-0.998343
1.02364	-1.09251
0.828813	-0.980694
0.609737	-0.849481
0.70575	-0.952917
0.703293	-1.02698
0.888685	-1.04317
0.908562	-1.01886
0.787956	-0.671916
0.567817	-0.52078
0.665626	-0.240694
0.458185	0.170621
0.784537	0.0200639
0.900377	-0.0303324
0.828413	-0.194956
1.34547	-0.94575
1.45766	-1.30503
1.52635	-1.41647
1.32164	-1.15807
1.16833	-1.0893
0.977118	-0.93627
0.640993	-0.15168
0.114717	-0.113519
0.154434	-0.220348
0.480615	-0.383982
0.645668	-0.170875
0.817552	-0.198442
0.670164	0.0978874
0.897466	-0.384101
0.686252	-0.274719
0.914476	-0.18275
0.692748	0.107861
0.447678	0.392594
0.514537	0.375214
0.326634	0.331971
0.746271	-0.0556548
0.670955	0.029183
0.694713	0.00733879
1.04515	-0.65313
0.808745	-0.405448
0.845901	-0.506946
0.352936	0.0404155
0.592041	0.134803
0.467321	-0.0382255
0.486408	0.011269
0.476936	0.0434659
0.741429	-0.123253
0.840379	-0.260572
1.47816	-1.31013
2.3686	-2.42127
2.44497	-2.04634
1.67625	-1.18
1.7839	-1.54216
1.73068	-1.62774
1.46546	-1.41113
1.58396	-1.58679
1.12153	-0.844707
1.27435	-1.01135
1.03776	-0.69502
0.829425	-0.466914
0.75817	-0.411615
0.93078	-0.594194
0.637022	-0.276755
0.578479	-0.268136
2.01839	-1.79033
1.55533	-1.24843
1.46379	-1.15002
2.20934	-2.08285
2.13977	-2.01411
1.32174	-1.11873
1.0205	-0.940573
0.804952	-0.832949
0.306559	-0.331832
0.50265	-0.378136
0.372303	-0.414011
0.205811	-0.327905
0.128776	-0.37947
0.0333774	-0.399328
-0.000136253	-0.477129
0.130665	-0.61959
0.239461	-1.01578
0.370677	-1.02769
0.603196	-0.854436
1.02327	-0.82799
1.39137	-0.972303
1.39253	-0.711899
1.49778	-0.922299
1.33217	-0.722291
1.22908	-0.729612
0.396354	-0.488878
0.02028	-0.663177
1.43068	-1.27737
1.22335	-0.938285
1.2354	-1.0017
1.02948	-0.776621
1.37042	-1.12314
1.09631	-0.852468
0.680841	-0.571085
0.211425	-0.505826
0.220461	-0.748944
0.273923	-0.580933
0.812812	-1.05996
0.714361	-1.06009
1.04054	-0.983341
1.06342	-1.04341
1.40224	-0.929075
1.40737	-1.04019
1.23312	-0.667579
1.3484	-0.398458
0.929128	-0.128617
0.623655	0.0342437
0.708238	0.0238363
0.818507	0.173813
1.33787	-0.557262
1.29691	-0.718713
1.14148	-0.47196
0.833909	-0.133004
0.897056	-0.252888
0.943564	-0.192549
0.85702	0.00247529
0.974247	-0.088347
1.13857	-0.510644
1.1052	-0.553186
1.14037	-0.342697
1.40834	-0.754624
0.656463	-0.255018
0.845718	-0.330503
0.753274	-0.0934897
1.05086	-0.517095
0.714957	-0.114801
0.983702	-0.107561
0.90287	-0.0744886
1.04404	-0.353436
1.13595	-0.536208
1.14973	-0.431036
1.19999	-0.641096
1.14306	-0.291893
1.50873	-0.852209
1.59725	-1.06592
1.72964	-0.803527
1.91117	-1.12123
2.15209	-1.53198
2.21389	-1.66239
2.31043	-1.97067
1.82273	-1.49255
1.68303	-1.44838
1.61099	-1.40436
1.74968	-1.87339
1.46535	-1.70303
1.3688	-1.7387
1.5621	-1.6912
1.52695	-1.63163
0.360007	-0.556183
0.647032	-0.455523
0.339428	-0.269625
0.199406	-0.465861
0.544376	-0.494897
0.416114	-0.242901
0.507164	-0.51689
0.245954	-0.395309
0.568049	-1.00179
0.808119	-1.38018
0.89006	-1.5779
0.901598	-1.5744
0.596937	-1.36752
0.527893	-1.33803
0.567388	-1.36085
1.03833	-1.67326
1.37485	-1.69607
1.39757	-1.667
1.55564	-1.87065
1.55826	-1.79934
0.754107	-0.896202
0.340049	-0.771632
0.688149	-1.20366
0.733115	-1.16399
0.752871	-1.17658
0.774059	-1.18976
0.819629	-1.1242
0.621677	-1.05939
0.117249	-0.619257
-0.0802183	-0.379663
-0.151472	-0.263529
0.155548	-0.16281
0.31973	-0.437432
0.0584214	-0.800969
0.112665	-1.07318
0.169677	-1.2327
0.19526	-1.17033
0.338559	-1.11366
0.601167	-1.09503
0.953044	-1.06279
1.17312	-1.01705
1.25709	-0.818563
1.18736	-0.622837
1.17863	-0.585939
1.13422	-0.563795
1.199	-0.724035
1.21699	-0.793901
1.37911	-1.1604
1.97203	-1.90476
2.89933	-2.94284
2.74603	-2.80786
1.31316	-1.51922
0.809019	-1.08443
0.63308	-0.868605
0.693603	-0.974295
0.717143	-0.943086
0.879812	-0.985429
0.99474	-0.927973
1.41381	-1.31992
1.03659	-0.563542
0.885783	-0.188665
0.911166	-0.100944
0.747743	0.240141
0.762773	0.180064
0.44944	0.533409
0.342866	0.435955
0.584323	0.357137
0.546688	0.316483
0.618036	0.451317
0.925558	-0.00678959
1.21922	-0.284684
1.1221	-0.235659
1.13458	-0.439538
1.19027	-0.828835
0.99212	-0.978562
0.524655	-0.934054
0.596523	-0.851067
0.921019	-0.403052
0.900252	-0.468401
0.952863	-0.427038
1.12121	-0.626255
0.743243	-0.362711
0.324384	-0.653716
0.251951	-0.710162
0.529015	-0.827646
0.706518	-0.813917
1.03419	-1.00758
1.23002	-1.0941
1.35302	-1.1357
1.50644	-1.21133
1.90885	-1.64362
1.88855	-1.64172
2.14885	-1.97028
2.61514	-2.53359
2.63702	-2.59266
1.77421	-1.51546
1.34957	-1.01007
1.36676	-0.921338
0.979523	-0.494829
1.1325	-0.76817
1.38269	-0.893483
1.25357	-0.70766
1.17123	-0.792697
1.01166	-0.591744
1.01368	-0.548445
1.1815	-0.48919
1.00386	-0.329671
0.879348	-0.134574
0.842622	-0.154208
1.01969	-0.23661
0.760537	-0.331778
0.676405	-0.3692
0.798037	-0.474231
1.21216	-0.612719
1.25535	-0.76661
1.26633	-0.814347
1.0455	-0.828202
0.877588	-0.337829
0.838708	-0.183418
1.06042	-0.685911
1.15129	-0.579341
1.06079	-0.235806
1.20286	-0.41968
1.15638	-0.492805
1.171	-0.570503
1.15919	-0.463285
1.06222	-0.399982
0.916989	0.0134602
0.90352	0.103114
1.14101	-0.498132
1.18	-0.527562
0.831131	-0.227559
0.97854	-0.429801
0.938273	-0.0604751
1.02267	-0.482954
0.928796	-0.289535
0.991153	-0.361108
0.742218	-0.138429
0.908779	-0.106445
0.487965	0.28609
0.854027	-0.534833
1.06758	-0.735179
0.781083	-0.109119
0.813616	-0.137861
0.957289	-0.524011
0.7423	-0.633716
1.13819	-1.3448
1.18934	-1.45457
0.963935	-1.1188
1.07307	-1.30996
0.895783	-1.10521
1.11966	-1.41213
1.28486	-1.51748
1.14753	-1.07918
1.36817	-1.19606
1.27479	-1.20147
0.825779	-0.999758
0.776892	-1.16731
0.607159	-1.19174
0.445449	-1.04701
0.390261	-0.955896
0.392826	-0.994306
0.475945	-1.04613
0.623542	-1.04962
0.798172	-1.03834
0.85787	-0.779727
0.832028	-0.639864
0.927423	-1.03319
0.983843	-1.08204
0.720554	-0.782083
1.08773	-0.931657
1.40511	-1.52961
1.45139	-1.64434
1.36097	-1.57721
1.1694	-1.31902
0.987167	-1.16165
0.843874	-1.06347
0.656479	-0.954986
0.555136	-0.894367
0.49464	-0.887728
0.980063	-1.07583
0.810318	-0.783391
0.626606	-0.338431
0.683693	0.282812
0.563548	0.128951
0.399159	0.109219
0.774827	0.342233
0.836958	0.414516
0.571909	-0.00388088
0.577386	0.0812454
0.956595	-0.387356
0.815484	-0.384652
1.02624	-0.62885
0.760964	-0.0511606
1.42905	-0.848714
1.14324	-0.679824
0.834778	-0.507482
1.35858	-1.05402
3	-3.29156
2.90315	-3.08159
2.78044	-2.86299
2.4725	-2.36009
2.1838	-1.91399
1.90327	-1.59691
1.74182	-1.39553
1.86767	-1.55194
1.54414	-1.1709
0.532951	-0.0524312
0.370759	-0.146942
0.750186	0.384508
0.480498	0.186528
0.220479	0.156098
0.4071	0.195481
0.277368	0.445861
0.354972	0.190263
0.484837	0.46519
0.62917	0.282809
0.833969	0.087771
0.864677	-0.282671
1.59633	-1.32234
1.86864	-1.81266
1.73033	-1.58761
1.42587	-1.25729
1.21459	-1.17677
0.914707	-0.948221
0.763563	-0.907165
0.793006	-0.868671
0.98609	-0.912756
0.700329	-0.56368
0.65301	-0.657071
0.436113	-0.638145
0.31678	-0.686705
0.332706	-0.7213
0.508167	-0.798205
0.892584	-1.00233
1.23306	-1.11727
1.51638	-1.27968
1.61804	-1.26659
1.79824	-1.42059
1.83394	-1.41051
2.07333	-1.68079
1.96684	-1.53162
1.75218	-1.27462
1.5129	-1.36064
1.81689	-1.8406
1.73333	-1.27966
2.02292	-1.4512
1.40225	-0.974709
1.43475	-1.0211
1.63381	-1.18625
1.51437	-0.819098
0.498742	-0.547779
0.738414	-0.56221
0.480783	-0.373409
0.426069	-0.228945
0.490204	-0.206582
0.441335	-0.135609
0.633587	-0.203657
0.765638	-0.279131
1.05672	-0.373256
0.905408	-0.632209
0.698655	-0.474123
0.941345	-0.554086
0.761073	-0.402243
0.809946	-0.404238
0.948505	-0.497837
1.03841	-0.766946
1.13035	-0.662198
1.19487	-0.97195
1.21445	-0.829031
0.597068	-0.0794709
0.743408	0.0380632
0.542265	-0.452663
0.232872	-1.08536
0.146178	-1.1447
0.222727	-1.17358
0.180136	-1.10352
0.287619	-0.96141
0.690246	-0.868686
1.26423	-1.24653
1.11546	-1.10016
1.11832	-1.21831
1.41092	-1.60577
1.17247	-1.35466
1.25434	-1.43359
0.885564	-0.9148
0.279273	-0.937214
-0.183772	-1.13366
-0.17109	-1.1965
0.0997944	-1.18289
0.182813	-1.16478
0.364269	-1.20292
0.498058	-1.27524
0.290969	-1.08382
-0.157729	-0.637388
-0.148094	-0.405506
-0.166864	-0.0606165
-0.0433468	0.284778
-0.262758	0.0827163
-0.0169677	0.197701
0.121699	0.1595
0.339521	-0.549291
0.886946	-0.666704
1.08424	-0.83736
0.960868	-0.726091
1.23338	-0.818977
1.54821	-0.842169
1.64311	-1.06893
1.52725	-0.874928
1.56727	-0.929501
1.89649	-1.33047
1.95391	-1.34298
2.00483	-1.38943
1.61656	-1.11075
1.2187	-0.703325
0.912542	-0.338861
1.15293	-0.762389
0.959208	-0.393771
0.878251	-0.240162
0.89221	-0.591978
2.09662	-1.76484
1.95002	-1.57521
1.95604	-1.73838
1.94825	-1.86192
2.39482	-2.56579
1.63549	-1.3435
0.769394	-0.477006
1.23437	-1.07388
1.52883	-1.16708
1.16393	-0.76191
1.0409	-0.597461
1.0512	-0.501072
1.02821	-0.437658
1.12833	-0.51385
1.28834	-0.820958
1.03734	-0.555231
0.954848	-0.42058
1.20475	-0.992737
1.47629	-1.25596
1.42606	-1.14976
0.907941	-0.174449
0.697256	0.233186
1.19246	-0.262819
0.764146	0.213207
1.22424	-0.536149
1.57689	-1.17264
1.61594	-1.40541
1.34235	-1.22405
1.53785	-1.53061
1.55217	-1.63464
1.50708	-1.52633
1.37907	-1.44869
1.35995	-1.4284
1.68815	-1.84535
1.18122	-1.35981
0.782455	-0.959407
0.0532026	-0.391253
0.290149	-0.00489666
0.258166	0.107172
0.0345201	0.035907
0.191565	-0.0760875
0.517388	0.303374
0.634571	0.140033
0.344706	0.0608834
0.718919	-0.136336
1.22293	-0.651929
1.3442	-1.13638
2.21246	-1.77381
2.27534	-1.79919
2.45762	-2.12176
2.27341	-1.95265
2.2993	-2.04262
2.03404	-1.66276
1.74454	-1.3458
1.75293	-1.26119
1.534	-0.968298
1.45397	-0.944204
1.81053	-1.21504
1.89086	-1.44228
2.01844	-1.52305
2.12681	-1.60108
2.40466	-1.98743
2.26718	-1.77971
2.54265	-2.16792
2.52785	-2.25088
1.97008	-1.46809
1.97479	-1.50436
1.61332	-1.00442
1.21791	-0.735391
1.29826	-0.800203
1.57479	-1.07952
1.49444	-1.12357
1.72192	-1.39445
2.17989	-2.02901
1.97542	-1.91649
1.93679	-1.97852
1.5266	-1.5886
1.0994	-1.00948
1.50222	-1.33138
1.52424	-1.25068
1.83957	-1.54814
1.84168	-1.50237
1.91834	-1.54278
2.00872	-1.64919
2.09691	-1.71043
2.2327	-1.82809
2.24808	-1.85147
1.93841	-1.40866
2.15779	-1.68235
2.44062	-2.06938
1.85314	-1.32443
1.87502	-1.28963
1.27077	-0.509941
0.821338	-0.16026
1.26069	-0.672802
1.35222	-0.719069
1.21723	-0.709924
0.808155	-0.352272
0.494013	-0.0605015
0.52681	-0.425455
0.709049	-0.440538
0.977602	-0.258911
1.04732	0.00391602
0.894528	0.194559
0.892057	0.0359005
0.809188	0.225038
1.01564	0.165689
1.04132	0.0302822
1.02036	-0.464202
1.83386	-1.62514
1.71857	-1.50536
1.97652	-1.78461
2.13537	-1.94145
2.01675	-1.75916
1.91117	-1.6601
1.8317	-1.5182
1.49798	-1.23472
1.46695	-1.22727
1.75949	-1.75128
1.18711	-1.08314
1.47002	-1.38971
1.36051	-1.05035
1.01416	-1.00071
0.990443	-0.978332
0.756697	-0.415357
0.517657	-0.150684
0.84256	-0.442228
1.01194	-0.673104
1.2389	-0.922409
1.27915	-1.09115
1.43169	-1.25528
1.66637	-1.50099
2.11615	-1.87498
2.37645	-2.13017
2.37572	-1.90659
2.66814	-2.39891
2.71134	-2.45463
2.27486	-1.89305
1.87708	-1.56442
1.34635	-1.03991
1.7461	-1.70382
1.40214	-1.21842
1.28768	-1.00527
1.58534	-1.30768
1.77649	-1.63824
1.02716	-1.01176
0.504596	-0.872181
0.446021	-0.9464
0.452482	-0.926343
0.494493	-0.926402
0.894516	-1.34115
1.34399	-1.71054
1.90388	-2.15795
1.29844	-1.62954
0.992337	-1.07732
0.964359	-1.23907
0.889615	-1.04117
1.17503	-1.1548
0.954491	-1.04259
0.897409	-1.05581
0.786519	-0.844609
0.748184	-0.818748
0.720237	-0.802125
0.720232	-0.605187
0.648523	-0.413128
0.793636	-0.674733
0.921081	-0.537595
0.836894	-0.451182
0.739527	-0.443204
0.674857	-0.239873
1.01576	-0.416264
0.883041	-0.327265
0.829338	-0.0959969
1.01224	-0.356633
1.04434	-0.450711
0.934837	-0.188974
0.913235	-0.141406
0.902075	-0.212802
0.700769	-0.115017
1.04967	-0.274583
1.18713	-0.567251
0.9988	-0.41238
0.96854	-0.35308
0.851161	-0.0217338
0.809875	0.00247463
0.914626	-0.339387
0.67655	-0.190382
0.964007	-0.321468
0.764521	-0.339194
0.410326	-0.0738111
0.924096	0.522313
0.884447	0.259769
1.40774	0.802015
1.21083	0.546707
1.4364	1.00415
1.63664	1.11096
1.19174	0.483375
0.692198	-0.121222
0.632816	-0.67419
1.01974	-0.923233
1.19468	-0.756318
1.40714	-0.697285
1.71423	-0.987362
1.9428	-1.17717
2.14631	-1.44908
2.04227	-1.21797
2.22349	-1.80904
1.17183	-0.885484
0.874677	-0.589328
0.738345	-0.484473
0.738542	-0.490615
0.911939	-0.630003
1.18912	-0.879563
1.52844	-1.17066
1.47005	-0.876542
1.57295	-1.11437
1.61979	-1.29492
1.53186	-1.26857
1.36278	-1.17651
1.24666	-1.16068
1.26117	-1.35475
0.469789	-0.632366
0.549047	-0.318127
0.421423	-0.132444
-0.119638	0.0790422
0.171988	0.154383
0.470273	0.0813096
0.550978	0.215463
0.626722	0.2905
0.639304	-0.0382641
0.866907	-0.247836
1.01147	-0.466473
0.749832	-0.350803
0.696458	-0.306631
0.912923	-0.367305
0.603819	-0.101142
1.33741	-0.669955
1.29114	-0.627285
0.525706	-0.612935
0.598397	-0.478157
0.208457	-0.433844
0.367332	-0.674654
0.284704	-0.737473
0.563719	-1.15801
0.58618	-1.32582
0.541659	-1.32066
0.410641	-1.1514
0.152172	-1.04436
0.0736547	-1.05884
0.187454	-1.06238
0.243325	-1.05622
0.119845	-0.978811
0.211441	-0.921104
0.354602	-0.895469
0.603047	-0.928898
0.896953	-0.990584
0.92107	-0.825744
1.08999	-0.867826
1.54236	-1.29796
1.75272	-1.48645
1.82206	-1.52434
1.90708	-1.60691
1.74533	-1.28153
1.93172	-1.48644
2.25805	-1.99912
1.99579	-1.61342
1.85672	-1.4653
1.68057	-1.2144
1.60689	-1.09089
1.55232	-1.04036
1.34648	-0.679682
1.1994	-0.438557
1.39652	-0.699922
1.27821	-0.511913
0.83572	-0.0780878
0.958106	-0.240538
1.1269	-0.305388
0.946335	-0.132024
1.16973	-0.487328
1.12322	-0.479472
1.00066	-0.324422
1.04316	-0.449945
1.24456	-0.799782
1.93262	-1.80652
1.87847	-1.96352
1.70613	-1.92511
1.01642	-1.33545
0.931274	-1.1508
0.925915	-1.24209
0.866295	-1.27414
0.870758	-1.43832
1.04611	-1.65417
0.748519	-1.25075
0.989171	-1.35165
0.941911	-1.02665
1.48766	-1.44786
1.55425	-1.24075
1.261	-0.814305
1.27793	-0.751936
0.933601	-0.219178
1.06954	-0.269787
1.03583	-0.313865
0.865032	-0.105059
1.00456	-0.142077
1.22166	-0.438408
1.04358	-0.178247
1.08283	-0.3629
1.17388	-0.448772
1.05216	-0.501506
1.33894	-0.950373
1.55095	-1.35014
1.93799	-2.03183
1.40553	-1.47535
1.36367	-1.4133
0.836879	-0.781087
0.988664	-1.10902
1.10873	-1.14583
1.02586	-1.17491
0.967506	-1.15003
1.16236	-1.27512
0.951769	-1.03449
0.968655	-1.04998
0.773067	-0.706882
0.859835	-0.810378
1.00389	-0.868615
0.72693	-0.607895
0.65535	-0.666698
0.780377	-0.833582
1.11131	-0.304406
0.963228	-0.254814
0.897034	-0.17541
0.994925	-0.397736
1.05495	-0.450208
0.717567	-0.0763666
0.809862	-0.168729
1.21285	-0.610718
0.889575	-0.354352
1.08785	-0.535505
1.03461	-0.347172
0.720202	-0.265001
0.784902	-0.332255
1.01554	-0.328802
1.09436	-0.402864
0.94148	-0.389692
1.89938	-1.45684
2.17697	-2.02384
2.31188	-2.31385
2.40045	-2.48452
2.42578	-2.57984
2.43322	-2.66358
1.41572	-1.08594
1.66107	-1.37829
1.60643	-1.38418
1.36816	-0.949654
1.38409	-0.809811
1.44076	-1.08392
1.34366	-0.846225
1.37745	-0.41691
1.42795	-0.741933
2.13127	-2.27877
2.18279	-2.24617
2.40182	-2.45233
2.43337	-2.42142
2.57056	-2.56696
2.56697	-2.51543
2.66667	-2.60803
2.71082	-2.68686
2.75797	-2.6008
1.60813	-1.04344
0.694852	-0.298413
0.125625	-0.131911
0.617507	-0.522021
0.342048	-0.31658
0.538083	-0.331632
1.13781	-0.981835
1.8416	-1.71925
2.07143	-2.08877
2.15803	-2.13859
2.22552	-2.21414
2.22769	-2.2643
2.38836	-2.55312
2.5057	-2.84476
2.03366	-2.18871
1.62833	-1.4894
1.55331	-1.2085
1.37277	-1.07982
1.57931	-1.34648
1.50782	-1.10553
1.25776	-0.749294
1.40774	-1.07177
0.729412	-0.15046
0.676162	-0.0567651
0.430182	-0.291763
0.156188	-0.569338
0.562899	-0.987719
0.53337	-1.11784
0.730786	-1.36664
0.86618	-1.25356
0.735374	-0.770366
0.532917	-0.309653
0.593947	-0.246236
0.43643	0.0191661
0.571959	-0.083394
0.615127	-0.0377499
1.32916	-0.612478
1.06132	-0.294311
0.927891	-0.0414317
0.716551	-0.251083
0.864873	-0.445728
0.74916	-0.398437
0.437326	-0.02418
1.16906	-0.800717
0.85638	-0.604946
0.95695	-0.531261
0.738842	-0.316921
0.671548	-0.196334
0.66838	-0.291794
0.0103664	0.0125831
0.233971	0.0813518
0.797733	-0.21334
0.66949	-0.222261
0.811186	-0.448539
0.94068	-0.751308
0.839932	-1.02235
0.829789	-1.01413
0.920849	-0.899925
0.998692	-0.803216
1.1534	-0.753655
1.2282	-0.599506
1.13184	-0.435229
1.20711	-0.786637
1.37147	-1.1439
1.09364	-0.947746
0.925858	-0.88066
0.609619	-0.471659
0.529158	-0.454415
0.556475	-0.483282
0.681978	-0.563281
0.705866	-0.640415
0.649631	-0.641197
0.721738	-0.781151
0.479468	-0.516375
0.714404	-0.875867
0.715685	-0.810496
1.12116	-1.16551
1.24997	-0.605877
1.34992	-0.720437
1.67048	-1.15042
1.57053	-0.97997
1.7301	-1.17332
1.64073	-0.983461
1.97472	-1.44649
1.93688	-1.37983
1.94634	-1.46378
1.96283	-1.50492
1.83615	-1.349
1.6307	-1.1208
1.47576	-0.965462
1.40487	-0.983472
1.15704	-0.84104
0.852707	-0.63099
0.354503	-0.155428
1.1994	-0.982523
1.25969	-0.998519
0.636377	-0.567986
0.374519	-0.190182
0.280937	-0.29666
0.365668	-0.357169
0.181788	-0.131534
0.385909	0.184332
0.499919	0.341502
0.565114	0.291856
0.449479	0.152474
0.182501	-0.260296
0.228778	-0.120487
0.194016	0.0357015
0.419403	0.21893
0.558088	0.482853
0.365816	0.222635
0.434421	0.260217
0.578086	0.257448
0.55316	0.00256882
0.440546	0.340041
0.753198	0.157274
0.860568	-0.094395
0.79767	0.0847127
0.828064	-0.299219
0.959009	-0.0978249
0.774812	-0.041541
0.9294	-0.213901
1.2649	-0.481954
0.989668	-0.13611
0.845346	-0.121065
1.03892	-0.507904
1.07303	-0.364032
0.903516	-0.292086
1.17769	-0.46955
0.952197	-0.241039
0.656479	-0.0675476
0.977658	-0.466304
1.14027	-0.444228
1.0341	-0.377961
0.943842	-0.0618656
0.948815	-0.225501
0.999719	-0.213166
1.11428	-0.455999
0.991909	-0.35479
0.940277	-0.595389
0.648492	-0.596319
0.287235	-0.639765
0.00949992	-0.875816
-0.16649	-1.15641
-0.0852563	-1.24404
-0.169859	-1.29408
-0.00626371	-1.35089
0.448862	-1.30734
0.999014	-1.13082
0.929967	-0.921257
1.03699	-1.19555
0.967093	-1.16902
1.04044	-1.32882
0.506395	-0.79224
0.438324	-0.44095
0.593041	-0.649134
0.976651	-0.921133
1.12038	-1.02774
0.824766	-0.670499
1.1568	-0.500558
1.21536	-0.504715
1.13462	-0.552896
0.64946	-0.894353
0.406585	-0.651134
0.280488	-0.418623
0.31626	-0.457129
0.494142	-0.628609
0.81919	-0.617475
1.00099	-0.672266
1.05678	-0.577638
0.952198	-0.288433
0.823424	-0.057939
0.832818	-0.0367726
0.878166	-0.0692177
0.846131	-0.0508837
0.629588	0.12452
0.797229	-0.0796944
0.812623	-0.105986
0.993052	-0.24117
0.798608	0.13527
1.42479	-0.839517
1.47923	-0.868656
1.10967	-0.543521
0.948176	-0.472607
0.911634	-0.76525
0.818464	-0.966919
0.709074	-1.15454
0.498243	-1.17219
0.556495	-1.27008
0.621098	-1.32519
0.510855	-1.1645
0.567867	-1.11054
0.634103	-1.17131
0.698846	-1.04171
0.895816	-1.24929
0.6634	-1.19663
0.437502	-0.995434
0.328771	-1.12372
0.136584	-1.10344
0.102573	-1.00452
0.187204	-0.898617
0.391956	-0.911638
0.477174	-0.812549
0.686256	-0.803058
0.816792	-0.783655
0.883513	-0.794038
0.787244	-0.676731
0.667937	-0.600296
0.666716	-0.712388
0.7989	-1.11424
0.627448	-1.08217
0.270766	-0.895649
-0.100886	-0.824178
-0.439466	-0.683093
0.0259872	-0.997393
0.113645	-1.01261
0.269229	-0.74981
0.148431	-0.767306
0.0347382	-0.791934
-0.172296	-0.856674
-0.0154976	-0.797307
0.151696	-0.703044
0.824741	-1.03731
0.754547	-0.649619
1.00132	-0.703832
1.0149	-0.507573
1.15931	-0.530929
1.18973	-0.503852
1.04988	-0.424505
1.16773	-0.544509
1.44399	-0.983335
2.09506	-1.75876
1.72609	-1.17781
1.27384	-0.81449
1.04949	-0.514213
1.18487	-0.876157
1.234	-0.963282
0.952437	-0.442928
0.813045	-0.445059
0.499287	-0.140883
0.0622008	0.306358
0.0431144	0.330999
0.0273769	0.198034
-0.0194326	0.26964
0.403669	0.420449
0.533874	0.209285
0.719875	0.125633
0.289481	-0.599778
0.686266	-1.40162
0.823036	-1.57502
0.861447	-1.64262
0.746616	-1.40862
0.744524	-1.29085
0.860344	-1.28791
1.04435	-1.3752
1.25806	-1.48341
1.39535	-1.51364
1.11888	-1.10679
0.702995	-0.713941
0.1443	8.66961e-05
0.166203	0.202277
0.131772	0.297967
0.485804	0.240144
0.411183	-0.156529
0.712439	-0.46328
0.79326	-0.272316
0.838418	-0.433686
0.633573	-0.221449
1.23703	-0.711696
0.945022	-0.41324
0.626057	-0.130579
0.619594	-0.0348062
0.694645	-0.219802
1.2611	-0.808289
1.28522	-0.872983
1.86655	-1.48257
1.89659	-1.5771
1.93849	-1.79573
2.35544	-2.34363
2.42418	-2.35745
1.12393	-1.22935
0.708817	-0.931301
0.433996	-0.552379
0.477902	-0.426174
-0.11789	-0.521678
-0.417083	-0.397159
-0.475937	-0.0343559
-0.576728	-0.0584275
-0.526407	0.352169
0.345899	-0.184365
0.57417	-0.291708
1.88003	-1.88054
1.95687	-1.87992
2.01686	-1.90585
2.15863	-2.11362
2.38304	-2.47708
2.13506	-2.30539
1.9406	-2.15018
1.35508	-1.37822
0.325616	0.155843
0.656774	-0.128732
0.916476	-0.493911
1.64058	-0.887934
1.48783	-0.523098
0.245556	0.420931
0.280715	0.229721
0.449675	0.355072
0.641518	0.0405221
0.40143	0.146461
0.723977	-0.0623785
0.923479	-0.361939
0.782438	-0.304182
1.10979	-0.683368
1.04647	-0.495405
0.974534	-0.417623
1.04725	-0.491375
0.790281	-0.253442
0.93218	-0.537087
0.823779	-0.362904
1.58884	-1.62894
1.82942	-1.98134
0.562524	-0.587065
0.746882	-0.84972
0.896901	-1.0959
0.925696	-1.26145
1.0137	-1.35741
0.889973	-1.3488
0.722919	-1.17278
0.621854	-1.09974
0.693133	-0.993136
0.844781	-0.949027
1.21296	-1.0316
1.85371	-1.68411
1.65044	-1.40726
1.35105	-1.10764
1.46971	-1.29483
1.47348	-1.19571
1.04057	-0.878668
0.608136	-0.502857
0.618428	-0.715168
0.66221	-0.730074
0.708256	-0.9464
1.10269	-1.08882
0.757329	-1.07129
0.619521	-0.755425
-0.0353967	-0.100965
0.158221	0.338207
0.28973	0.428275
0.384375	0.256687
0.121474	0.178698
0.295638	0.0329116
0.569123	0.327883
0.352301	0.35875
0.277284	0.188564
0.467465	0.407831
0.56325	0.266393
0.745721	0.0673943
0.817581	0.217797
0.439625	0.414448
0.370083	0.594944
0.445808	0.32403
0.718763	-0.028862
0.925433	-0.224309
1.02623	-0.409133
1.00617	-0.454009
1.10595	-0.654755
1.01295	-0.358704
1.09037	-0.493596
0.863336	-0.134362
0.916178	-0.199238
0.650754	-0.228559
0.671124	-0.0394729
0.869568	0.0389785
0.951364	-0.125727
0.863115	-0.251387
0.822336	-0.106787
0.842882	-0.176079
0.758592	-0.135405
1.05677	-0.397758
0.856018	-0.199251
0.747517	-0.139543
0.829646	-0.0814588
0.821582	-0.29377
0.791135	-0.214286
0.656284	-0.278091
0.359151	-0.147697
0.549125	-0.465838
0.834236	-0.624461
0.942046	-0.635244
1.79115	-1.52136
2.14334	-1.68901
1.89331	-1.55496
1.30416	-1.33054
0.565583	-1.25382
0.683236	-1.35026
0.411826	-1.09028
0.363852	-1.02641
0.337232	-1.01116
0.320073	-0.967211
0.329223	-0.980368
0.488749	-1.0795
0.628469	-1.14564
0.806638	-1.21306
0.891124	-1.19545
1.04008	-1.16312
1.12873	-1.0309
1.37725	-1.13693
1.76873	-1.45423
1.64744	-1.03544
1.26744	-0.653809
1.69708	-1.08237
1.33286	-1.08984
1.43662	-1.26738
1.28995	-0.920308
1.43829	-0.995981
1.02474	-0.7655
1.24197	-0.994215
1.20825	-0.874689
1.44632	-1.00327
1.20842	-0.726383
0.680572	-0.233831
0.76181	-0.372277
1.35736	-0.923063
1.61587	-1.03142
1.37301	-0.869244
1.18048	-0.670337
1.097	-0.69739
1.41386	-1.34538
1.71834	-1.8391
1.93588	-2.02559
1.3483	-1.43419
1.87558	-2.06592
2.13411	-2.28257
1.99586	-1.88127
1.57541	-1.26485
1.37696	-0.988138
1.40139	-0.949752
1.43459	-1.12919
1.47226	-1.24203
1.25371	-0.945134
1.14852	-0.8877
1.06375	-0.555576
0.708913	0.00711752
0.659046	0.440126
0.859289	0.661021
0.931025	0.673697
0.59175	0.349393
0.636988	0.280158
0.756219	-0.163967
0.786667	-0.212067
1.00158	-0.137702
1.20855	-0.600235
1.715	-1.70184
1.62375	-1.54518
1.9986	-1.76461
2.00823	-1.77609
2.1281	-1.80486
2.12688	-1.67505
2.01752	-1.64824
1.49167	-1.19375
0.503016	-0.469076
1.20885	-0.996856
1.85943	-1.6102
2.41701	-2.39176
2.64459	-2.4862
1.95735	-1.54271
1.80257	-1.46237
1.9142	-1.35465
2.22523	-1.74322
2.11388	-1.40034
2.05761	-1.34821
2.15507	-1.49586
2.00897	-1.30611
2.10673	-1.49468
1.86692	-1.25775
2.02885	-1.57332
1.43643	-0.909565
2.06717	-1.31359
1.94001	-1.0024
1.67337	-0.758704
1.37388	-0.584564
2.00517	-1.80089
1.78076	-1.40714
1.65529	-1.3241
1.39897	-1.13269
1.25018	-1.18569
1.0402	-1.14901
0.838614	-0.995767
0.518893	-0.959891
0.121203	-0.94658
-0.321537	-0.6136
-0.432243	-0.759251
-0.424036	-0.858573
-0.0723257	-0.675709
0.0754465	-0.837556
0.0423283	-0.670495
0.130253	-0.531295
-0.101344	-0.682993
-0.227249	-0.664584
-0.248754	-0.804271
0.206724	-0.885171
0.323255	-1.11467
0.414583	-1.08608
0.640827	-1.21168
0.742979	-1.12658
0.835792	-1.10483
0.933018	-1.11191
0.98349	-1.09974
1.46596	-1.52279
1.64392	-1.48587
1.27646	-1.11904
1.16807	-1.16211
1.01063	-1.06882
0.984357	-0.953072
1.18167	-1.17472
0.915031	-0.966255
1.1962	-1.21984
0.777228	-0.827416
0.555601	-0.727471
0.655825	-0.889398
1.01585	-1.11694
0.968023	-1.12407
0.588954	-0.778045
0.607591	-0.534509
0.659579	-0.417004
0.77671	-0.475164
0.714953	-0.401324
1.01433	-0.308751
1.05589	-0.565005
1.02778	-0.386732
0.755434	-0.353678
0.689882	-0.184074
0.799983	-0.186312
0.795104	-0.206996
0.941686	-0.259207
1.13182	-0.425253
0.740658	-0.0268102
0.907282	-0.134138
0.781608	-0.0548792
0.895529	-0.158809
0.894892	-0.0970271
0.968988	-0.50205
0.72751	-0.215544
0.572191	-0.241284
0.788748	-0.430858
0.931228	-0.936876
1.12031	-1.38221
1.254	-1.37288
1.18607	-1.43639
0.848212	-1.16803
0.707776	-1.45357
0.292663	-1.24145
0.158797	-1.03228
0.0420009	-0.945423
0.267702	-1.2457
0.542252	-1.23184
0.990048	-1.1674
1.18916	-1.36979
1.11502	-1.28839
0.862756	-1.12559
1.05735	-1.33372
0.91827	-1.24511
0.906477	-1.29138
0.873996	-1.3058
0.712757	-1.05912
0.871604	-0.890346
1.21301	-0.613812
1.10295	-0.301751
0.865909	-0.0617291
0.441172	0.289344
0.278292	0.314443
0.261397	0.0798505
0.498742	-0.200457
1.06381	-0.80318
1.52539	-1.4996
2.69615	-2.91905
2.15173	-1.98244
1.25199	-0.932887
0.48187	-0.604697
0.232236	-0.674511
0.413298	-1.0316
0.397466	-1.11366
0.327251	-1.06819
0.294751	-1.02428
0.334312	-0.962423
0.449771	-0.961821
0.68609	-0.929876
0.92944	-0.869325
1.19781	-0.870859
1.2916	-0.773065
1.2905	-0.572537
1.34064	-0.618607
0.841844	-0.857145
0.902958	-0.811994
1.10361	-1.16325
1.0591	-1.02801
1.1935	-1.16138
1.06963	-0.918684
1.37766	-0.771339
1.39744	-0.512781
1.6791	-0.911932
1.80411	-1.17366
2.04663	-1.60515
1.99993	-1.58493
2.10285	-1.77453
1.94887	-1.59514
1.61733	-1.22679
1.58737	-1.30257
1.17682	-0.940081
1.86697	-1.80514
1.78648	-1.8267
1.8541	-2.02459
1.31399	-1.41008
1.15077	-1.32296
1.15071	-0.951622
1.14889	-1.21835
1.5398	-1.71903
1.57024	-1.8504
1.52301	-1.71614
1.52021	-1.58732
1.51942	-1.40385
1.46883	-1.14446
1.59049	-1.23758
1.61367	-1.22736
1.63591	-1.24569
1.63871	-1.15982
1.37725	-0.748411
1.09462	-0.294358
0.922345	0.105455
0.989818	0.0685763
1.26817	-0.0527965
1.58389	-0.484898
1.36098	-0.624292
1.20772	-0.485904
1.49662	-0.859578
1.62075	-0.908535
1.97843	-1.31237
2.25846	-1.95971
1.13762	-1.12028
0.758392	-0.876989
0.864891	-0.851078
0.753113	-0.9198
0.640469	-0.898826
0.460511	-0.663445
0.330753	-0.660903
0.40759	-0.771506
0.304127	-0.557796
0.0677037	-0.477131
0.0543084	-0.473816
0.108222	-0.489671
0.359428	-0.500729
0.663166	-0.329186
0.590029	-0.251006
0.959355	-0.406662
0.676976	-0.134136
0.72967	-0.136222
0.66095	0.148864
0.724313	0.0531955
0.781312	9.64847e-05
0.785678	-0.120653
0.996335	-0.45216
0.922835	-0.70511
1.44289	-1.4584
1.83879	-1.84939
2.12418	-2.13982
2.12765	-2.16934
2.15546	-2.11794
2.34407	-2.43922
2.13941	-2.07611
1.94348	-1.85219
1.69321	-1.56522
1.7084	-2.06237
1.58326	-1.73539
0.934571	-1.60479
0.81228	-1.1656
0.582965	-0.670746
0.463482	0.19698
0.328071	0.241906
0.0660826	0.119313
0.455712	0.367025
0.383456	0.26831
0.848833	0.693069
0.58843	0.26883
0.418534	0.21058
0.227888	0.20201
0.423408	0.190698
0.675226	0.449173
0.80329	0.570691
0.792325	0.690697
0.733605	0.592143
1.01741	-0.533871
0.792698	-0.0286933
0.840609	-0.223593
0.645728	0.0369954
0.743043	-0.0515892
0.861256	-0.254451
1.04647	-0.396832
0.926123	-0.217194
0.969396	-0.283183
1.02916	-0.415314
1.48695	-0.802871
1.778	-0.974319
1.4379	-0.599473
1.37588	-0.594629
1.36831	-0.916941
2.24087	-1.78417
1.77673	-1.25209
2.12956	-1.74225
2.25646	-1.60341
2.09088	-1.44843
2.17216	-1.78439
1.31144	-0.945569
0.137202	0.0830994
-0.256151	-0.133832
0.328608	-0.0429289
0.652249	0.140961
0.615153	0.0828926
0.502115	0.230761
0.3068	0.214352
0.27694	0.286257
0.175698	0.0988045
0.276648	0.302259
0.352152	0.272355
0.697546	0.403974
0.693634	-0.0264751
0.610464	-0.67528
0.840482	-1.4899
1.02026	-1.4626
0.962264	-1.21023
1.06167	-1.05429
1.26077	-1.10486
1.31618	-1.01486
1.38469	-0.976432
1.14179	-0.643362
0.99061	-0.543455
1.05682	-0.684502
1.00872	-0.744998
0.75067	-0.452146
0.750649	-0.4124
0.961026	-0.679925
0.8329	-0.569359
0.819914	-0.718351
0.604083	-0.68607
0.623009	-0.886917
0.59504	-1.133
0.427918	-1.21361
0.205773	-1.12371
0.183842	-1.08158
0.342879	-1.12327
0.351012	-1.01186
0.450562	-0.949941
0.608597	-1.06165
0.199067	-0.88732
0.201412	-0.412766
0.488949	0.254688
0.0608771	0.223468
0.270013	0.16641
1.07634	1.09328
0.959997	1.07171
0.459087	0.772312
0.416456	0.381041
0.399793	0.000464057
0.361172	-0.230925
0.500213	-0.0852692
0.580794	0.0646991
0.584151	-1.7242e-05
0.714359	-0.0653336
0.728296	-0.277772
1.20757	-0.0910468
1.56686	-0.71565
1.09118	-0.55443
0.553512	0.138464
0.341669	0.199132
0.417848	-0.0555979
0.351397	-0.351191
0.779899	-0.844824
1.14352	-1.24009
2.12732	-2.32764
2.11908	-1.98561
1.13682	-0.898619
0.755188	-0.684198
0.500441	-0.533488
0.34558	-0.330456
0.370993	-0.218182
0.235767	-0.157589
0.481413	-0.14635
0.520431	-0.108892
0.388302	0.0137408
0.344314	-0.152957
0.264886	-0.0628961
0.155112	-0.286014
0.986822	-1.16408
1.48724	-1.70785
1.13172	-1.36231
1.10111	-1.29933
1.03965	-1.26381
1.44875	-1.57806
1.54208	-1.53627
1.25604	-1.04689
1.22311	-0.920777
1.17151	-0.856754
1.20089	-0.932138
1.30679	-1.06366
1.51518	-1.33099
1.86294	-1.91557
1.80168	-1.85825
0.2878	-0.489206
-0.276175	-0.123043
-0.272243	-0.236733
0.0493638	-0.149032
0.285596	-0.185338
0.0349205	-0.107767
0.377093	-0.121589
0.360556	-0.401661
0.0258653	-0.668513
0.294134	-0.364062
1.40073	-0.82535
1.33138	-0.74613
1.32006	-0.855906
1.02942	-0.543448
1.13559	-0.543819
1.33943	-0.688456
1.16162	-0.555619
1.46983	-0.90422
1.90625	-1.67316
1.89462	-1.56239
1.89818	-1.5441
1.97968	-1.66938
1.82266	-1.45015
1.98453	-1.72276
1.92543	-1.71134
1.65226	-1.41288
1.48397	-1.33587
1.14062	-1.09341
0.81278	-0.96931
0.754553	-1.03527
0.573461	-1.02077
0.257441	-0.923817
0.121168	-0.902235
-0.107335	-0.895756
0.0856396	-0.998666
0.535993	-1.28347
0.90347	-1.10105
1.2914	-1.15174
1.15751	-0.761225
1.05632	-0.564715
0.988899	-0.624558
0.804291	-0.330388
0.987315	-0.651857
1.25767	-0.839497
0.930394	-0.477292
0.914939	-0.0459036
0.956956	-0.447638
0.687265	-0.845489
0.457968	-0.314484
0.9509	-0.803249
0.98387	-0.690118
1.02821	-0.528508
0.925783	-0.413553
1.05342	-0.607414
0.888449	-0.222216
1.1106	-0.604658
1.01128	-0.630885
0.879058	-0.349941
0.997305	-0.42045
1.0264	-0.613936
0.989747	-0.528637
0.779805	-0.332269
0.905854	-0.622264
0.528614	-0.986442
0.8864	-1.40968
0.85053	-1.33708
1.0294	-1.48803
1.15549	-1.59887
0.827336	-1.06111
1.38244	-1.63423
1.06618	-1.22214
0.390591	-0.335559
-0.0757642	-0.00531869
0.298075	-0.331936
1.3292	-1.23608
1.90519	-1.62795
2.10718	-1.86681
2.29089	-2.1439
1.99414	-1.71257
1.84341	-1.53273
2.20899	-1.97856
2.10262	-2.11351
1.12925	-1.45501
1.13885	-1.54033
1.25261	-1.5605
1.2996	-1.56271
0.962472	-0.981362
0.890165	-0.803708
1.27679	-1.11109
0.836388	-0.613665
0.99376	-0.834915
0.856882	-1.20682
1.52275	-2.06725
1.76723	-2.28436
1.69741	-1.97781
1.14161	-1.23188
1.39751	-1.65879
1.3048	-1.42448
0.425871	-0.301901
1.71061	-1.65841
1.36605	-1.23561
0.240533	-0.125504
1.29678	-1.05151
2.07482	-2.0466
1.88247	-1.9106
2.71505	-2.85016
2.62711	-2.41278
1.47759	-1.07833
2.2172	-2.05554
2.13499	-1.96187
1.58528	-1.3149
1.08413	-0.904
0.980843	-0.79833
0.74308	-0.671622
0.44916	-0.543146
0.11608	-0.430591
0.186198	-0.550438
0.348791	-1.04415
-0.009234	-0.974951
-0.288344	-0.974529
-0.356423	-0.931616
-0.326052	-0.819614
-0.525115	-0.566537
-0.400997	-0.909402
-0.460005	-0.932151
-0.545148	-0.937881
-0.426623	-1.06519
-0.165203	-0.992874
-0.134643	-0.995333
0.166916	-0.883953
0.243867	-0.880971
0.162982	-0.900699
0.0365553	-0.956134
0.0121878	-1.05458
-0.171624	-0.884832
-0.225259	-0.804024
-0.160322	-0.800194
0.0937683	-0.969202
0.04659	-0.874905
0.132616	-0.721458
0.339887	-0.772
0.639844	-0.767165
0.793652	-0.814644
0.81518	-0.625303
0.945038	-0.633162
1.02351	-0.676
1.23522	-0.781755
1.07654	-0.643888
0.951356	-0.486662
1.07153	-0.620201
0.606999	-0.196879
0.656555	-0.39419
0.270228	-0.173942
0.466296	-0.41181
0.290547	-0.244311
0.180389	-0.113139
0.583708	0.41407
0.937948	0.778384
1.04729	1.06294
0.866853	0.901637
0.665686	0.785617
0.801704	0.639017
0.692956	0.732271
0.648745	0.645667
0.940215	0.927616
0.729049	0.735165
0.872862	0.889044
0.58384	0.72729
0.471903	0.513122
0.467204	0.647927
0.44143	0.508747
0.261078	0.623787
0.281983	0.403921
0.49738	0.228389
0.568511	0.23315
0.661031	0.109826
0.794158	0.151481
0.954471	-0.0150739
0.692873	0.0219947
0.540677	0.254655
1.09491	-0.340631
0.83241	-0.0224472
0.836967	-0.169313
0.869224	0.0336157
1.02734	-0.457664
0.835939	0.149829
0.685525	-0.209261
0.963168	-0.381396
0.752336	-0.102742
1.0205	-0.458101
1.11498	-0.422538
0.873474	-0.44374
0.998311	-0.713495
1.13302	-0.942946
0.998088	-0.98462
0.919975	-0.75953
0.668068	-0.524312
0.665871	-0.100658
1.29697	-0.96323
2.15263	-1.78989
2.02567	-1.6884
2.08823	-1.78946
2.38152	-2.10933
2.34611	-1.981
2.63851	-2.53585
1.46008	-1.07149
0.175478	-0.181699
0.6271	0.0486994
0.991689	0.715652
1.2529	1.21167
1.05955	0.472154
1.00918	0.70587
1.29782	0.647445
1.23393	0.381913
1.20196	0.459696
1.15133	0.196932
0.810512	0.205912
0.843203	-1.12046
0.992253	-1.368
0.702732	-1.2269
0.619289	-1.14974
0.588329	-1.08441
0.648254	-1.12874
0.658801	-1.06879
0.74147	-1.13008
0.803198	-1.20935
0.875271	-1.31627
0.958973	-1.41047
1.14634	-1.40236
0.950736	-1.16635
0.895705	-1.04147
0.750085	-0.925698
0.862094	-1.01311
0.903604	-0.969967
1.02873	-0.865479
0.932357	-0.711645
0.825927	-0.763151
0.834021	-0.645108
0.948776	-0.756302
1.00487	-0.724036
0.962581	-0.529857
0.734076	-0.282344
0.844504	-0.545863
0.920221	-0.684666
0.837	-0.322897
0.683679	-0.143395
0.92228	-0.52943
0.919877	-0.260549
0.940983	-0.196342
1.40294	-0.983275
1.27781	-0.744573
1.33839	-0.741247
1.4845	-0.888378
1.56584	-0.996546
1.49797	-0.808286
1.46135	-0.83111
1.49674	-0.975009
1.77428	-1.57449
1.16416	-1.15033
1.17927	-1.20774
1.38571	-1.43687
0.287837	-0.640144
0.69856	-0.573359
1.31329	-0.994383
1.30155	-1.11638
1.22248	-1.11161
1.19045	-1.19127
1.11724	-1.03569
1.09113	-0.757284
1.39394	-1.59689
0.703505	-0.783216
0.503774	-0.505277
0.381833	-0.346817
0.493334	-0.370616
0.646784	-0.575268
0.613889	-0.599683
0.75924	-0.715667
1.049	-1.0203
1.49055	-1.53442
1.32066	-1.25971
0.429223	-0.60681
0.44957	-0.631557
0.546398	-0.711485
0.671007	-0.877385
0.886274	-1.103
1.02682	-1.2477
0.395391	-0.504986
-0.0448536	-0.224763
1.37163	-0.813762
1.51528	-0.729105
0.951537	-0.441179
0.88632	-0.435875
0.871414	-0.487494
1.06743	-0.601854
1.72092	-0.888975
2.22277	-1.50074
1.42328	-0.61191
1.66879	-0.967195
1.38661	-0.700848
1.1481	-0.46837
1.30545	-0.411558
1.3486	-0.441795
1.35865	-0.518048
1.80022	-1.59124
1.37037	-1.46441
1.53132	-1.67373
1.17852	-1.31724
1.03971	-1.01016
1.2111	-1.21958
2.14732	-2.21063
2.03546	-2.26537
1.49137	-1.46329
1.95588	-1.79294
2.05396	-1.88274
2.33722	-2.27033
1.96598	-1.80174
1.57437	-1.14313
1.59581	-1.06619
1.79564	-1.27356
1.82858	-1.29447
1.95806	-1.43762
1.96751	-1.42486
1.92304	-1.35559
1.77661	-1.18549
1.96255	-1.36203
1.80573	-1.14564
1.90293	-1.28404
1.89365	-1.26814
1.91148	-1.3048
1.49447	-0.846595
0.979753	-0.364041
1.94185	-1.58757
1.70241	-1.05089
1.57052	-1.06655
1.0833	-0.510948
0.91358	-0.319586
1.40995	-0.775879
0.751257	-0.24086
1.1298	-0.750382
0.760649	-0.478628
0.580397	-0.24474
0.540519	-0.32816
0.142438	0.00450077
1.23111	-0.927271
1.2761	-0.967867
1.27774	-0.934206
1.32742	-0.932809
1.31647	-0.865887
1.41006	-0.928405
1.40416	-0.926842
1.65527	-1.16667
2.07534	-1.59903
1.64419	-1.08017
1.49251	-1.01851
1.65695	-1.06577
1.58789	-0.883559
1.38028	-0.676573
1.45118	-0.628201
1.54399	-0.73461
1.12053	-0.410388
1.9508	-1.3307
2.12893	-1.4131
1.66176	-0.929579
1.64512	-0.878009
1.59623	-0.843097
1.45678	-0.7356
1.95745	-1.35507
1.86013	-1.27968
2.13274	-1.51837
1.88844	-1.07158
1.17293	-0.588228
0.356024	-0.286757
0.824553	-0.262386
0.866112	-0.236335
0.2951	0.16783
0.451905	0.11053
0.529574	-0.10688
0.570759	0.201586
0.648131	0.289382
1.07807	0.755369
1.08613	0.344307
0.798172	-0.124886
0.71846	0.1475
0.949329	-0.313209
1.1963	-0.809076
1.51499	-1.6625
1.22204	-1.33553
1.05526	-1.2818
0.808197	-1.16853
0.688899	-1.19466
0.498011	-1.11602
0.236657	-1.04007
0.0346806	-0.958196
0.182771	-1.04998
0.265974	-1.01094
0.394673	-1.05828
0.516216	-1.01526
0.796995	-1.06607
0.992648	-0.989764
1.12746	-0.755087
1.64453	-1.05973
2.03307	-1.19965
1.81966	-0.827042
1.61439	-1.20566
0.868414	-0.527948
1.0042	-0.751848
0.935705	-0.564174
1.02826	-0.704286
1.00628	-0.769818
1.0765	-0.570929
1.49449	-1.13604
1.00555	-0.524964
0.932066	-0.344227
0.74957	-0.387105
0.825407	-0.409383
1.06311	-0.653543
0.921458	-0.539445
1.0576	-0.593328
1.01283	-0.537486
0.819865	-0.0736258
0.681919	0.367335
0.366228	0.582283
0.520047	0.402503
0.499157	0.43375
0.409305	0.450568
0.79288	0.23912
0.612814	0.425705
1.17762	-0.286762
1.10681	-0.1365
1.35057	-0.456553
0.622553	0.00195501
0.852671	-0.460395
0.890373	-0.228298
0.737178	-0.0848261
0.883163	-0.248427
1.02414	-0.518784
0.894238	-0.511663
0.739194	-0.204921
0.765708	-0.37689
0.836667	-0.162686
0.896526	-0.145166
0.756979	-0.0287846
1.02959	-0.485766
1.00858	-0.341868
1.25144	-0.856361
0.690417	0.0406223
0.799284	-0.171047
0.825734	-0.233776
0.712559	-0.169799
0.904043	-0.237344
0.703318	-0.313357
1.13679	-0.897477
1.00996	-0.324098
1.13014	-0.162748
1.04931	-0.542965
0.949072	-0.539309
0.959423	-0.315868
0.910548	-0.401861
1.0152	-0.179605
1.09419	-0.172941
1.17901	-0.587636
1.05914	-0.352575
1.04998	-0.132003
1.09951	-0.247165
0.994039	-0.319464
1.03354	-0.179635
0.939798	-0.338589
0.954069	-0.227653
1.06485	-0.39174
0.969407	-0.31935
0.902231	-0.170583
0.881209	-0.325172
0.997361	-0.311009
0.708313	-0.0584759
0.984366	-0.116648
1.39316	-0.41098
1.44755	-0.497158
1.45028	-0.626137
1.59501	-1.14854
1.97871	-1.30896
1.81121	-1.24635
1.85436	-1.30623
2.09368	-1.64753
2.30905	-1.86569
1.95879	-1.75453
1.1632	-1.34996
0.89104	-1.13632
0.776524	-1.09775
1.04735	-1.34534
0.898862	-0.984684
0.872442	-0.886724
1.12188	-0.723551
1.00272	-0.552002
0.817677	-0.24975
1.07188	-0.652383
1.06395	-0.783577
1.26295	-0.805106
0.861202	-0.449759
0.500444	-0.128416
0.646634	-0.323691
1.30452	-0.981232
1.11507	-0.82024
1.04131	-0.73784
1.15211	-0.875218
1.31415	-1.16298
1.22718	-1.1067
1.25915	-1.09451
0.885385	-0.629138
1.21289	-0.793902
0.992965	-0.696769
0.487008	-0.0706751
0.0820711	0.0702489
0.661108	-0.215881
0.756679	0.0856549
0.986159	-0.00976716
0.674557	-0.291897
0.932119	-0.299538
0.948534	-0.393378
0.869729	-0.147001
0.860922	-0.374951
0.789293	-0.166572
0.931669	-0.227896
1.79676	-1.66476
1.83414	-1.70698
1.58836	-1.1981
1.58555	-1.57069
1.78869	-1.71595
1.82162	-1.62109
2.09694	-1.89706
2.60732	-2.62071
3.1319	-3.41075
2.61499	-2.57869
2.32027	-2.08624
2.26817	-2.04051
2.47763	-2.34764
2.19778	-2.02736
2.17067	-1.94404
2.23981	-2.07086
2.44388	-2.38737
2.26777	-2.03782
1.69043	-1.61419
0.823479	-0.75468
0.288772	-0.171791
0.187493	-0.339531
0.425814	0.0108118
0.639276	-0.0578645
0.571204	-0.00635117
0.380229	0.238192
0.63424	0.0147983
0.641837	0.194673
0.420087	-0.163246
0.654474	-0.502713
1.81629	-1.47851
1.75679	-1.44207
1.20381	-0.611488
0.733093	-0.0630656
0.89159	-0.319266
1.55069	-0.94243
1.96506	-1.38143
2.27933	-1.76163
1.91258	-1.3251
1.85393	-1.28275
1.68471	-1.08887
1.64478	-1.12365
2.22585	-1.87046
2.01692	-1.54507
1.63861	-1.12713
0.50182	-0.435631
0.530784	-0.411998
0.402153	-0.26451
0.368271	-0.0802524
0.381661	0.149552
0.304598	0.308769
0.243631	-0.0346963
0.440855	0.0279926
0.744253	-0.04466
0.823545	-0.14871
0.913709	-0.275524
0.834517	-0.145482
0.904462	-0.263231
0.693006	-0.263898
0.510696	-0.191077
0.351097	-0.357578
1.35469	-0.568765
1.55269	-0.739116
1.33369	-0.500058
1.3965	-0.669119
1.29707	-0.588808
1.33838	-0.582054
1.72231	-1.12367
1.54081	-0.861699
1.47897	-0.756709
1.51546	-0.828199
1.10982	-0.477627
1.59811	-0.976123
2.25362	-2.07881
2.3139	-2.12229
1.55244	-1.01768
1.88006	-1.95411
1.88522	-1.7443
1.17178	-1.25729
1.05084	-0.969561
1.21098	-1.06903
1.40141	-1.23682
1.59027	-1.42083
1.61554	-1.41527
1.72117	-1.53871
1.58476	-1.4026
1.6303	-1.44839
1.51777	-1.37773
0.684177	-0.534614
0.306746	-0.231733
0.0918797	-0.0530714
0.154219	-0.0910841
0.236601	0.00818176
0.220134	-0.0108875
0.248163	-0.393294
0.991235	-0.692192
1.80589	-1.5723
2.04477	-1.77185
2.15262	-1.85658
2.10885	-1.74334
2.48832	-2.20931
2.72443	-2.52556
3.00799	-2.80806
2.61312	-2.21926
2.21351	-1.75525
0.880343	-0.711437
0.615504	-0.569089
0.672562	-0.367736
0.346255	-0.0896153
0.509067	-0.40477
0.58537	-0.704536
0.695316	-0.733677
0.496656	-0.589789
1.35522	-1.08624
1.23357	-0.678142
1.1325	-0.659483
0.9632	-0.633897
0.778769	-0.411449
1.61369	-0.96317
1.71873	-1.07005
1.18374	-1.10573
1.55006	-1.65695
1.8759	-1.98086
1.8704	-1.84835
1.7635	-1.54353
2.01824	-1.86034
2.46543	-2.42572
2.48377	-2.39572
2.65518	-2.64511
2.6611	-2.59754
2.80963	-2.90157
2.28349	-2.09531
2.02145	-1.78841
2.20912	-2.00327
1.64371	-1.66403
1.2145	-1.39416
1.10193	-1.27757
1.11999	-1.33126
0.997938	-1.14946
1.10271	-1.23978
1.06611	-1.11859
1.39191	-1.37945
1.49527	-1.43661
1.34172	-1.17443
1.07326	-0.67449
0.444979	-0.142889
0.53868	-0.112215
0.532045	-0.447483
0.806883	-0.805
0.331797	-0.17549
0.471424	-0.197662
0.47803	-0.0119816
0.533835	-0.0829854
0.479796	-0.0954379
0.534832	-0.16645
0.509312	-0.473745
1.15575	-0.751489
1.3435	-1.12662
1.07421	-0.399241
0.874275	-0.303754
1.35628	-0.86609
1.84461	-1.34907
1.62478	-0.982861
1.60659	-0.909775
1.37888	-0.596438
1.81318	-1.26848
1.59203	-1.01048
1.66378	-1.10717
1.95847	-1.49697
1.53281	-1.53307
1.49079	-1.58263
1.51627	-1.61259
1.47591	-1.62192
1.71698	-1.85559
1.96583	-1.68755
1.75839	-1.40046
1.77279	-1.40726
1.92137	-1.55561
1.97395	-1.62236
1.82337	-1.36113
1.54525	-0.851522
1.21148	-0.331473
1.58122	-0.597389
1.57306	-0.577985
1.13963	-0.243712
1.42894	-0.578101
1.33994	-0.627412
1.33434	-0.539251
1.2276	-0.612193
1.61599	-1.11261
1.47744	-1.0924
1.71303	-1.63652
1.67853	-1.62734
1.45874	-0.95975
1.15675	-0.907384
1.03333	-0.559758
1.09019	-0.766549
1.12493	-0.733946
0.932255	-0.54174
1.12591	-0.559902
1.38766	-0.879511
0.941782	-0.865305
1.25576	-1.13134
1.21403	-1.36981
1.39288	-1.52276
1.45498	-1.51264
1.45532	-1.58193
1.19644	-1.41728
1.08374	-1.38574
0.0685857	-0.652239
-0.0166754	-0.888755
-0.107415	-0.578253
0.506963	-0.210136
0.729068	-0.0287284
0.935351	-0.00378877
0.994369	0.233614
0.696439	-0.0527906
0.722148	0.0979964
0.828714	0.0442713
0.938089	0.0213172
0.746184	-0.112503
0.79909	-0.619745
1.15585	-0.332058
1.01471	-0.282351
0.797396	0.132838
0.412569	0.44304
0.826301	0.0458565
1.15755	-0.190972
0.848393	-0.0855327
1.36018	-0.578856
1.53753	-0.860772
1.75252	-1.19426
1.95429	-1.45232
2.0886	-1.6263
1.85345	-1.25348
1.88858	-1.28225
1.89577	-1.21638
1.6723	-0.954876
1.88255	-1.23394
1.57708	-0.662825
1.3182	-0.612405
1.33052	-0.59767
1.10069	-0.309731
1.14454	-0.443398
1.39709	-0.723847
1.25015	-0.287791
1.99897	-1.44632
1.74338	-0.711254
1.46057	-0.654101
1.24606	-0.302771
0.798325	0.0130027
0.96612	-0.257501
1.2049	-0.632468
1.4954	-1.04429
1.24688	-0.975879
0.883647	-0.488121
1.03149	-0.623169
0.964496	-0.591456
0.830395	-0.39345
0.74151	-0.14788
0.781627	-0.119745
0.737806	-0.526395
0.944307	-0.835149
0.614202	-0.915208
0.75957	-1.34477
0.943925	-1.37955
0.563897	-0.958959
0.591622	-0.871317
0.710851	-0.750446
0.893945	-0.798128
0.90405	-0.713139
1.06482	-0.846013
1.20721	-0.957385
1.07878	-0.907603
1.29423	-1.23942
0.6055	-0.716178
0.197238	-0.597636
0.0325862	-0.513364
-0.0726371	-0.606443
0.0156957	-0.519725
0.71148	-0.774302
1.23579	-1.27786
1.46072	-1.40835
1.7448	-1.60324
1.61043	-1.42548
1.72586	-1.65421
1.09548	-0.983484
0.430436	-0.227209
0.192771	-0.441928
-0.11913	-0.362033
-0.188935	-0.509886
-0.0847515	-0.417182
0.0946064	-0.647652
0.257236	-0.566998
0.402706	-0.621922
0.609286	-0.612412
1.05065	-0.781774
1.47301	-1.16323
1.3772	-0.90832
1.22043	-0.580621
1.18195	-0.246276
1.02298	-0.307282
1.03242	-0.524601
1.57931	-1.12896
1.35164	-0.978132
1.43857	-1.26099
0.76649	-0.796853
0.803371	-0.821287
1.07347	-1.09333
1.09047	-0.996445
1.05847	-1.02163
0.676505	-0.65278
0.903508	-0.833073
0.958172	-0.801578
1.21058	-0.909532
1.87407	-1.40442
1.66657	-1.18883
1.61884	-1.15841
1.53503	-1.09076
1.39861	-0.915542
1.46773	-1.07934
1.3712	-1.09663
1.36104	-1.21162
1.41093	-1.30565
1.76811	-1.6232
2.02133	-1.97289
2.00147	-1.92021
1.86787	-1.88675
1.5814	-1.58781
1.31967	-1.01102
1.29776	-0.960476
1.17408	-0.930274
0.907984	-0.510771
0.580058	-0.278696
1.09161	-1.08167
1.90954	-1.95286
1.64563	-1.72055
1.50708	-1.44139
1.43454	-1.29762
1.28026	-1.2052
1.2702	-1.23084
1.14535	-1.05773
1.1173	-1.10229
1.05232	-1.07673
0.988424	-1.09418
0.787403	-0.879649
0.933362	-1.14301
0.743749	-1.00033
0.439674	-0.840185
0.72832	-1.09313
0.989185	-0.626769
1.05176	-0.66174
0.93629	-0.601451
0.798329	-0.54432
0.720938	-0.333855
1.05477	-0.420855
0.895238	-0.359984
0.774855	-0.220605
0.811965	-0.343269
0.795673	-0.378008
0.711063	-0.403552
0.965414	-0.375336
0.752027	-0.15823
0.70677	-0.159158
0.673694	-0.0136212
0.558911	0.367366
0.429771	0.256324
0.554487	0.516641
0.668264	0.234197
0.663159	0.336326
0.478159	-0.0166073
0.63522	0.169083
0.797458	0.0806551
0.783001	-0.0245207
0.839866	-0.200083
0.656985	-0.152847
0.681351	-0.169778
0.773974	-0.0903649
0.955453	-0.50002
1.03951	-0.549789
0.960127	-0.154123
1.10238	-0.146864
0.495639	-0.15242
0.791031	-0.0512055
0.737104	-0.0217297
0.807943	-0.0777848
1.01352	-0.032505
0.747269	-0.134454
0.692325	-0.0386568
0.760327	-0.156441
0.916096	-0.350189
0.88246	-0.437976
0.821985	-0.444813
1.07839	-1.07488
1.11202	-1.21588
1.26808	-1.4567
1.10586	-1.48162
1.06465	-1.37706
1.3517	-1.62475
0.283688	-0.96518
-0.0058136	-0.984105
-0.0585563	-0.790359
0.156659	-0.723352
0.319257	-0.766042
0.647538	-0.944754
0.802296	-0.922081
0.978912	-0.953227
1.15838	-0.975505
1.27071	-0.863735
1.35082	-0.902102
1.442	-0.891621
1.23119	-0.48843
1.67879	-1.0418
1.88208	-1.50321
2.23975	-1.96877
1.75448	-1.15113
1.44798	-0.624399
1.167	-0.421214
1.04942	-0.369646
0.555004	0.109802
0.675497	0.069281
0.93369	-0.287818
1.00046	-0.459238
1.42985	-1.091
1.22998	-0.954173
0.943575	-0.603531
1.26288	-0.870195
0.498749	-0.645933
0.591662	-0.643983
0.136886	-0.194074
0.0905236	-0.045713
0.651189	-0.696414
1.23075	-1.24939
1.16543	-1.15957
1.008	-1.18884
0.872951	-1.03895
0.571337	-0.724307
0.663055	-0.797518
0.563491	-0.655238
0.663406	-0.572635
0.645562	-0.289632
0.624759	-0.00919001
0.870115	-0.105003
0.851634	0.0547731
0.911027	0.115933
1.0712	-0.145892
1.16723	-0.506786
1.08788	-0.574703
0.953265	-0.445196
1.03467	-0.636843
0.845946	-0.544235
0.156437	-0.245789
1.08459	-0.64279
0.991957	-0.433681
1.02955	-0.440722
1.07082	-0.490503
0.962436	-0.507287
1.03653	-0.609603
0.936736	-0.432184
1.03284	-0.448721
1.02739	-0.659517
1.1409	-0.762251
1.32006	-0.975237
1.42292	-1.24541
1.48315	-1.4845
1.1665	-1.35084
0.691135	-1.12657
0.314015	-1.00919
-0.0525808	-0.887796
-0.212054	-0.896216
-0.381606	-0.904752
-0.411264	-0.864978
-0.350554	-1.01587
-0.133767	-1.05253
0.0583796	-1.04375
0.410319	-1.03754
0.907398	-1.0085
1.46766	-1.28816
1.74833	-1.17183
1.93159	-1.16986
1.61541	-1.02991
1.5456	-1.40206
1.03646	-0.874548
0.931611	-0.737683
1.07738	-0.951986
1.26751	-1.0155
1.00182	-0.707674
1.08009	-0.757299
0.636068	-0.437662
0.934664	-0.500365
1.37334	-0.469547
1.58312	-0.519406
0.896971	0.421105
1.05198	0.297884
1.92977	-1.01315
1.69565	-1.29819
1.83202	-1.66612
2.45465	-2.20749
2.54523	-2.15398
1.94123	-1.45565
1.62056	-1.0714
1.21489	-0.708803
1.01831	-0.631146
1.2546	-0.687118
1.26588	-0.733759
1.31778	-0.916584
1.01495	-0.479507
0.829599	-0.37461
0.714643	-0.0743662
0.66829	-0.362364
1.43589	-0.839808
0.975335	-0.300892
0.940123	-0.125911
0.822065	0.0354323
0.938931	0.0238888
1.24755	-0.155093
1.28702	-0.0620102
1.5543	-0.558977
1.39362	-0.772259
1.19748	-0.855934
1.52557	-1.04163
1.14239	-0.649621
1.67935	-1.00463
2.3739	-2.12032
1.28538	-0.650794
0.676313	-0.269754
1.08547	-0.744547
1.23996	-0.926505
0.890489	-0.412642
0.996301	-0.464121
0.662	-0.151921
0.862342	-0.120567
0.774351	-0.149917
0.724053	-0.572505
0.709784	-0.834092
1.30767	-1.71569
1.11566	-1.57433
0.906267	-1.39364
0.98845	-1.52778
0.760137	-1.33808
0.665974	-1.13884
0.71594	-1.08901
0.952892	-1.14166
1.09563	-0.980325
1.2764	-1.13853
1.50193	-1.30608
1.55047	-1.23731
1.20443	-0.998944
1.17993	-1.1285
1.10983	-0.932915
0.593928	-0.66834
0.674521	-0.709383
0.509429	-0.645237
0.606986	-0.588809
0.597474	-0.686981
0.678746	-0.820181
-0.0833692	-0.108846
-0.346295	0.317133
-0.194347	0.23343
0.257463	0.313116
0.438804	0.299802
0.395975	0.40848
0.526139	0.381035
0.448549	0.526155
0.531663	0.52433
0.584941	0.536628
0.725551	0.564929
0.700531	0.463282
0.691964	0.503468
0.677604	0.519798
0.583764	0.197866
0.843962	0.517004
0.981385	-0.281753
1.01647	-0.257272
1.01359	-0.396405
0.673815	-0.323425
0.685143	-0.459882
0.763642	0.181168
0.896599	-0.25923
1.00855	-0.301248
1.00032	-0.24324
1.22701	-0.552955
1.12219	-0.380823
1.19138	-0.55896
0.916673	-0.114572
0.882421	0.0806619
0.940473	-0.30687
1.21462	-0.28689
1.05079	-0.243527
0.926088	-0.269451
0.947975	-0.115787
1.10107	-0.21863
1.14309	-0.320072
1.12425	-0.0684356
0.958265	0.0315352
1.1555	-0.185961
1.24114	-0.334973
1.24055	-0.209825
1.27248	-0.288768
1.12641	-0.117781
0.99101	-0.100667
1.00866	-0.148157
0.71964	-0.0108902
0.971866	-0.200908
1.45274	-0.595699
1.48345	-0.54347
1.18416	-0.322654
1.35422	-0.78195
1.56582	-0.857637
1.51523	-0.742154
1.50585	-0.752557
1.24606	-0.574294
1.44397	-0.83254
0.963018	-0.263593
0.876683	-0.331333
1.36392	-0.65084
0.846262	-0.48067
1.18925	-1.2744
0.877175	-0.354575
0.114208	0.100225
-0.00957666	-0.00934361
0.310172	0.0526835
0.173014	-0.219822
-0.0484043	-0.0545582
1.07958	-0.707099
1.02297	-0.668968
1.30659	-1.04055
1.11708	-0.884718
1.23918	-0.942613
1.70841	-1.44091
1.7616	-1.44579
1.70758	-1.43652
1.64577	-1.36126
1.94742	-1.75177
1.83603	-1.5435
1.44725	-0.913237
1.58478	-1.23916
1.41115	-1.072
0.0833609	-0.147418
0.329684	-0.0818911
0.409708	-0.0756067
0.696015	0.459017
0.595196	0.460857
1.17221	1.09298
0.512135	-0.013225
0.869825	-0.0454403
0.716418	-0.0406726
0.473884	0.0471163
0.926598	-0.483641
0.712767	0.0318773
0.69899	0.0294013
1.18028	-0.123922
1.4151	-0.494287
1.28578	-0.621169
1.01689	-0.333888
0.771141	-0.37683
1.26299	-1.06678
1.97082	-1.90979
3.08451	-3.37303
2.32507	-1.9347
1.42153	-1.05937
1.1642	-1.04225
0.824391	-0.866958
0.644012	-0.71967
1.17776	-1.06927
1.36301	-1.2672
1.46592	-1.40464
1.2334	-1.12331
1.24706	-1.15918
1.25375	-1.14112
1.09589	-0.96199
1.04652	-0.900214
0.876563	-0.647349
0.965252	-0.802071
1.31328	-1.31457
1.16784	-1.19324
0.850136	-0.731663
0.761054	-0.885688
1.2499	-1.35964
1.23269	-1.14717
1.37755	-1.19848
1.51849	-1.28795
1.60436	-1.34621
1.5099	-1.16447
1.5355	-1.29254
1.6473	-1.46956
1.52107	-1.39828
0.804179	-0.360638
0.512993	-0.178569
0.11265	0.0325699
0.0602519	0.100326
-0.135358	0.152512
-0.134757	-0.243106
0.810117	-0.723213
0.94031	-0.992266
0.904803	-0.607173
1.1027	-0.801564
1.07722	-0.910014
1.09065	-0.947564
1.85856	-1.78815
1.3512	-1.45332
1.08651	-1.46103
1.01453	-1.44828
1.42025	-1.72325
1.35885	-1.5846
1.33859	-1.59747
0.584245	-0.717347
0.159163	-0.333642
0.094401	-0.276024
0.199494	-0.0847993
1.05726	-0.973543
1.91391	-1.68623
1.64827	-1.41261
2.0826	-1.89983
2.0486	-1.83639
1.8325	-1.49617
1.76134	-1.40639
2.18311	-1.96713
1.59198	-1.21693
1.14076	-0.930176
1.45534	-1.32037
1.15226	-0.865414
1.38042	-1.18738
1.10809	-0.977014
0.935301	-1.17824
0.1107	-1.06462
-0.35392	-1.03434
-0.496246	-0.858296
-0.560257	-0.929583
-0.589243	-0.914109
-0.618838	-0.976818
-0.602445	-0.950225
-0.332734	-1.08878
-0.0265641	-1.12996
0.0873884	-0.69327
0.259017	-0.471773
0.586122	-0.26614
0.653092	-0.425327
0.627869	-0.273123
0.787005	-0.365882
1.05563	-0.778699
0.903696	-0.690466
0.658328	-0.273131
0.749829	-0.318705
1.22192	-0.628927
1.36954	-0.952673
1.23307	-1.10071
0.465402	0.121167
1.21707	0.965627
1.29057	1.04998
0.659975	0.189681
0.563871	0.266466
0.549499	0.257802
0.711958	0.529288
0.708155	0.541705
0.577225	0.336838
0.633128	0.414208
0.47341	0.130579
0.55541	0.394358
0.70482	0.345307
0.837687	0.557316
0.539312	0.17508
0.887625	0.461965
0.865557	0.287135
0.897044	-0.0191287
0.985639	-0.141333
1.00505	-0.161568
0.902858	0.0119602
1.02205	-0.150193
0.945661	-0.250717
0.683129	-0.162116
0.619671	0.0630965
0.957126	-0.384308
0.990783	-0.175134
0.8829	-0.120197
0.902149	-0.325536
0.839886	-0.14247
0.774216	-0.238369
0.805698	-0.0631285
0.786911	-0.144563
0.516761	-0.0324543
0.870385	-0.194232
0.794764	-0.0929968
0.827282	-0.0386637
0.587697	0.0954317
0.738195	-0.016827
0.877895	-0.464197
0.646947	-0.354072
0.946619	-0.595909
0.710657	-0.509093
0.96462	-0.850739
1.54501	-1.40918
1.40368	-1.08266
1.27642	-0.934396
1.54414	-1.33737
1.31768	-1.35575
0.818347	-0.872774
0.789042	-0.898639
0.680873	-0.910975
0.766921	-1.03651
1.09709	-1.34386
0.609649	-0.615249
0.350739	-0.249182
0.572135	-0.439496
0.525408	-0.478336
0.674441	-0.321106
0.891215	-0.437317
0.832133	-0.350937
0.797042	-0.47582
1.59718	-1.10072
1.54776	-1.08857
1.68256	-1.2493
1.78284	-1.33292
1.71727	-1.21555
1.85313	-1.37284
1.99356	-1.58371
1.5734	-1.07272
1.60051	-1.24668
1.22734	-0.961196
0.76141	-0.43705
1.7743	-1.65049
1.53959	-1.48661
1.64832	-1.58832
1.87583	-1.58163
1.92551	-1.4851
1.52331	-0.729291
1.43247	-0.69072
1.23493	-0.503323
1.70366	-1.00886
1.32092	-0.766709
1.16007	-0.435126
1.0632	-0.574486
0.926762	-0.242692
1.01189	-0.604146
1.49449	-1.09602
1.78535	-1.31927
1.6691	-1.25618
2.13363	-1.95782
1.91784	-1.68798
1.4888	-1.09265
1.34887	-0.929155
1.34742	-1.01945
1.60409	-1.39512
1.95322	-1.8277
1.7814	-1.57994
1.91316	-1.71843
1.87197	-1.63834
1.74179	-1.47141
2.11132	-1.94414
2.02037	-1.82333
2.12906	-1.97177
2.20927	-2.12391
1.8138	-1.57369
1.58097	-1.35182
0.72515	-0.405701
0.0882412	0.0456699
0.189001	-0.0978299
0.416072	-0.121917
0.631656	-0.175161
0.457085	-0.266484
-0.019758	-0.288633
0.121078	-0.0431036
-0.034807	0.104209
-0.0167286	0.160467
0.0821026	0.156441
0.360997	0.221231
1.2905	-1.14516
1.6447	-1.55027
1.42143	-1.4353
0.569192	-0.789605
1.15453	-1.1307
1.40697	-1.53226
1.20503	-1.33773
1.13115	-1.30435
1.11466	-1.30012
1.24628	-1.44339
1.15593	-1.39317
1.28788	-1.5245
1.25409	-1.52195
1.35155	-1.58732
1.40843	-1.6961
1.679	-1.88819
2.25389	-2.50446
1.40732	-1.60679
1.24149	-1.41307
1.18584	-1.26672
1.44701	-1.58233
1.0958	-1.08142
1.24515	-1.19
1.02055	-1.10306
1.13888	-1.26169
1.06595	-1.21461
0.830394	-1.046
0.546831	-0.689286
0.163169	-0.0835392
0.0748627	0.134595
0.636483	-0.250207
0.436626	-0.0986125
0.241765	-0.00313193
0.368039	0.17757
0.451813	0.353111
0.759698	0.594402
0.542272	0.415163
0.437138	0.233516
0.440883	0.364851
0.410148	0.541858
0.332085	0.196677
0.586138	0.427498
0.475142	0.428145
0.525161	0.272876
0.43368	0.350308
0.518316	0.291924
0.741401	0.35886
0.832563	-0.0236104
0.659274	0.0737106
0.914935	-0.12082
0.862513	-0.111185
0.847036	-0.28991
0.993277	-0.392496
0.852511	-0.189678
0.687477	-0.0776651
0.782788	0.0612196
0.635998	0.173406
1.04778	-0.365875
1.21055	-0.602515
1.04605	-0.37857
0.783977	-0.153788
0.889003	-0.284215
0.810657	-0.368378
0.807759	-0.395585
0.734613	-0.332541
0.725609	-0.2093
0.78347	-0.139716
0.635405	-0.0906997
0.750767	-0.372765
1.36848	-0.716738
1.29601	-0.547176
0.751637	-0.108292
0.485269	0.183486
0.929945	-0.131117
0.922161	0.126064
1.01631	0.235779
0.860919	0.4581
1.10202	0.082559
0.954369	-0.346249
1.03613	-0.676878
1.07689	-0.631909
0.983106	-0.401729
1.12512	-0.506413
1.21221	-0.437002
0.638876	-0.206145
0.995443	-0.500728
1.33306	-0.578389
1.26496	-0.251019
0.808683	0.138344
1.08462	0.27214
1.03461	0.0967326
1.36078	-0.168562
1.19569	-0.346942
1.22559	-0.264558
1.2934	-0.00915949
1.56928	-0.81114
1.39873	-0.857898
1.44297	-1.12055
0.870131	-0.495803
0.55114	-0.114269
0.901327	-0.381441
0.910585	-0.445103
0.513281	-0.0968173
0.829309	-0.319727
1.64169	-1.27657
1.71279	-1.39628
1.87928	-1.57959
1.8161	-1.39938
2.02042	-1.62008
1.97318	-1.54463
1.7354	-1.31033
1.50165	-1.13003
1.78462	-1.61605
1.48037	-1.2135
1.76407	-1.51849
1.33683	-0.946904
1.62243	-1.17214
1.63054	-1.25989
1.81395	-1.48714
1.75767	-1.4493
1.61151	-1.27524
1.72085	-1.41379
1.85226	-1.53155
1.82611	-1.531
1.42006	-1.27658
0.209367	-0.244857
0.188132	0.0100651
0.153287	0.0746746
0.095989	0.0230986
0.134406	0.162401
0.0369239	0.389041
0.304903	0.153803
0.234414	0.12031
0.253484	0.117811
0.894575	-0.17322
1.08242	-0.422668
1.05555	-0.488055
0.7532	-0.247344
1.01809	-0.50547
0.814879	-0.29295
0.879396	-0.250757
0.926557	-0.590353
2.37595	-2.12781
2.03402	-1.62829
2.06445	-1.79723
1.69374	-1.34281
1.51643	-1.16154
1.47492	-1.26965
1.23582	-1.18761
0.960582	-1.0411
0.760144	-1.01418
0.46983	-0.935472
0.360215	-0.980295
0.312783	-1.05391
0.471265	-1.18477
0.628505	-1.30543
0.932471	-1.48031
1.44037	-1.94596
1.22698	-1.59954
1.16379	-1.50337
1.16811	-1.41224
1.44559	-1.80723
1.27249	-1.70442
1.12958	-1.54318
0.918886	-1.27818
0.947936	-1.23681
1.22539	-1.47794
1.32028	-1.52604
1.39478	-1.57566
1.55028	-1.61229
0.515284	-0.428835
-0.103892	0.0986358
-0.119758	0.0559059
-0.130724	0.0509056
0.189194	-0.217418
0.0680822	-0.132316
0.0244306	-0.443626
0.0981038	-0.291337
0.330447	-0.371882
0.947409	-0.761613
1.75793	-1.54093
1.94944	-1.69776
1.95145	-1.62524
1.91841	-1.54077
1.91687	-1.49999
2.01881	-1.71922
1.38122	-1.03564
1.75674	-1.56703
2.12482	-1.90479
2.18893	-1.96666
2.27699	-2.10128
0.998496	-0.49574
1.74121	-1.31304
1.68041	-1.22253
1.84582	-1.42989
1.74302	-1.29608
1.6126	-1.1663
1.55509	-1.07402
1.87649	-1.42446
1.80458	-1.2189
1.24529	-0.647322
1.16248	-0.742554
1.1099	-0.364553
1.31655	-0.666499
1.34083	-0.793506
0.711524	-0.0847564
0.74183	-0.0637918
1.20907	-0.672661
0.909899	-0.310477
0.983984	-0.472829
1.05071	-0.550654
1.33192	-0.92271
1.6384	-1.27556
2.20129	-1.94164
2.68476	-2.51791
3.37081	-3.4768
2.9632	-2.57682
1.64195	-1.25541
1.22894	-0.982845
1.82115	-1.60078
1.77532	-1.62704
1.09977	-0.65627
1.21542	-0.793521
1.01026	-0.517983
1.144	-0.691295
1.18834	-0.819164
1.24447	-0.602496
0.896626	-0.116247
0.924249	-0.386072
1.63645	-1.3077
1.59546	-1.28023
1.4467	-1.09464
1.38105	-0.950488
1.33522	-0.978318
1.31113	-1.04454
1.07196	-1.09621
0.796039	-0.988167
0.972976	-1.02094
1.7172	-1.61411
1.49843	-1.37131
1.20101	-0.835906
0.957255	-0.437548
0.658688	-0.173658
0.846251	-0.3232
0.844885	-0.269966
0.675002	0.000766933
0.771962	0.0738417
1.1448	-0.131905
1.21944	-0.374337
1.23508	-0.434449
1.31573	-0.673326
1.27059	-0.689068
1.42236	-1.01208
1.56967	-1.36069
1.93762	-2.03684
2.20961	-2.37834
2.21111	-2.40842
1.91255	-1.94354
1.94389	-1.9046
1.2872	-1.05701
1.31996	-0.907898
1.28935	-0.678157
0.72199	-0.0170047
1.36241	-0.611848
1.57628	-0.780758
1.90099	-1.57965
1.31029	-0.942019
1.23123	-0.856524
1.02715	-0.488338
1.09524	-0.778825
1.26579	-0.823397
0.948412	-0.579887
0.768656	-0.481007
1.18403	-0.1467
0.7952	-0.691694
0.463536	-0.278303
0.475632	-0.198778
-0.236966	-0.925945
-0.267747	-0.862683
-0.183415	-0.955554
-0.0795542	-0.980135
-0.102048	-1.05811
-0.0320558	-1.09683
0.310667	-1.26021
0.709386	-1.28961
1.04731	-1.42062
1.02164	-1.35421
1.00517	-1.34559
0.922415	-1.16634
1.34466	-1.60986
1.16518	-1.35218
1.10466	-1.26759
1.06752	-1.24662
1.46988	-1.41531
0.716229	-0.629413
0.725383	-0.44035
0.341549	-0.344092
0.624156	-0.568799
1.13628	-1.00674
1.33976	-1.29156
1.39814	-1.26421
1.59804	-1.38961
1.60775	-1.30279
1.62606	-1.27742
1.61386	-1.24477
1.2217	-0.743494
0.768869	-0.42375
0.750566	-0.580633
0.553448	-0.104846
0.591986	0.422508
0.923579	0.369418
0.543381	0.0305189
0.648543	-0.26538
0.556628	-0.108844
0.768806	-0.0932494
0.913514	-0.169229
1.0562	-0.335209
0.23528	-0.890748
-0.100764	-0.959756
0.0333636	-1.09131
0.147903	-1.14996
0.490331	-1.24927
1.00098	-1.24076
1.27178	-1.18494
1.60532	-1.79008
1.66529	-1.92728
1.04938	-1.17049
1.34011	-1.43732
1.12559	-1.11572
0.386116	-0.160689
-0.221913	-0.0753574
0.174668	-0.270103
1.05662	-0.96099
1.9404	-1.92108
1.9703	-1.72963
2.07582	-1.83664
2.10179	-1.879
2.11176	-1.9086
1.99058	-1.77684
2.03888	-1.90614
1.70114	-1.49741
1.63915	-1.35311
1.43635	-1.03173
1.34013	-0.934216
1.80965	-1.53571
1.85355	-1.55891
1.9137	-1.64141
1.87606	-1.60921
1.85935	-1.65805
1.62081	-1.4358
1.365	-1.10806
1.32985	-1.02003
1.24809	-0.9652
1.43583	-1.21288
1.22603	-1.01575
0.895247	-0.885678
0.806014	-1.10321
0.418865	-1.05406
0.0627735	-1.13381
-0.0574058	-1.17901
0.477696	-1.19935
1.09425	-1.07071
1.31761	-1.3561
1.02755	-1.09638
1.0769	-1.12149
1.01154	-0.907034
0.472239	-0.40069
0.789012	-0.498221
0.859571	-0.42548
0.912107	-0.470734
0.926567	-0.72799
0.607288	-0.497915
0.277214	-0.976128
-0.162001	-1.08496
-0.277922	-1.09764
-0.316801	-1.10813
-0.339482	-1.11563
-0.0719877	-1.20012
0.200888	-1.21375
0.827047	-1.19016
0.917458	-0.980634
0.92586	-0.658881
0.78381	-0.501849
0.85774	-0.6052
0.792619	-0.321971
0.822836	-0.334826
0.937233	-0.374253
1.05015	-0.483008
1.23476	-1.26867
0.991743	-1.01383
1.12026	-1.11846
0.383093	-0.467756
1.05289	-1.11532
1.05713	-1.09013
1.07243	-1.10408
1.11223	-1.15347
1.16459	-1.20218
1.17584	-1.23047
1.1796	-1.23099
1.24224	-1.30498
1.20455	-1.3117
1.20061	-1.39114
1.25831	-1.39168
1.29949	-1.46101
0.966058	-1.19939
0.715525	-1.06542
0.929022	-0.954084
0.47683	-0.4113
0.335187	-0.194566
0.216313	0.126286
0.169956	0.0159933
0.492665	0.208881
0.318298	0.0656897
0.547751	0.0730532
0.678923	0.327185
0.65384	0.541917
0.704481	0.528038
0.583755	0.361406
0.767227	0.499608
0.570982	0.0605739
0.562976	0.277383
0.573186	0.126067
0.569299	0.438104
0.316461	0.251225
0.627725	0.0953356
0.709324	-0.0827012
0.628591	0.0835577
0.638481	0.139068
0.533505	0.282011
0.672108	-0.038208
0.953883	-0.318015
0.772546	-0.230714
0.921932	-0.192583
0.846204	-0.23813
0.947162	-0.300614
0.771834	-0.0592739
0.7865	-0.140901
0.771649	-0.406356
0.771001	-0.134832
0.956332	-0.051918
0.756843	0.0339605
0.895986	-0.261161
0.894401	-0.280478
0.981066	-0.265778
1.08543	-0.323231
1.16109	-0.365347
0.802275	-0.39189
0.877379	-0.222548
1.07449	-0.2565
0.879117	-0.202093
0.960174	-0.274224
0.577602	-0.0310553
0.865236	-0.568529
0.672982	0.153403
0.441464	0.143697
0.429832	0.125727
0.331133	0.0565481
0.462838	0.113162
1.27882	-0.95272
1.83314	-1.49289
1.99242	-1.55289
2.4463	-2.06085
2.45047	-1.98922
2.77191	-2.36763
3.08047	-2.78066
1.18445	-1.02922
1.03484	-0.897786
0.805508	-0.660277
0.884801	-0.707912
1.01345	-0.862146
1.30895	-0.749687
1.73127	-0.723193
1.77925	-0.981054
1.54815	-0.751976
1.50812	-0.801445
1.45711	-0.795437
1.213	-0.647575
1.10598	-0.815431
1.08492	-1.27201
1.15313	-1.41092
1.33105	-1.54957
1.24966	-1.54201
0.990969	-1.14401
0.677023	-1.03466
0.532523	-0.939663
0.614843	-1.05174
0.633689	-1.07291
0.623513	-1.00661
0.842213	-1.10872
0.823448	-1.08132
0.852396	-1.08629
0.833776	-0.865239
0.991736	-0.849274
1.14523	-0.916996
1.3873	-1.11558
1.70752	-1.46559
1.9786	-1.75106
2.04908	-1.80416
1.91402	-1.80918
1.77818	-1.67653
1.3829	-1.07598
1.21363	-1.01547
1.39803	-1.0125
1.15888	-0.748504
1.57313	-1.05129
1.643	-1.17187
2.01516	-1.73338
2.14069	-1.8953
1.67476	-1.34637
1.62078	-1.42375
1.33353	-1.18033
1.17874	-0.615786
0.703055	-0.596876
0.512989	-0.578493
0.445431	-0.252818
0.701337	-0.229356
0.71885	0.039297
0.619707	0.439239
0.769606	0.298196
0.744499	0.368356
0.839313	0.417659
1.01534	0.458332
0.710641	-0.0116192
0.911348	0.237032
1.04837	0.590843
0.813327	-0.304986
0.800033	-1.07495
1.26881	-1.62488
0.737371	-1.07034
0.740159	-1.2245
0.61925	-1.19534
0.765343	-1.42745
0.893016	-1.6343
1.1688	-1.98692
1.0849	-1.31305
0.834052	-0.740059
0.870292	-0.95002
0.755293	-0.800293
1.0171	-0.602721
0.97245	-0.658049
0.837429	-0.573386
0.872582	-0.646246
0.913246	-0.473378
0.648145	-0.396321
0.907591	-0.415032
1.01956	-0.736967
1.5097	-1.42433
1.66175	-1.55617
1.77612	-1.57568
1.69087	-1.41925
1.87604	-1.62574
1.92359	-1.68598
2.03311	-1.83861
2.07972	-1.90104
2.24114	-2.16229
2.06614	-1.9542
1.85485	-1.6299
1.813	-1.5337
1.89414	-1.60672
1.66782	-1.26727
1.80969	-1.42661
1.85274	-1.55564
1.38159	-0.923578
1.67862	-1.07731
1.70931	-1.36214
1.38487	-1.15655
1.38923	-0.953378
1.49307	-1.01512
1.10166	-0.811132
0.882861	-0.347925
0.900533	-0.298464
0.78796	-0.36249
1.24175	-0.699328
1.3701	-0.367493
1.29039	-0.0961233
0.460979	0.2568
0.482609	0.103566
0.944748	-0.352503
0.84527	-0.707098
0.917351	-1.08855
0.598128	-1.10865
0.341247	-0.970873
0.102788	-0.845022
0.0699837	-0.73756
0.225679	-0.927638
0.275085	-1.00658
-0.0611881	-0.858512
0.213233	-0.933871
0.221237	-0.836453
0.635881	-1.02296
0.958355	-1.14508
0.86314	-0.832928
0.873289	-0.661355
1.12707	-0.720675
1.2678	-0.812661
1.31147	-0.798912
1.35317	-0.810494
1.33115	-0.727053
1.29137	-0.694799
1.40553	-0.773179
1.3613	-0.706972
1.37177	-0.733377
1.34217	-0.694053
1.45728	-0.831221
1.27746	-0.53615
1.17983	-0.441876
1.25234	-0.472903
0.90862	-0.046688
0.810808	0.113297
0.60883	0.32833
0.475698	0.457567
0.555905	0.482978
0.839991	0.246241
0.615473	0.296352
1.24396	-0.169045
1.1358	0.114349
0.845787	-0.000933491
0.774114	-0.51698
1.31377	-1.06329
2.03935	-1.86773
1.09779	-1.01875
0.98023	-0.992972
1.12229	-1.07101
1.04174	-0.961496
1.05659	-0.952117
1.56497	-0.850634
2.02998	-1.10261
1.99607	-0.885201
2.10708	-0.991679
1.79149	-0.393044
1.6229	-0.197105
1.6608	-0.397615
1.39976	-0.109782
1.23343	-0.187107
1.55548	-0.686645
0.494388	0.0737021
0.934088	-0.289002
0.969199	-0.540523
0.894823	-0.485067
0.812473	-0.329298
0.904626	-0.414709
0.737843	-0.270117
1.05555	-0.522911
1.07568	-0.634973
0.333583	0.0627528
0.565299	-0.108075
1.08325	-0.592962
0.596442	0.0778207
0.558475	0.369207
0.695315	0.340519
0.722331	0.170402
0.800154	0.265375
0.880198	-0.208886
1.23077	-0.474477
1.36119	-0.361069
1.49215	-0.511602
1.02548	-0.0186382
1.32639	-0.672739
0.470435	-0.030186
0.894309	0.0289088
1.11842	-0.453855
1.09273	-0.0192649
0.846408	0.125131
0.68452	0.117504
0.691743	0.023174
0.939288	-0.127595
1.12058	-0.485861
0.973516	-0.516541
1.10122	-0.988968
0.933075	-0.764781
0.897737	-0.910021
0.671088	0.036205
1.03861	0.350079
0.819754	0.152851
0.71229	0.11057
1.00819	0.377726
0.933909	0.498099
0.795484	0.393822
1.08283	0.596124
1.04607	0.850698
0.739313	0.498959
0.769754	0.751403
0.792998	0.98312
0.499644	0.685282
0.927362	1.09649
0.48366	0.63191
0.172473	0.465999
0.493849	0.182328
0.623487	0.117771
0.776767	0.00142334
0.743498	0.0742378
0.767378	-0.214668
0.681949	-0.260432
0.57132	0.150347
0.749417	-0.126532
0.809108	-0.183915
0.962217	-0.681872
0.828238	-0.259664
0.968639	-0.245901
1.10779	-0.307598
0.962926	-0.0805366
0.893431	-0.470121
0.809579	-0.0915627
0.694906	-0.293303
0.716335	-0.370357
0.311479	-0.0961419
0.545488	0.124507
0.730742	-0.172047
0.30184	0.0851804
0.378658	0.0560697
0.789813	-0.40727
1.02519	-0.688232
1.68173	-1.31915
1.11778	-0.765909
0.85192	-0.618436
0.895181	-0.766796
0.790233	-0.620623
1.11888	-0.961729
0.953201	-0.788853
1.25794	-1.09291
0.98261	-0.775197
0.587599	-0.92811
0.423544	-0.163155
-0.364691	-0.0399989
0.573486	-0.521748
1.18448	-0.992725
1.38628	-0.978072
1.55546	-1.0413
1.54175	-1.02631
1.57585	-1.0585
1.6474	-1.08749
1.81046	-1.24987
1.76964	-1.12676
1.7674	-1.18117
1.71145	-1.17108
1.67869	-1.15399
1.53826	-1.12321
1.60461	-1.24826
1.16141	-0.508175
2.06084	-1.60133
1.75911	-1.18336
1.30699	-0.634845
1.40469	-0.805864
1.09812	-0.54164
0.903554	-0.0958465
0.966123	-0.510842
1.23798	-0.739689
1.02941	-0.564414
0.103979	0.132413
0.936304	-0.55315
1.07299	-0.632254
1.09061	-0.607784
1.17545	-0.713495
1.32682	-0.929906
1.41112	-1.06685
1.29855	-0.928277
1.18344	-0.826457
0.488737	-0.0173545
0.135104	0.124954
-0.0398984	-0.0244632
-0.163791	0.0393122
-0.2026	-0.0299616
0.0559631	-0.26307
0.491456	-0.398123
0.997749	-0.876436
1.50636	-1.42614
1.45753	-1.21364
1.81318	-1.48361
2.09093	-1.83486
2.14074	-1.8796
2.06696	-1.77781
1.78232	-1.42319
1.50929	-1.19262
1.55341	-1.51285
1.2612	-1.29027
0.989421	-0.941905
0.943668	-1.00643
0.763262	-0.927469
0.988486	-0.820805
0.696134	-0.437146
0.681886	-0.425854
0.817586	-0.649216
0.586095	-0.260388
0.565227	-0.221569
0.367446	-0.0154272
0.455587	0.0251695
0.360441	0.210706
0.734034	0.166634
1.03084	-0.0230793
1.27138	-0.423255
1.3134	-0.430143
1.04548	-0.409716
1.20959	-1.16123
0.997504	-0.95194
0.430101	-0.362323
0.896025	0.12106
1.00656	0.320846
0.694446	0.250219
0.398675	0.227312
0.412699	0.33616
0.403584	-0.24502
0.366867	-0.249711
0.663133	-0.271633
0.650591	-0.249255
0.723723	-0.45708
0.832687	-0.331924
0.738801	-0.361411
0.518813	0.0738961
0.802483	-0.18712
0.872648	-0.309286
0.707495	-0.382881
1.24129	-0.878386
0.555439	-0.319641
1.01596	-0.745739
1.25953	-0.98104
1.33423	-1.02502
1.44935	-1.12096
1.56964	-1.24298
1.64954	-1.36067
1.81608	-1.53595
1.90849	-1.70874
1.9912	-1.60776
0.868732	-0.655683
0.146783	-0.349154
0.198879	-0.0287717
0.367546	0.115989
0.201603	0.213827
0.108555	0.306988
0.254968	0.416858
0.360332	0.303197
0.536405	0.0361306
0.752273	0.189046
0.296869	0.0833935
0.596724	0.0695644
0.762864	-0.300424
1.12185	-1.26141
1.28912	-1.35638
1.33022	-1.36576
1.20398	-1.13976
1.14504	-1.09857
1.15581	-1.12417
1.2296	-1.22474
1.34785	-1.39029
1.20062	-1.58893
1.45283	-1.90876
1.19486	-1.61681
1.28595	-1.68036
1.80844	-2.04948
1.722	-1.48253
1.54775	-1.18967
1.50537	-1.09868
1.57727	-1.17199
1.60638	-1.21509
1.6429	-1.30601
1.6115	-1.35481
0.831064	-0.534727
0.220961	-0.227698
0.369702	-0.00457656
0.243497	0.0450146
0.295169	-0.052431
0.338079	-0.453899
0.506261	-1.14312
0.686151	-1.50863
0.348227	-1.33511
0.437954	-1.30819
0.351429	-1.22117
0.537029	-1.35654
0.74539	-1.50489
1.03734	-1.76135
1.10734	-1.58494
0.763827	-1.06371
1.04881	-1.18607
0.970331	-0.829645
0.792892	-0.773416
0.568121	-0.942595
0.384483	-1.2766
0.529948	-1.37947
0.577487	-1.28964
0.527464	-1.20098
0.610387	-1.1949
0.951778	-1.29272
1.16773	-1.38178
1.22471	-1.26535
1.38937	-1.32048
1.21722	-1.13103
1.17506	-1.16374
0.834353	-0.956258
-0.00976318	-0.491653
-0.0168661	-0.597115
-0.0174254	-0.547468
0.595264	-0.901011
0.402751	-1.13566
0.227249	-1.14674
0.104062	-1.04156
-0.0885377	-1.10821
0.0832545	-1.07754
0.163757	-1.21893
0.263543	-1.16252
0.893605	-1.00494
1.04184	-0.836216
1.28293	-1.04191
1.22847	-1.16454
0.907281	-0.889633
0.621661	-0.558751
0.672789	-0.349946
0.50644	-0.266809
0.64444	-0.320347
0.208835	-0.132767
0.195462	-0.472717
0.109975	-0.665005
0.829852	-1.15401
1.49744	-1.65684
1.47797	-1.54467
1.66597	-1.60899
1.67324	-1.54325
1.97957	-1.8376
1.89527	-1.67725
1.78303	-1.47294
1.85782	-1.48842
1.87702	-1.50002
1.95291	-1.57124
2.06181	-1.7203
2.31826	-2.05338
2.52738	-2.36124
2.35925	-2.11569
2.37852	-2.16954
2.38322	-2.15076
2.37468	-2.13151
2.43988	-2.23549
2.42191	-2.13995
2.22598	-1.89678
2.23788	-1.86341
2.17563	-1.72461
2.11166	-1.58706
2.04271	-1.57739
1.9995	-1.65844
1.48337	-1.07039
1.3195	-0.89808
1.09609	-0.71261
1.47975	-1.17526
1.40967	-0.939786
1.08584	-0.695768
0.206321	0.338736
0.42219	0.389373
0.259561	0.365843
-0.0562235	0.270827
0.184121	0.440962
0.0140061	0.44645
0.115434	0.368451
0.296444	0.344744
0.394752	0.288058
0.377958	0.486118
0.349725	0.479641
0.281688	0.678601
0.263939	0.856224
0.279396	0.602529
0.559911	0.0881309
0.757484	0.116684
0.790908	-0.104136
1.04663	0.0197352
0.789226	0.0982305
0.906433	-0.101128
0.850453	-0.133969
0.92459	-0.209054
0.935469	-0.305212
0.728988	-0.0117386
0.686537	-0.206709
0.654752	-0.000251377
0.595861	0.0945871
0.672562	0.0903387
0.741608	-0.0720378
0.763348	-0.194479
0.796544	-0.339353
0.954492	-0.521725
0.784525	0.0205634
0.806527	-0.0189784
0.705761	-0.145472
0.671114	-0.314656
0.74073	-0.0626391
0.671268	-0.17349
0.802434	-0.0840691
0.772146	-0.0734609
1.09664	-0.249051
1.12894	-0.229978
0.808541	-0.0901879
1.16435	-0.22358
1.96028	-1.46641
2.07712	-1.55036
2.07081	-1.56493
1.94661	-1.39595
1.99953	-1.54629
1.26225	-0.659098
1.51601	-1.0362
1.7765	-1.27052
1.36453	-1.14284
0.220781	-0.302195
-0.0567004	0.120515
0.116698	0.227733
-0.373751	0.0763
0.269214	-0.24771
0.340843	-0.192136
0.654447	-0.756961
0.766598	-0.756752
0.450317	-0.47343
1.05807	-0.893812
1.4876	-1.32271
1.93773	-1.79081
2.24162	-1.98345
2.35711	-2.03696
2.65149	-2.41569
2.63077	-2.24955
1.93567	-1.48524
1.13448	-1.04717
0.62475	-0.37404
0.578619	-0.492331
0.384273	-0.265904
0.351587	-0.0434022
0.708433	-0.213753
0.526682	0.269349
0.972857	0.314464
0.640573	0.0677516
0.972089	-1.19548
0.942169	-1.24621
0.920867	-1.32765
0.857701	-1.37784
0.829019	-1.49602
0.729214	-1.55399
1.04501	-1.86902
1.09866	-1.4099
1.01952	-1.0259
1.20069	-1.22316
1.36601	-1.37573
0.309584	-0.348869
0.745798	-0.668211
1.05293	-0.975571
0.9111	-0.769964
0.891172	-0.681692
0.730539	-0.491984
0.918415	-0.666383
0.709358	-0.347671
0.654357	-0.254966
1.26141	-1.05684
1.65042	-1.5342
1.77165	-1.55723
1.75832	-1.46664
1.82329	-1.52085
1.87967	-1.58688
1.83168	-1.58432
1.80152	-1.59533
1.6349	-1.4686
0.777794	-0.521219
-0.15434	0.167944
-0.127259	-0.0193845
0.181104	-0.298667
0.607223	-0.732421
0.867809	-0.729665
1.11386	-0.861085
1.20076	-0.872094
1.46772	-1.08133
1.95954	-1.67255
2.12597	-1.79784
2.25037	-2.02139
2.0886	-1.77993
2.00084	-1.66844
2.12435	-1.90206
2.04755	-1.80686
2.06707	-1.93767
1.25606	-1.28614
1.22169	-1.35427
1.15219	-1.13691
1.10327	-1.02902
0.722389	-0.429207
0.295231	-0.180249
0.543306	0.132357
0.323106	0.106213
0.295919	0.216879
0.634092	0.21601
0.69127	0.140009
0.517954	-0.909921
0.537207	-0.964005
1.31449	-1.81644
1.36326	-1.86035
1.24785	-1.66152
1.31209	-1.62146
1.45212	-1.42365
0.95791	-0.636088
0.808028	-0.453764
1.04306	-0.61481
0.953806	-0.581102
1.0399	-0.503539
1.62839	-0.466695
2.15798	-1.19817
1.48113	-0.524452
0.832099	0.0879525
0.827323	0.192555
1.31533	-0.752774
0.682601	-0.68908
0.498636	-0.46627
0.423394	-0.43549
0.41587	-0.454502
0.390882	-0.287499
0.413033	-0.283289
0.458891	-0.311374
0.558124	-0.238212
0.795469	-0.448355
0.708767	-0.360642
0.877689	-0.609656
1.41978	-1.4047
1.77316	-1.80737
1.20922	-1.34247
0.900143	-1.24575
1.00326	-1.4411
1.20183	-1.65541
0.381688	-1.0098
0.284512	-1.20269
0.219032	-1.08964
0.0221815	-1.18755
-0.0646808	-1.13936
-0.0889639	-0.908786
0.328264	-0.85364
0.276829	-0.574234
0.319137	-0.490504
0.511674	-0.25034
0.926332	-0.581749
1.00377	-0.561879
0.888133	-0.529855
1.08558	-0.794604
1.4316	-0.748994
1.2944	-0.525944
0.523573	-0.457582
1.62129	-1.68672
1.58444	-1.47757
1.75925	-1.53989
1.64404	-1.30772
1.68555	-1.34307
1.68017	-1.4025
1.683	-1.44508
1.5798	-1.41084
1.56538	-1.4677
1.62035	-1.67169
2.16892	-2.11589
1.50105	-1.4975
1.56088	-1.55353
1.58842	-1.55674
0.236168	-0.16521
0.0866417	-0.336011
0.0319517	-0.698278
0.227355	-1.03627
0.321615	-1.18443
0.50549	-1.34845
0.569751	-1.28213
0.744269	-1.33868
0.912026	-1.40929
1.10008	-1.40615
1.2472	-1.38816
1.40907	-1.46508
1.63132	-1.72845
1.57401	-1.59382
1.14333	-1.3262
1.13536	-1.36857
1.18185	-1.09524
0.827905	-0.886253
0.936506	-0.251371
0.523464	-0.181189
0.111571	0.0495136
-0.104971	-0.0982892
0.229312	-0.237661
0.205779	-0.741674
0.67703	-1.35906
0.547707	-1.30001
0.406804	-1.23519
0.40848	-1.21868
0.698186	-1.27209
1.01535	-1.10876
1.52672	-1.188
1.5399	-0.925557
1.28675	-0.767385
1.13503	-0.676992
1.20541	-0.525495
1.844	-1.41379
1.96542	-1.49531
1.23287	-0.693727
1.21738	-0.493595
1.12075	-0.330285
0.6657	0.002858
0.59006	-0.0740277
0.737068	-0.23929
0.856114	-0.593795
0.753693	-0.837664
0.507753	-0.955042
0.267843	-1.00497
0.1594	-1.09598
0.171433	-1.23672
0.446093	-1.38291
0.619455	-1.45732
1.16895	-1.38187
1.06064	-1.0175
0.828889	-0.794253
1.04259	-1.27781
0.863971	-0.959533
0.790539	-0.249835
0.668988	-0.223048
0.431398	-0.119693
0.261385	-0.10036
0.858318	-1.04625
1.32278	-1.48803
1.40162	-1.37563
1.52969	-1.38394
1.60328	-1.33539
1.66059	-1.35263
1.66763	-1.37286
1.6353	-1.3989
2.08983	-1.99003
1.75966	-1.68512
1.91602	-1.8774
2.01991	-1.96845
2.09366	-1.96304
1.85179	-1.54067
2.00138	-1.63124
2.15002	-1.74472
2.31167	-1.91587
2.23826	-1.73946
2.41632	-2.00653
2.0694	-2.02679
1.25979	-1.3056
1.36088	-1.44691
1.34705	-1.37504
1.08887	-0.96402
1.93797	-1.36356
2.36586	-1.64995
2.01008	-1.02709
1.68094	-0.724099
1.42685	-0.414151
1.45164	-0.507065
1.32191	-0.54684
0.971013	-0.396991
0.945664	-0.795265
0.947245	-0.869093
1.07027	-0.90842
1.01558	-0.836302
1.09318	-0.991861
1.27379	-1.45761
1.23789	-0.621705
0.995227	-0.332909
1.07665	-0.356752
1.2718	-0.612077
1.27571	-0.665402
1.18793	-1.30088
1.51289	-1.58215
1.59636	-1.51855
1.79411	-1.64072
1.99953	-1.83885
2.12492	-1.99852
2.29252	-2.26495
2.27995	-2.27967
2.05528	-1.9713
2.11736	-2.01083
2.09864	-1.89933
2.00836	-1.72633
2.15013	-1.89213
2.52892	-2.39778
2.59264	-2.4642
2.43238	-2.27217
1.91713	-1.70225
0.834476	-0.549155
1.38508	-1.26017
1.15984	-0.669004
0.983159	-0.345439
0.661037	-0.25428
0.673913	-0.257392
0.799955	-0.382265
1.81503	-1.36819
1.94113	-1.48181
1.89274	-1.31532
1.96547	-1.40399
2.05234	-1.49191
2.19347	-1.60296
2.23543	-1.70057
1.3798	-1.10937
1.13943	-0.940381
0.994669	-0.72731
1.08046	-1.10466
1.35308	-1.43323
1.16242	-1.22911
0.882012	-0.990133
1.14511	-0.966391
0.319824	-0.298731
0.366931	0.131066
0.086617	0.224545
-0.0820642	0.148433
0.10285	0.0691673
0.152623	0.0819032
0.356102	0.125721
0.28159	0.206955
0.537626	0.373714
0.596857	0.12169
0.684462	0.220536
0.918608	-0.0716062
0.955592	-0.58757
0.87533	-1.10184
0.170415	-1.05159
0.0897364	-0.900109
0.107241	-1.07742
-0.000305111	-0.991582
0.0798767	-1.11214
0.00666981	-0.97319
0.209917	-0.85426
0.4838	-0.985593
0.635717	-0.782892
0.975782	-0.879734
1.0774	-0.852125
1.28694	-0.863625
1.12067	-0.461992
1.26944	-0.336733
1.1914	-0.123191
0.813303	-0.046531
0.582613	-0.0534286
1.08909	-0.425903
1.1606	-0.805509
1.20887	-0.668523
0.940111	-0.406508
0.93664	-0.384727
0.808221	-0.253855
1.02207	-0.440144
0.905709	-0.471903
1.06261	-0.649096
0.971568	-0.493776
0.811328	-0.148588
0.922847	-0.174876
1.14814	-0.434152
1.13017	-0.430685
0.797221	-0.0121762
0.816066	-0.0881185
0.958312	-0.18678
1.15814	-0.515902
0.901475	-0.215379
1.04354	-0.409706
0.992917	-0.349819
1.2797	-0.507768
0.786155	-0.134864
1.04867	-0.417961
0.959279	-0.381382
0.856712	-0.229603
0.949624	-0.26057
0.948506	-0.279352
1.23791	-0.49923
1.05859	-0.254273
1.22349	-0.36185
1.22928	-0.260606
1.2321	-0.311267
1.45203	-0.857249
2.16811	-1.80863
2.18418	-1.77489
2.31589	-1.93623
2.15985	-1.69565
1.97987	-1.57122
1.7815	-1.38978
1.68692	-1.29889
1.11858	-0.769651
1.44777	-1.33345
1.66796	-1.72687
1.76069	-1.7826
1.87459	-1.60805
1.60388	-1.1933
1.67189	-1.39944
1.64971	-1.59749
1.12051	-1.22286
0.868953	-0.807991
1.04391	-1.12809
0.73556	-1.04859
0.454956	-1.00546
0.266642	-1.17289
0.128903	-1.19781
-0.0346933	-1.17005
-0.0594547	-1.10693
-0.0168762	-1.05542
0.0852512	-0.964348
0.190116	-0.864005
0.289413	-0.768724
0.59374	-0.871334
1.30607	-1.40337
1.62753	-1.52198
1.80823	-1.65921
1.56905	-1.36185
1.52479	-1.39606
1.52475	-1.45971
1.23375	-1.25792
0.838359	-0.980222
0.754743	-0.995034
1.15518	-1.04035
0.443289	-0.577695
1.10743	-0.778265
0.808619	-0.539335
1.40418	-1.421
1.24134	-1.20523
0.95471	-0.647055
0.574797	-0.240953
0.163065	-0.234085
-0.186159	-0.521499
-0.0341284	-0.763745
0.375014	-0.833925
0.703366	-0.84118
0.952645	-1.02758
0.988854	-0.958728
1.11809	-0.978956
1.29923	-1.12582
1.3001	-1.12487
1.3037	-1.18076
0.649466	-0.457376
-0.0315872	-0.160007
0.195431	0.154255
0.236473	0.248709
0.332069	0.151974
0.519104	0.0847852
0.243287	-0.0323292
0.691118	-0.432312
0.992597	-0.556384
0.798111	-0.232971
1.01911	-0.635096
0.497736	-0.208859
0.690797	-0.333273
0.764384	-0.258194
1.60685	-1.02227
1.72947	-1.01562
1.99204	-1.48311
1.77059	-1.33006
1.93915	-1.75587
2.12674	-2.04013
2.11638	-2.09941
1.74641	-1.72769
1.26604	-1.33325
0.813406	-0.976685
0.91133	-1.24329
0.818367	-1.15905
0.945177	-1.27148
0.892298	-1.26437
0.875737	-1.18875
0.852138	-1.18526
0.996419	-1.08419
1.53005	-1.13915
1.34802	-0.878022
1.45938	-0.938051
1.54995	-0.970472
1.56599	-0.948062
1.63685	-0.915436
1.38592	-0.550227
1.48425	-0.484531
1.11485	-0.0354347
1.43973	-0.486708
1.34847	-0.45504
1.11207	-0.41116
1.30825	-0.409694
1.29023	-0.0921694
1.21343	-0.219258
1.02852	-0.0211607
0.799893	-0.0147802
1.00736	-0.292708
1.08873	-0.833327
0.511176	-0.447164
0.131625	-0.333391
0.502074	-0.0258366
0.659167	0.302981
0.187673	0.112517
0.207704	0.204253
0.133466	0.255928
0.188735	0.298448
0.432778	0.439311
0.0437344	0.238263
0.259729	0.357943
0.548407	0.417622
0.700029	0.693066
0.573098	0.184933
0.948247	0.183775
0.7837	-0.504943
0.528495	-0.908202
0.342744	-1.24751
0.17471	-1.26493
0.104327	-1.23311
0.186693	-1.18394
0.350893	-1.13847
0.473336	-1.07107
0.736181	-1.13831
1.02708	-1.19982
1.42325	-1.38928
1.64711	-1.48483
1.81706	-1.61987
2.11632	-1.8089
1.58846	-1.0838
1.52093	-0.92892
1.26355	-0.644003
1.40482	-0.904723
1.19764	-0.523717
1.34531	-0.753653
0.871238	-0.130298
0.949317	-0.20883
1.32687	-0.515452
0.75141	0.226584
0.71803	0.172879
0.949192	-0.0620833
0.963761	-0.308707
0.788854	-0.134535
1.02631	-0.452523
1.16018	-0.579966
0.96054	-0.316716
0.75764	-0.191968
0.895582	-0.336696
