6.63559	-1.55737
2.97415	-2.77925
2.98702	-4.20966
3.83807	-4.44991
0.302381	-5.68378
-6.13937	-8.52569
-0.496885	-3.85507
-0.0946752	-2.39433
-4.87472	-12.3035
-4.0699	-8.85061
-1.13415	-11.2051
-2.94224	-5.38592
-9.01017	-6.41057
-1.62482	0.380885
-11.3821	-27.3248
-14.3605	-30.7621
-14.9281	-34.8607
-19.8915	-37.9697
-20.034	-41.0058
-20.8671	-40.9921
-16.1386	-38.1021
-13.597	-37.1149
-13.6744	-31.8483
-9.2378	-22.0674
-12.9213	-18.4696
-14.2793	-18.0505
-21.2198	-20.7308
-23.8187	-24.8211
-22.0671	-29.2742
-22.2938	-33.1036
-20.8986	-30.3938
-21.431	-34.1953
-18.7837	-33.0051
-13.4548	-22.8211
-2.02946	-13.9398
-5.59156	-10.0166
-0.236859	-19.5286
-6.72682	-12.1232
-25.4415	-12.3643
-22.944	-8.63245
-15.9628	-19.4079
-25.4957	-21.5382
-22.3692	-18.9246
-17.3168	-19.3937
-12.7802	-28.0956
-4.38826	-30.5372
-5.5719	-36.3216
-6.01906	-35.2986
-1.45726	-17.0219
2.5906	-10.3674
-2.67215	-12.3189
-4.89471	-16.0433
-8.70007	-18.1906
-7.86773	-7.07304
-9.8174	-13.4786
-16.0059	-16.2451
-20.573	-24.0505
-10.4562	-17.2539
-9.93084	-18.7146
-7.53541	-14.7195
-5.83563	-20.5901
-13.2151	-22.7864
-17.9285	-15.7259
-20.1424	-11.1757
-19.6299	-16.8877
-17.566	-16.8166
-14.3481	-20.3835
-4.78367	-29.1159
-2.23769	-29.6216
-3.08607	-30.3568
-4.69998	-30.7904
-3.49846	-30.4472
-4.88302	-31.5746
-6.02057	-31.6724
-11.4653	-34.0464
-13.571	-35.1095
-16.5577	-34.696
-18.5826	-33.6377
-19.7799	-33.9069
-19.2756	-36.0169
-17.8025	-33.5304
-20.1966	-35.4891
-19.3871	-36.9725
-19.6013	-35.4445
-24.3372	-37.1164
-25.5716	-37.3692
-24.3921	-41.5544
-23.6585	-41.3549
-21.7168	-36.2334
-22.2297	-26.0638
-21.6764	-31.1973
-21.4232	-28.8593
-23.5189	-29.294
-23.558	-31.6043
-21.4469	-32.6657
-24.942	-25.8564
-23.2873	-27.7899
-20.9397	-30.4742
-20.81	-24.9226
-16.4492	-21.6064
-19.9799	-17.6617
-20.5463	-10.9548
-19.1123	-8.75229
-15.4493	-7.93015
-10.2526	-9.74121
-10.2292	-1.1538
-9.58528	-9.63301
-15.1438	-10.5446
-17.0699	-13.8096
-14.7185	-17.7199
-12.8091	-18.3332
-7.77236	-18.9966
-11.5466	-32.1338
-5.76036	-24.1845
-8.10339	-19.4956
-13.5767	-21.7357
-10.9269	-23.5917
-16.837	-25.1034
-15.4706	-20.4689
-15.3032	-18.8349
-13.2386	-20.9141
-4.91704	-23.0382
-3.19047	-37.3479
-0.352099	-42.0395
0.619425	-39.7439
-3.77213	-31.5918
-11.4813	-26.1994
-14.7279	-22.8434
-19.2779	-26.2802
-13.2926	-29.0347
-16.1621	-27.8056
-14.5215	-28.2757
-14.4192	-25.9851
-13.8209	-28.3814
-11.8459	-20.7543
-3.6213	-16.2064
-0.904537	-9.04756
-5.78827	-16.917
-1.62965	-13.8636
-1.22251	-10.2055
3.77583	-5.34786
-1.75678	-2.67538
0.700117	-7.05183
-3.49076	-7.68962
-21.4017	-26.4499
-34.9671	-17.2387
-31.0392	-18.1569
-28.7723	-15.4384
-27.3554	-15.2799
-20.3011	-20.522
-11.9218	-28.8695
-6.99921	-25.5023
-8.36819	-16.9296
-10.7	-17.2075
-8.4317	-21.179
-8.3679	-19.7769
-4.60974	-23.9342
-7.01464	-22.6022
-3.89213	-24.676
-8.07535	-21.9897
-12.0411	-21.9569
-22.8546	-19.4463
-27.4197	-18.8965
-26.3922	-12.0376
-29.6633	-11.6208
-27.4859	-10.4486
-26.4772	-13.4039
-24.7849	-17.4609
-16.5488	-15.1504
-5.9216	-11.9489
-6.26062	-19.5954
-1.45101	-19.2031
-1.39621	-24.6902
0.272675	-25.1704
0.9966	-26.2525
1.10955	-27.055
-3.0972	-30.9294
-4.30118	-34.9966
-16.5563	-30.5115
-13.6936	-31.4464
-13.9889	-36.0935
-11.4382	-33.7305
-13.6005	-32.1198
-13.3706	-35.6462
-10.9251	-36.38
-12.89	-35.6594
-7.63618	-34.8035
-4.06906	-27.8863
1.29402	-21.9464
4.90942	-19.5421
5.15395	-14.4165
-0.406962	-14.4338
-8.94854	-12.9804
-3.81086	-10.6065
-4.76476	-10.6015
-9.37918	-12.4325
-9.81508	-15.0318
-7.56159	-5.39133
-7.74639	-7.95492
-11.9363	-11.1377
-7.60367	-13.1792
-6.94953	-11.2677
-9.27752	-13.0286
-3.92533	-7.74137
-5.19045	-9.58321
-10.7783	-9.19027
-4.6229	-12.9104
-7.10517	-9.59851
-1.6682	-11.5423
-6.19336	-9.67645
1.61219	-17.1945
-0.0997345	-13.748
0.906346	-19.8693
1.37797	-7.73039
-0.180651	-15.5152
3.96373	-12.7896
-1.02383	-13.2355
-5.40651	-6.17512
-6.10844	-9.65507
-2.28501	-8.57609
-4.62351	-4.15712
2.70021	-2.41614
-0.479828	-3.33569
-1.4256	-3.66357
0.403866	-6.34685
0.318982	-9.76594
4.2552	-4.47669
4.68137	-9.81551
-2.3406	-6.80886
0.751793	-5.4172
-0.411127	-6.61429
-0.716278	-5.07788
-2.07819	1.28429
-3.2104	-2.648
1.01672	-2.76575
3.27932	0.985551
1.66816	-8.06269
-1.42658	-6.60642
-1.31627	3.18894
2.71575	-2.62463
-2.49764	-3.86757
-3.90199	-3.58422
5.47287	-7.67926
-0.430937	-3.32359
-0.583673	-7.57797
2.16604	1.79016
-1.68326	-4.13329
-0.617077	-7.11685
-5.3755	-1.18501
0.201275	-7.06649
-1.28657	-2.00461
-5.93854	-8.40141
-6.77978	-8.85574
-20.9443	-26.0241
-18.3434	-27.9725
-19.2515	-29.4749
-20.325	-28.3172
-18.6271	-29.8232
-21.2338	-30.665
-23.674	-34.3535
-21.9537	-35.5851
-15.5277	-32.5959
-10.2886	-29.7107
-9.21597	-31.0895
-10.8582	-32.2027
-8.12072	-32.921
-7.53438	-34.5219
-10.5153	-30.7493
-11.4995	-18.4563
-9.76892	-15.7112
-13.486	-10.9234
-15.6218	-9.39036
-16.454	-10.0356
-16.3534	-13.705
-16.2517	-9.76996
-12.764	-14.7346
-8.7141	-9.54801
-8.06678	4.65098
-10.6797	0.231421
-15.4642	-10.6642
-4.27777	-12.4035
-2.65436	-13.4435
-7.11853	-10.3321
-5.92037	-0.487789
-7.82594	-6.24771
-4.91647	-9.16706
-11.1268	-10.9273
-11.0636	-18.8424
-5.18336	-22.863
-14.1405	-35.1586
-14.2213	-33.1555
-15.7954	-34.1184
-12.0765	-28.4734
-12.162	-29.3359
-6.70852	-26.9631
-7.58716	-28.1687
-5.74886	-27.4486
-7.37532	-27.0786
-8.60013	-28.1569
-7.67084	-27.4993
-5.97103	-21.0941
-3.496	-15.8201
-4.56015	-14.5495
0.751472	-14.8118
-9.16702	-15.1899
-12.9931	-13.3099
-16.8158	-4.79166
-19.0532	-10.5963
-14.2464	-11.5831
-12.1738	-9.23315
-9.59248	-7.83353
-13.3587	-9.18042
-14.533	-13.5309
-14.0782	-18.5038
-11.9034	-26.2607
-9.06186	-26.8881
-10.7882	-21.4088
-11.5844	-23.7758
-12.6593	-24.7042
-11.4545	-20.7674
-14.0163	-18.4016
-17.4744	-25.0504
-16.0753	-17.8345
-12.0669	-13.7462
-8.81493	-11.5144
-11.9828	-14.888
-11.7261	-15.3669
-12.9226	-19.3896
-13.8882	-22.0013
-11.6908	-22.9906
-14.0944	-29.6804
-15.8331	-32.5463
-16.412	-31.076
-16.4503	-28.9024
-16.5363	-31.3138
-16.0539	-33.3985
-12.4269	-30.3318
-9.56355	-25.4816
-11.3904	-23.8349
-7.34759	-27.9708
-10.6388	-25.4562
-15.8669	-19.0459
-17.8566	-17.031
-20.1255	-17.4877
-23.3785	-18.2979
-24.1	-24.0608
-21.3962	-22.5742
-17.6802	-24.1522
-18.4252	-21.5656
-18.6736	-24.0854
-14.0362	-23.2142
-11.5717	-19.2562
-6.92431	-9.36655
-0.29819	-7.75638
-9.13721	-17.5863
-2.54618	-9.42519
-11.2921	-12.9092
-9.13422	-6.56902
-6.82948	-13.0237
0.28582	-8.93348
-15.2499	-17.0009
-27.8363	-12.253
-27.9437	-13.8288
-24.5827	-9.12747
-19.0096	-10.437
-11.408	-11.4253
-3.42408	-12.1795
-4.18335	-11.6495
-2.07266	-11.4663
-1.59324	-10.9374
-5.29829	-15.5167
-6.95566	-12.4808
-8.64198	-21.2083
-5.79791	-21.5706
-11.8454	-13.8978
-17.2962	-14.3732
-21.4994	-13.8981
-21.9417	-16.9814
-15.3225	-25.1131
-8.08443	-31.6629
-1.11373	-22.6687
2.53391	-10.8557
4.27832	-19.6752
1.8577	-29.8582
1.28833	-23.4929
3.48245	-19.4478
2.09508	-9.13771
0.557691	-14.1218
-0.812585	-16.8496
-7.24249	-15.3133
-8.19819	-10.5614
2.42028	-7.4849
-12.3577	-15.8743
-16.2111	-17.242
-12.5252	-27.3488
-13.4566	-25.2837
-12.6574	-26.9168
-8.74092	-25.2595
-8.89001	-27.4185
-10.033	-25.6546
-12.7429	-31.3621
-13.0079	-29.2208
-16.0866	-29.4286
-16.4123	-28.3482
-15.9272	-29.3116
-15.6403	-27.9106
-15.05	-28.1416
-16.0984	-26.6303
-15.6164	-26.3584
-10.4417	-23.6384
-12.6912	-27.2085
-7.88379	-34.4897
-4.52879	-39.9602
-3.45718	-31.6575
-6.14069	-23.1181
-8.21887	-19.9978
-9.08005	-18.6682
-8.97333	-19.0122
-6.77361	-26.2159
-8.62549	-32.0563
-16.3974	-30.2048
-8.15435	-29.9883
-10.484	-25.3474
-9.32534	-27.0807
-12.5073	-26.8843
-8.84973	-26.3515
-12.8097	-22.4199
-13.8766	-22.1138
-23.8603	-26.8782
-23.2255	-27.4484
-21.6122	-24.0199
-14.9201	-29.4525
-9.96579	-26.237
-14.322	-23.0018
-12.6383	-21.7692
-8.88692	-17.3012
-6.33904	-19.6495
-8.03384	-15.4402
-3.87003	-9.0458
-1.83869	-9.14278
-0.111039	-6.27503
0.645757	-4.90063
2.7627	6.36564
4.96467	2.36589
8.10653	-5.0229
4.90035	-3.26913
4.36368	-3.57727
-3.58483	-7.79346
-0.849318	-2.34796
-2.36127	-0.22721
0.806025	-0.826709
2.34404	-0.244912
2.97638	-4.10398
8.77703	-0.853942
5.14028	-5.1515
-1.29075	-9.74658
-2.15684	-7.69235
-0.293962	-1.52619
1.96875	-6.34846
-3.72304	-6.8824
1.8323	-2.1026
3.86714	-3.0135
0.985114	-3.77131
12.0236	-1.29244
3.15596	-5.98085
-9.84472	-19.7637
-27.9481	-14.0375
-21.4924	-14.8355
-7.68888	-12.1208
-27.1868	-18.2664
-23.9879	-14.4252
-21.5529	-16.2568
-15.2813	-12.7697
-7.38119	-18.3561
-4.87667	-23.4624
-9.43903	-30.9367
-8.06303	-29.4297
-5.94931	-35.1115
-9.39607	-35.6299
-15.1544	-38.0514
-16.5213	-34.8778
-14.3759	-36.4901
-12.1235	-27.7198
-8.14591	-22.019
-4.06139	-16.9617
-0.334557	-13.6977
1.05264	-13.9398
-2.32999	-10.5071
1.25131	-13.5735
-4.05348	-13.6738
-11.134	-24.5759
2.49862	-34.5102
-5.8317	-48.7656
-4.54973	-43.8457
-14.0776	-48.4149
-12.906	-44.4438
-14.6217	-42.7215
-10.9423	-43.1652
-10.9629	-36.002
-10.756	-36.9421
-9.7037	-37.4866
-11.5503	-34.8495
-14.5159	-33.3175
-18.548	-33.3516
-15.0928	-38.6828
-14.9276	-37.6415
-13.149	-36.8244
-15.5789	-41.7665
-13.0685	-42.5835
-11.1762	-38.4368
-5.8145	-33.0363
-9.75616	-16.4089
-5.70016	-9.07815
-2.29092	0.812184
-0.863633	-14.4583
-3.80124	-24.2102
-4.92257	-30.0539
-11.2269	-33.0229
-14.9896	-41.4193
-16.8484	-44.085
-14.4482	-43.7432
-13.8711	-44.354
-12.8183	-37.4384
-10.7133	-27.8493
-17.1012	-20.5523
-19.3098	-15.9652
-25.9619	-15.8702
-24.3377	-18.7238
-19.4178	-18.1616
-15.5935	-23.7882
-8.41592	-30.1578
2.65403	-31.0114
11.0458	-28.444
1.7242	-37.2155
-6.7609	-41.5296
-10.1828	-42.8855
-11.0361	-44.7264
-10.5602	-43.0822
-8.87256	-43.4487
-7.60801	-39.1422
-6.50569	-32.4651
-12.1276	-21.529
-19.4241	-16.5313
-25.0901	-17.2009
-25.3215	-18.8381
-25.4659	-25.0622
-26.3167	-24.2976
-29.278	-25.2523
-32.6437	-18.044
-34.3979	-20.2293
-31.0845	-16.3532
-28.7335	-11.357
-23.5916	-9.99409
-15.6549	-9.95932
-9.73956	-17.5797
-7.40057	-28.3395
-10.3776	-35.3154
-16.0102	-39.3391
-11.0272	-30.8433
-8.91382	-23.8876
-11.0757	-23.3111
-13.3595	-23.2498
-11.1487	-21.2158
-11.8292	-24.6354
-15.564	-32.8784
-20.2903	-35.284
-15.8793	-31.6738
-14.7379	-28.6901
-11.2712	-27.4092
-9.74083	-25.0455
-8.84663	-23.8605
-6.71734	-23.0062
-5.23009	-22.0449
-4.57789	-24.2191
-4.28674	-22.808
-5.31456	-24.7441
-5.32123	-27.4857
-1.32388	-24.0295
-1.66652	-14.6533
-4.0633	-15.033
-2.42231	-14.6608
-4.46636	-17.5687
-1.11371	-10.5188
-1.42528	-14.1145
-3.84551	-16.2124
-0.068936	-11.3001
1.07368	-8.50718
-0.986999	-3.89316
-2.69675	0.317203
-4.52987	1.19242
1.09943	-2.40237
-2.06943	-6.33129
-15.7584	-18.8217
-13.8439	-17.794
-10.6169	-16.9828
-1.07197	-11.38
-1.35685	-12.6923
-5.07077	-11.6753
-7.00669	-19.979
-3.00003	-6.82845
-9.54806	-7.28133
-2.50408	-17.1796
3.11838	-6.6019
2.80329	-3.42163
0.640743	-6.65592
-3.98787	-11.0708
3.20381	-12.207
3.91475	-1.72897
0.761804	-8.22232
-3.71648	-6.05195
-0.113147	1.23215
2.29878	-3.36524
-0.105406	-5.55299
-4.58876	-4.94539
-0.170434	-6.54414
1.44548	-1.95348
3.39162	-9.00128
1.56261	-6.2557
1.28045	-2.74554
-1.95178	-4.87671
-3.62931	0.207225
-0.48298	5.34562
-2.00299	-6.61356
-0.142077	-8.97336
1.48845	-5.4626
-0.221475	-3.32572
-0.725081	-5.08574
-3.935	-7.13558
-0.345728	-22.5248
-9.78085	-33.3144
-11.154	-29.1216
-11.1016	-33.9994
-11.2141	-31.1156
-10.7895	-33.4436
-8.21193	-32.2588
-10.3528	-30.0834
-9.75839	-29.1835
-7.75614	-34.7633
-11.8394	-42.2951
-9.68407	-45.8071
-8.20627	-46.3737
-7.49884	-48.0443
-5.58849	-43.9241
-5.18997	-45.5475
-4.99286	-48.1618
-1.18626	-44.877
-1.68244	-42.4988
-3.98739	-36.6636
-4.63789	-27.2066
0.84727	-30.1367
2.68241	-21.134
-6.22195	-23.8646
-4.49367	-33.1705
-6.25535	-40.275
-6.51582	-39.991
-13.4013	-42.2376
-15.2017	-42.3811
-18.5596	-41.3063
-18.6116	-40.0458
-19.3868	-41.8767
-17.5349	-41.8974
-9.01464	-37.5214
-0.467362	-26.111
-6.8103	-20.2723
-4.88589	-13.8381
-6.56457	-7.12263
-11.6465	-13.7985
-17.7695	-14.9676
-13.1887	-22.4529
-13.1065	-23.6825
-14.7002	-30.0704
-5.72301	-19.2362
-2.47495	-8.09615
-6.95872	-12.1405
1.36482	-8.92179
-0.999472	-11.3683
4.49333	-17.3261
-4.95066	-25.7384
-7.31611	-21.0646
-8.77939	-25.2728
-4.95316	-34.4525
-5.35455	-29.2226
-7.0946	-26.8864
-9.06158	-25.7076
-10.6742	-27.6468
-3.22142	-23.3844
0.999858	-13.4602
1.7918	-15.4114
1.29412	-15.8267
-9.77798	-11.6356
-7.49557	-9.55768
-9.26564	-0.480535
-16.2737	4.62002
-23.9277	-6.05192
-17.8619	-9.27977
-13.1973	-0.355998
-9.36305	-6.68507
-11.2366	-7.0368
-9.6403	-6.8274
-7.2085	-6.76806
-11.5921	-7.83288
-8.18477	-18.3897
-12.6844	-25.5575
-11.2607	-29.9005
-10.4367	-29.6596
-11.3899	-33.4133
-17.009	-36.3255
-17.9169	-38.6277
-16.4327	-35.2657
-17.3832	-33.9505
-17.2208	-31.4374
-17.4814	-30.1839
-20.0768	-32.0052
-22.6901	-35.1118
-20.6887	-36.5951
-19.2784	-36.5953
-16.2941	-35.3049
-11.5979	-32.8216
-6.02349	-26.6212
-8.59708	-26.6676
-10.4668	-24.9297
-10.8669	-20.2215
-11.7967	-23.7494
-15.2448	-27.1735
-14.0642	-27.9557
-7.35366	-29.6747
0.204347	-31.975
-3.35846	-26.0575
0.0826298	-19.9178
-4.01871	-22.5962
-3.75519	-24.568
-0.843939	-18.8229
-3.86607	-14.9815
-2.98539	-16.5865
-9.05388	-20.8
-7.51054	-26.7288
-10.136	-22.7948
-11.4449	-20.8785
-14.3324	-21.0236
-12.709	-17.8291
-13.004	-16.1311
-6.0051	-9.8151
-0.842797	-14.2627
-0.934773	-14.0144
-4.15978	-13.5871
-3.98983	-9.93467
-0.636329	-4.54434
1.3392	-8.05223
1.39051	-12.4268
7.18887	-20.6064
3.61041	-24.0807
4.52819	-13.5605
-2.3537	0.129637
-11.52	-6.86752
-9.89419	-18.8675
-6.46776	-33.9949
-9.35998	-39.0882
-4.29118	-32.6665
-2.70493	-32.4652
-4.47145	-37.196
-0.249619	-37.6943
1.62234	-26.4285
-3.37763	-25.7646
-6.78683	-30.1922
-5.70687	-30.8158
-6.91161	-31.7354
-5.94263	-31.2004
-5.03682	-36.4222
-12.0841	-44.2924
-22.2302	-39.2578
-21.2669	-38.9846
-17.9443	-41.5877
-16.3401	-41.7696
-14.7309	-38.6483
-13.0869	-37.8641
-11.2154	-35.3128
-11.315	-22.4511
-8.54896	-12.5493
-14.3384	-9.17998
-19.6652	-10.8186
-20.0581	-7.44414
-18.1159	-5.8211
-10.3684	-1.4855
-5.85921	-15.7249
-3.98795	-22.2169
-5.72111	-28.0055
-4.18964	-26.0939
-10.4383	-23.5064
-15.0952	-19.7299
-13.3683	-17.5478
-12.0333	-14.5677
-13.3882	-15.8753
-14.3486	-18.4762
-20.1152	-20.2222
-14.4227	-21.3529
-4.00113	-17.1818
-6.98517	-15.0106
-6.54316	-9.27499
-7.56397	-15.2929
-1.22547	-3.01311
-0.873957	-15.9451
1.49602	-11.1507
-13.4859	-15.5392
-13.7991	-16.8032
-13.0564	-23.822
-12.4748	-31.2685
-3.50924	-32.8248
3.53398	-13.5717
-0.551226	-13.0908
-2.29742	-13.696
-5.07823	-19.7044
-5.59109	-13.4844
-7.78462	-9.00095
-6.53818	-11.3439
-4.00395	-5.0471
-0.369629	-5.70236
0.1961	-5.934
-2.92671	-8.51607
-4.29587	-4.18415
0.109277	-19.3167
1.41793	-20.0808
1.53623	-13.6166
-20.8752	-12.7833
-26.7506	-11.5176
-25.3853	-11.0446
-23.7804	-8.52276
-15.9562	-15.0254
-11.1249	-20.6997
-7.77359	-23.0765
-7.81644	-26.4986
-8.76341	-32.0544
-11.1615	-36.1535
-11.2188	-34.8057
-11.4	-34.427
-13.2523	-33.1911
-11.8473	-33.4727
-13.5832	-35.1925
-0.04769	-23.2156
-4.1865	-6.91837
-7.90074	-11.8576
-8.24669	-4.13181
-7.72835	-7.68591
-10.8044	-12.1429
-7.73188	-8.8301
-8.03094	-11.7474
-13.3608	-9.5393
-8.14066	-6.58893
-4.32147	-10.6453
-10.7823	-20.3497
-17.0944	-15.1302
-14.2766	-17.1257
-8.95773	-18.3485
-9.1877	-17.223
-9.84042	-20.3122
-13.976	-19.3301
-12.7868	-21.321
-12.3223	-19.0173
-13.8418	-18.9492
-13.7654	-22.5426
-14.4031	-17.8184
-14.5355	-16.6961
-13.9521	-12.6258
-12.9866	-9.60155
-12.5698	-10.7159
-16.2602	-10.9468
-14.6017	-10.3119
-17.0516	-14.7434
-18.9512	-17.0837
-19.3098	-18.0935
-14.2203	-17.0539
-11.1108	-13.2327
-5.25629	-11.6484
-2.94755	-12.8651
-7.19573	-18.3352
-8.49544	-23.5645
-9.12784	-24.7974
-7.75967	-31.2302
-4.3252	-36.1973
-0.766039	-29.6016
-10.4283	-26.7488
-13.316	-27.0544
-13.8645	-22.1942
-10.314	-18.994
-10.5367	-18.9639
-9.32493	-15.8001
-8.76095	-14.2683
-6.51328	-14.1854
-5.00175	-10.4254
-4.56908	-11.7251
-7.59708	-9.65376
-6.52263	-9.85728
-3.09795	-11.482
-6.28986	-9.3491
-1.17266	-7.3493
-5.5797	-6.39736
-1.71201	3.40786
4.28133	5.72291
7.28588	2.57699
2.79266	-3.23281
-4.0101	-7.61258
7.21506	5.70734
9.85802	5.84464
6.08203	1.60475
4.0437	-8.45498
0.995944	-6.28782
-2.3461	-6.83299
-5.32577	-10.3802
-4.16776	-9.63844
-4.14489	-11.5596
-4.04675	-8.52552
-3.83715	-8.15978
-11.1842	-24.2695
-11.3536	-24.2122
-9.59849	-21.1117
-9.97843	-20.2557
-8.49447	-18.9732
-7.60293	-22.9994
-9.93756	-21.2594
-13.0066	-25.9079
-14.6564	-27.0927
-16.6207	-29.5649
-19.5016	-26.2238
-17.4393	-23.2933
-15.6848	-21.6374
-15.4786	-26.0156
-12.7083	-27.2899
-9.81863	-18.778
-7.22248	-11.2335
-6.5834	-7.80032
-2.80541	-18.9083
-5.51636	-33.0819
-6.19014	-33.2545
-7.81279	-26.8629
-11.6022	-29.3728
-9.25754	-19.494
-8.94849	-16.8914
-9.53924	-14.053
-8.74385	-15.4871
-8.28369	-16.3515
-7.79125	-19.0239
1.11529	-23.5142
-0.77397	-24.8889
3.31013	-30.23
0.365009	-24.3338
-0.749465	-20.4443
-3.49828	-22.7901
-4.98163	-26.5355
-10.3384	-34.3095
-18.3502	-30.5265
-19.7672	-29.0489
-19.6778	-29.5811
-22.7586	-27.5857
-19.6165	-30.4888
-14.0647	-35.3414
-11.2129	-31.3501
-12.3258	-31.2467
-12.113	-25.6383
-8.73777	-25.1051
-8.17032	-20.8506
-4.80166	-18.3996
-1.45782	-15.861
2.36445	-11.1769
0.499565	-11.1166
1.57641	-10.157
1.32878	-3.21771
-2.63076	-2.0267
-2.22997	4.42789
-1.50017	-8.20684
-0.724613	-8.35495
1.88767	-8.38762
0.618867	-4.77278
-2.39437	-6.09605
0.948387	-5.52468
-4.1923	-4.83444
-0.84466	-2.9651
-2.54344	-0.807918
-0.372499	-5.38925
0.172749	-3.20952
-1.94221	-0.600825
-3.57008	-2.77974
-4.81332	-3.75384
-1.16583	-1.18703
-0.636121	-4.81462
0.0767835	-7.94586
1.03315	-6.503
-2.88765	-1.18871
-4.89715	1.40153
2.18907	-2.30458
-2.82207	-3.31516
-2.09056	-3.89836
-3.00584	-8.40002
-7.46773	-8.35815
-7.84568	-7.29989
-12.8969	-10.2713
-10.0332	-1.30806
-13.7966	-11.3214
-11.4153	-6.54442
-11.8313	-13.471
-15.4271	-22.4036
-8.13399	-23.3911
-11.469	-31.5857
-13.577	-37.6417
-15.0558	-28.4567
-14.5314	-23.849
-14.1414	-20.0019
-14.8685	-16.3605
-14.5171	-18.2526
-14.9661	-16.0256
-12.2952	-23.0556
-7.13416	-27.9106
-3.77939	-27.8558
-3.93827	-29.7245
-4.12589	-27.9639
-3.28465	-32.2733
-1.62246	-31.5604
-14.5308	-25.756
-13.8353	-22.7098
-12.4463	-25.1409
-13.9908	-30.3101
-13.3387	-31.4671
-15.9274	-35.3036
-17.447	-38.1916
-12.9256	-37.82
-10.3479	-24.0737
-10.2131	-19.3147
-12.3242	-13.4389
-20.7605	-11.4823
-19.8771	-9.69769
-16.698	-16.298
-13.0593	-18.7096
-12.7964	-24.5616
-11.3707	-27.9223
-0.801089	-25.0182
0.16632	-19.0182
1.92946	-9.96013
0.032143	-10.5627
1.9526	-11.7763
-4.11182	-12.1927
-4.26332	-26.6091
-3.3496	-27.5928
-13.7465	-30.0085
-6.24717	-22.6294
1.87017	-12.1846
-5.08542	-25.115
-8.33958	-33.2681
-6.76133	-44.7655
-7.14618	-44.9703
-12.2855	-45.5744
-14.2146	-41.8898
-17.8747	-39.4877
-19.3248	-37.6904
-18.5364	-38.6674
-17.5113	-36.4836
-19.7085	-37.1392
-21.6359	-38.8166
-21.2546	-38.4116
-22.2842	-40.1341
-19.0387	-36.5836
-16.8741	-29.1973
-16.585	-27.6039
-12.1893	-25.8168
-11.0257	-24.399
-9.98501	-22.044
-7.98429	-19.0503
-8.61911	-17.7946
-9.62486	-18.7268
-10.175	-21.9856
-10.41	-18.7421
-11.8497	-18.0636
-11.7903	-14.6238
-11.0371	-13.5398
-15.9511	-14.6508
-16.2163	-10.695
-19.9484	-12.7643
-21.2778	-12.902
-23.6618	-13.7051
-27.3283	-9.67037
-29.1015	-13.4703
-28.3017	-14.3175
-27.789	-9.82494
-26.7338	-15.0845
-27.7229	-14.9004
-26.8891	-13.4355
-22.3951	-13.3071
-16.7613	-17.5376
-9.69435	-26.855
-4.33057	-34.4937
1.51796	-36.9047
-4.40695	-35.7455
-8.74103	-37.5691
-11.0678	-42.6231
-11.8489	-40.6529
-12.6399	-41.5845
-11.0377	-42.5501
-13.1351	-40.3307
-9.54243	-40.5519
-7.78612	-35.6636
-2.56226	-33.1565
-2.62993	-23.2026
-8.95345	-20.1593
-12.8927	-15.4698
-17.1564	-9.26615
-19.0423	-10.29
-21.4973	-12.526
-23.5847	-10.6511
-25.8161	-9.93936
-22.7937	-11.1486
-22.6037	-11.4012
-20.8399	-11.2788
-19.5825	-12.8599
-16.8298	-15.659
-12.1934	-19.5035
-8.45124	-25.6441
0.336611	-30.2603
-8.85145	-28.596
-9.72924	-24.5727
-10.9536	-18.845
-11.503	-20.117
-8.45654	-22.0543
-8.84653	-23.2928
-7.47697	-22.5466
-6.94721	-20.0457
-6.71037	-18.8697
-8.38368	-17.809
-7.92516	-18.1686
-0.111146	-16.0574
0.66949	-12.2154
1.08312	-6.74852
3.06131	-10.4515
6.25669	-8.20369
7.43058	0.240394
-0.70289	-4.40897
-0.929481	-5.86627
-1.6104	-6.91152
3.27437	-6.79889
-0.780655	-7.1299
-2.08376	-8.17904
-1.38716	-11.8435
-5.8046	-7.58863
-6.24421	-18.9857
-12.6298	-22.8505
-16.2592	-23.0537
-17.2092	-23.1512
-18.4069	-21.2655
-18.6517	-20.7438
-24.4621	-19.8605
-15.8156	-24.6319
-11.1883	-21.976
-8.30755	-26.0836
-7.36079	-27.8487
-6.11754	-35.1719
3.48858	-33.3222
-8.7375	-23.856
-10.0877	-20.1982
-6.84561	-20.3404
-6.49972	-16.182
-5.0744	-16.386
-5.39781	-17.0252
-2.28078	-15.8616
0.193441	-26.5308
-2.56838	-23.937
-8.30934	-36.8839
-6.98581	-35.02
-4.9062	-30.1991
-3.98233	-23.0587
-5.6938	-25.7915
-6.38759	-22.3328
-10.1869	-25.296
-8.14452	-24.0177
-12.9646	-24.4128
-12.0043	-20.577
-6.90189	-15.0358
-8.07234	-16.0197
-4.12313	-15.4729
-0.634125	-10.19
-10.9741	-14.8728
-12.6333	-25.5029
-13.8896	-27.3947
-13.1109	-32.8674
-9.73046	-30.0796
-8.58946	-29.8976
-7.90204	-32.8558
-4.76489	-36.241
0.161202	-41.0896
4.4025	-31.8282
6.64085	-18.0016
2.19785	-18.7429
-6.93857	-19.6756
-0.949316	-19.4305
-2.64949	-16.1106
-5.64291	-13.0353
3.48059	-11.6477
-2.32787	-17.9829
-2.49657	-19.5969
-4.97767	-15.5974
-4.37651	-25.8575
-5.58746	-33.8289
-7.52141	-32.9368
-4.58464	-38.2416
-5.14591	-34.4908
-14.5633	-32.632
-13.6588	-25.0222
-14.6011	-20.899
-18.521	-18.6509
-20.2329	-17.4385
-23.1801	-23.9992
-22.5556	-22.7387
-25.628	-20.8589
-20.2009	-12.998
-4.81152	-12.9321
-7.43404	-14.2401
-12.6837	-13.3722
-10.6615	-12.2401
-3.9259	-7.92046
-6.28545	-8.97955
-4.79026	-11.5392
-7.31325	-3.9437
-1.63385	-15.9397
-2.28329	-15.168
-14.1268	-10.7096
-8.44336	-7.02783
-5.38399	-7.12485
-8.67328	-6.06263
-9.91867	-13.8479
-11.3751	-20.5328
-8.45009	-37.0555
-12.8287	-45.996
-8.74624	-39.7125
-8.21666	-33.169
-12.3083	-26.9292
-17.5063	-21.3182
-24.769	-18.9462
-25.7683	-25.1615
-24.9505	-30.2873
-24.2838	-27.8212
-19.0416	-24.0476
-12.7225	-16.9047
-15.1856	-15.6676
-16.2447	-19.6056
-15.4588	-16.1134
-13.4384	-16.5756
-10.1868	-17.0116
-7.19753	-18.5803
-6.50415	-16.8972
-7.71454	-18.2576
-5.24213	-23.1475
-5.39113	-22.0101
-19.8965	-16.5562
-20.1234	-9.24086
-18.0065	-8.20458
-17.6222	-5.67832
-14.945	-7.97887
-13.4628	-4.32968
-9.88531	-6.6358
-12.2147	-8.46029
-8.46401	-8.66575
-7.59671	-10.5294
-13.5832	-10.4761
-13.7007	-10.2287
-13.7925	-10.6165
-14.6672	-14.4069
-14.6156	-15.8855
-7.53294	-8.82482
-3.5115	-3.01485
-12.723	-22.4696
-11.232	-19.1303
-7.90547	-10.4105
-4.97032	-0.841946
-3.19687	-1.68394
0.176581	-2.89612
-1.90895	5.10828
-8.6817	0.865698
-13.3546	-5.36833
-14.6372	-4.43773
-11.1317	1.09023
-2.66684	4.23944
-0.526825	-0.0709653
-5.96623	2.43564
-12.1317	-3.43266
-11.8602	-5.12397
-11.3708	-10.7447
-4.68169	-0.447503
-2.00831	-1.65477
-3.26735	-0.768445
-4.06153	3.24466
-1.51617	-4.78613
-2.84383	-4.89929
-2.82503	-3.16304
-5.10386	-7.56704
-6.07705	-3.33313
-4.43874	-3.97434
-0.271221	-11.8932
4.74132	-4.98155
0.202429	7.6448
0.510826	7.84857
5.22918	-0.804013
0.858502	-0.1658
3.26977	-1.72679
-1.21809	-3.09563
1.4012	-2.08474
-4.92714	-0.98269
-2.01533	-11.4268
-2.56688	-4.4831
1.30653	-8.01703
1.9942	3.10407
2.65946	-0.523841
1.22728	4.38078
-0.496407	-0.696055
-0.502422	-7.93184
-2.94551	-12.4058
-6.10399	-18.7425
-12.2928	-17.6275
-11.7063	-25.9173
-19.7438	-40.1853
-20.2812	-40.2661
-24.0575	-39.4402
-21.9971	-40.3457
-19.27	-36.5603
-14.8219	-34.7186
-10.7792	-31.568
-12.7626	-31.9765
-12.2772	-32.716
-9.09266	-32.2788
-12.7628	-24.7478
-5.0554	-19.3269
-0.460016	-16.0392
-2.43092	-16.0037
-3.87117	-17.9792
1.19759	-18.4135
-4.41266	-17.0579
-7.5493	-19.1085
-1.4468	-20.5427
-7.26147	-36.6753
-9.01365	-27.881
-11.2428	-22.085
-13.4423	-23.2725
-12.2051	-30.5586
-14.5749	-27.3477
-15.7529	-25.483
-17.8024	-21.8587
-17.8611	-15.7278
-24.3465	-12.8907
-28.0485	-11.0056
-30.2587	-14.8396
-33.3702	-15.2847
-33.4227	-12.9771
-30.912	-18.3757
-31.1408	-18.804
-25.6686	-19.9864
-26.0705	-13.8226
-16.3961	-13.9679
-12.8361	-14.0022
-9.25299	-12.9903
-5.60483	-17.4471
-0.0977867	-29.6729
-2.28578	-45.8695
-2.43653	-49.5477
-7.92926	-50.1577
-7.90513	-47.9106
-10.2526	-49.871
-9.69085	-45.8307
-4.73932	-39.2178
-4.6247	-34.9015
-2.84488	-28.6244
0.842639	-29.4937
2.78274	-28.7647
-0.615194	-26.2411
-0.564594	-34.5901
-7.52401	-39.38
-10.4659	-41.6779
-13.588	-45.3325
-11.49	-46.7565
-8.86789	-42.6763
-8.89037	-42.3596
-9.24009	-39.9566
-10.4647	-37.7703
-10.925	-36.8504
-12.567	-36.1017
-10.8553	-38.3525
-8.26793	-40.5035
-9.17977	-39.2258
-8.23435	-34.0874
-14.8782	-34.9884
-16.0822	-24.1899
-14.2385	-16.9694
-12.9064	-23.7196
-12.9156	-12.3241
-13.3089	-13.2566
-16.2522	-11.9184
-13.7902	-18.8546
-13.1448	-26.4694
-13.8892	-30.6015
-14.1588	-37.1659
-13.4789	-39.4779
-14.9593	-35.895
-14.7523	-30.6507
-15.0399	-28.7151
-16.0205	-20.2638
-19.3706	-20.424
-22.5147	-23.7113
-18.975	-25.6196
-11.7269	-21.1861
-6.64883	-18.5316
-9.69477	-21.737
-7.12131	-15.4781
-3.83716	-16.1321
-5.48665	-16.4906
3.36256	-10.808
-3.48381	-14.3689
-10.5487	-18.1808
-18.7085	-7.49131
-17.2857	-7.38444
-14.7992	-3.95874
-14.563	-6.44251
-7.06919	-8.4991
-6.80733	-17.3349
-6.96895	-19.8154
-0.252477	-24.8526
-1.98168	-44.6001
-2.50965	-47.2176
-6.0469	-44.9517
-11.2296	-46.2965
-12.0511	-42.3369
-13.524	-39.9906
-12.2988	-43.1831
-11.2764	-40.1868
-12.5378	-29.6787
-15.6165	-27.6597
-7.95289	-17.7344
-6.90104	-7.17911
-7.02572	-9.70704
-13.6736	-3.93617
-12.5344	-1.43216
-0.741982	-10.5288
-1.08867	-13.8644
0.158059	-11.3917
-7.21728	-10.8843
-5.55117	-8.55397
4.94312	-8.28329
2.17846	-2.33826
-2.62731	-7.80144
-7.27943	-24.1898
-8.04348	-15.439
-20.019	-14.164
-26.4929	-14.652
-21.4904	-15.7838
-20.7242	-18.386
-19.4592	-22.7282
-14.8844	-25.8883
-9.89447	-25.8479
-3.21937	-30.3103
0.161915	-32.6666
-2.50588	-20.7476
-9.03066	-8.93733
-14.705	-4.84555
-14.2212	-1.21149
-11.958	-4.96017
-14.732	-6.76969
-16.751	-9.17759
-12.0118	-16.454
-13.4134	-22.2743
-12.8909	-29.1704
-13.5148	-27.275
-12.3293	-25.5488
-11.3451	-26.3074
-8.61993	-28.5639
-8.09588	-34.968
-4.73902	-37.6399
0.352894	-27.9003
-9.15547	-6.36078
-12.8692	-5.00637
-6.63829	-10.7583
-1.45752	-12.7642
-1.63236	-5.73964
-13.6391	-8.05572
-9.59802	-10.0997
-11.7063	-6.74982
-8.52403	-9.06538
-9.06286	-5.66418
-3.23356	-6.27313
-5.52721	-8.49065
-3.1253	-6.56147
-1.02497	-9.17303
-1.99723	-7.14184
-2.26237	-8.77449
-1.8068	-9.96702
-8.03165	-16.8966
-10.389	-22.6009
-10.2219	-17.9272
-2.91596	-27.0046
-8.2303	-35.5695
-9.29948	-30.5039
-8.25697	-34.0149
-9.30106	-37.6334
-10.0771	-40.4625
-11.5688	-41.7946
-13.9739	-42.1021
-15.101	-41.1273
-16.7295	-38.2937
-13.2236	-36.4091
-12.023	-36.7887
-8.53918	-31.3137
-2.87242	-27.9204
-5.4017	-27.1629
-5.76727	-24.262
-3.25115	-27.3508
-2.81203	-24.212
-5.22639	-27.6874
-5.39005	-20.8965
-2.13328	-21.5044
-0.591276	-14.4286
4.97871	-9.64951
8.98367	-6.99572
4.32337	-15.2392
0.827282	-20.1247
-5.17388	2.3927
-8.9541	4.95124
-13.1479	2.48944
-12.3951	-3.54176
-12.9936	-6.40757
-7.6858	-9.5158
-5.06359	-5.14917
-6.70704	-6.51256
-9.93242	-7.65953
-5.34786	-5.4175
-7.19046	-10.5622
-5.30396	-13.4476
-3.3007	-9.67967
-7.21872	-3.39356
-4.6443	-5.61909
-10.5162	-4.12066
-3.4577	-12.2023
-3.79446	-6.7257
-5.45115	-5.52801
-8.04576	-13.487
-1.14447	-10.2876
-0.825524	-4.53324
-1.20934	-9.27176
-2.75754	-5.62161
-3.91781	-5.40854
-7.76869	-0.207028
-2.87546	1.26095
3.90496	2.77562
1.69486	1.31736
-0.586302	-2.94207
0.225129	-3.39831
-1.13352	-7.45289
4.8623	-2.191
4.63043	-6.88612
-3.21564	-5.89966
-1.01938	-10.712
-0.141386	-5.24824
5.88836	-4.6156
-20.921	-23.8628
-24.4797	-30.5367
-28.8555	-28.9858
-27.6124	-33.2383
-25.5092	-29.3105
-26.8185	-24.9748
-22.998	-23.6554
-13.1501	-23.9333
-6.88387	-32.6282
-8.81742	-38.8652
-13.7874	-41.4426
-15.0267	-43.2976
-15.0215	-41.4265
-15.0385	-41.0007
-13.0983	-41.1336
-12.9385	-39.6712
-11.6368	-40.6435
-9.02003	-40.1244
-6.26698	-42.5285
-10.2682	-38.7786
-14.707	-38.9183
-14.5438	-38.9831
-13.6017	-33.5079
-14.2099	-31.2076
-12.6654	-26.7227
-14.8588	-23.4565
-13.1786	-21.414
-8.44316	-13.2226
-12.2506	-19.5883
-5.27198	-25.6529
-8.76538	-18.7472
-5.86821	-22.0867
-9.06902	-21.9782
-2.45984	-18.679
-3.11601	-22.7838
-2.05315	-18.745
-2.07541	-12.4277
-7.47891	-10.9972
-8.03188	-15.8048
-12.4511	-13.0161
-14.3939	-17.0072
-15.3637	-22.4874
-14.9321	-24.9995
-16.9028	-31.972
-12.7722	-40.6054
-2.29938	-36.0903
-1.96238	-33.7326
-5.70849	-30.7858
-5.60619	-38.5266
-7.5917	-32.7481
-12.3424	-26.6993
-15.899	-22.1848
-17.6493	-20.8037
-12.8307	-15.4426
-5.6509	-16.0259
1.68215	-16.7959
-3.83624	-19.5303
-5.56807	-19.0025
-4.89227	-24.573
-4.45502	-19.0207
-8.92167	-15.1843
-4.81445	-18.4012
-2.47262	-10.638
-11.5207	-18.1278
-9.99375	-17.0592
-8.35666	-24.2456
-4.37735	-19.2709
-4.38098	-15.0783
-3.0622	-21.1603
0.0764428	-30.6548
-13.7333	-30.5848
-14.845	-28.586
-14.1933	-22.6969
-15.9281	-19.1379
-14.4064	-19.0313
-17.5496	-21.5058
-15.4714	-18.9037
-11.4037	-17.3949
-12.6627	-22.4713
-11.139	-26.0706
-5.60057	-28.7379
-4.78342	-22.7701
-6.57135	-17.5504
-6.29321	-20.5028
-11.3133	-19.6246
-15.2462	-19.1158
-16.5158	-15.3163
-16.9806	-12.6273
-15.435	-13.1716
-14.0014	-12.6135
-14.0181	-13.4249
-13.7241	-13.0108
-12.8415	-19.0141
-15.6848	-22.378
-13.7094	-21.9813
-12.4256	-21.8543
-12.4495	-22.7074
-13.4748	-22.4891
-14.782	-25.8568
-13.3849	-22.2635
-15.747	-26.092
-15.2614	-25.7443
-16.9111	-30.925
-17.8217	-33.6806
-18.0443	-34.7696
-17.4827	-34.5637
-16.741	-35.5931
-13.0941	-30.0067
-17.9629	-24.5349
-14.7726	-19.4546
-11.7689	-13.7748
-11.9783	-18.3248
-10.0736	-17.0041
-10.1215	-15.231
-9.02875	-19.2046
-8.42159	-21.0712
-12.7312	-33.5924
-14.6449	-34.5526
-18.0408	-38.3924
-19.4958	-35.9315
-17.4105	-39.1522
-16.9208	-35.8116
-16.9444	-34.8466
-17.6908	-32.0528
-16.312	-33.1862
-13.746	-34.0246
-10.3729	-31.0767
-12.458	-22.1286
-12.6055	-26.3466
-11.2454	-24.279
-10.1884	-22.1874
-9.79758	-25.2864
-8.88985	-25.7632
-4.34519	-17.7519
-3.46702	-17.3594
-6.85546	-18.1399
-1.90948	-14.7862
5.15392	-11.3396
4.9215	-12.9259
5.94504	-7.89426
4.77788	-2.12209
1.26188	0.229515
-0.0241789	-7.40868
1.08417	-3.98473
6.5879	-0.601094
2.37549	-8.08577
7.11743	-2.74201
0.464428	-7.52464
-2.22625	0.385634
-0.892405	-0.268879
2.59384	-3.02328
-0.379175	-3.39528
3.80643	-7.84335
-0.638524	-5.7021
-2.8278	-1.87469
1.48187	-2.30607
4.45463	0.354122
3.56601	-0.834856
5.52919	-6.66611
-3.17334	-7.43848
-5.63832	-7.65394
-2.00429	-5.5828
1.66587	-5.49192
-11.6885	-30.1445
-15.4807	-28.836
-10.4675	-33.3218
-12.1181	-34.4607
-18.9368	-40.9658
-24.9111	-36.4028
-26.4325	-31.8992
-26.4183	-34.7995
-22.1869	-35.6029
-18.7819	-36.4083
-15.3149	-34.9948
-14.7611	-37.5855
-14.6092	-36.8645
-14.9316	-36.3048
-15.1941	-37.591
-15.1948	-35.0792
-14.1949	-31.733
-14.6454	-33.3316
-15.1602	-33.6903
-13.3893	-25.8784
-25.3906	-19.4125
-25.8607	-28.7372
-29.5599	-28.7631
-30.3043	-21.8549
-30.4749	-24.0176
-30.8184	-23.6587
-29.9852	-22.0483
-25.1492	-22.1843
-17.8516	-27.7151
-2.17688	-28.2311
1.98775	-26.4563
1.74656	-29.5201
-3.01798	-28.8263
-6.84291	-27.7855
-9.30204	-39.802
-12.3487	-46.9992
-12.767	-40.8574
-17.9031	-45.2156
-18.9778	-42.5047
-17.9911	-42.3268
-20.2777	-41.6952
-17.7492	-34.4376
-16.0849	-29.5186
-14.9161	-19.4322
-17.3871	-15.7132
-19.1094	-19.56
-8.78115	-28.7208
-7.87705	-23.4406
-6.28399	-24.9044
-8.32677	-24.7023
-5.7953	-26.4828
-7.64223	-24.5629
-17.8824	-21.4012
-19.5426	-9.34597
-11.493	-10.8326
-8.92228	-13.4803
-7.52663	-15.4798
-6.91581	-17.198
-8.31141	-21.1742
-6.18289	-20.7549
-11.7161	-23.7372
-10.8465	-26.1782
-13.431	-19.9601
-10.1212	-30.6437
-7.98438	-37.5366
-7.52906	-41.3718
-5.12495	-37.5839
-2.07184	-28.2255
0.952542	-21.7622
0.630917	-24.406
0.836434	-35.7725
-2.69108	-40.6625
-8.09442	-43.2605
-10.1072	-41.8937
-12.1865	-39.0577
-13.012	-33.3125
-10.9637	-28.4438
-11.0429	-26.3707
-14.3808	-23.203
-18.1979	-18.0589
-25.7337	-16.8721
-29.6807	-13.9347
-31.5525	-17.527
-33.0772	-24.3652
-30.2181	-28.5155
-26.8065	-31.2363
-26.1039	-32.794
-26.5326	-29.2933
-24.5193	-32.9045
-24.6352	-23.8986
-21.2673	-21.8931
-13.6902	-23.3218
-13.4115	-26.4238
-14.3656	-27.281
-10.1656	-25.5064
-10.8356	-27.9425
-11.9561	-26.1141
-14.0914	-21.5816
-12.5866	-21.207
-11.508	-24.8599
-11.0701	-22.6883
-12.3018	-21.9783
-12.182	-20.4528
-13.5102	-20.0771
-6.41502	-20.3678
-4.55461	-18.928
-13.1321	-16.4396
-16.5678	-15.6507
-22.5652	-15.7343
-22.2127	-11.3091
-24.3676	-8.89225
-25.8754	-9.07062
-25.8589	-9.82646
-25.4153	-13.033
-22.4163	-14.0064
-19.1433	-19.0672
-11.0313	-25.0039
-7.54992	-26.6199
-4.14133	-27.6779
-1.78678	-27.5288
0.364838	-27.2076
2.30697	-27.8833
1.88396	-27.0723
1.43036	-26.4879
1.60052	-27.4622
4.03753	-32.8668
2.22557	-26.0979
5.02794	-34.9108
5.94214	-29.0355
1.0138	-19.0638
-13.8527	-16.6881
-19.4617	-19.4434
-16.2277	-15.2395
-11.3802	-8.97009
-11.9363	-9.39285
-1.97684	-3.70278
-11.3083	-10.7381
-11.7172	-4.13918
-16.0773	-7.71817
-13.0684	-8.14561
-10.2124	-4.53667
-4.97501	-6.9194
-6.9699	-2.87616
-6.3711	-5.25405
1.6469	-13.4758
-1.71301	0.964422
-0.791801	-0.756223
-5.06617	-1.87296
-3.38767	-2.09668
5.9722	-0.821546
4.83164	-2.00993
2.44276	-5.57053
0.786855	-3.0703
3.97849	-4.31478
3.33527	-0.429492
2.68795	-0.925049
-2.12155	-1.67797
-0.651922	-2.45153
-5.06988	-4.23374
-11.883	-14.6627
-16.051	-11.6917
-14.1409	-16.544
-15.7828	-18.6681
-17.6652	-21.9656
-15.5845	-29.0087
-14.7122	-24.9859
-12.2791	-22.4048
-10.9068	-15.9747
-4.5599	-8.46565
-10.6285	-9.41673
-13.6294	-11.0059
-8.79761	-7.56663
-8.62531	-9.91785
-8.71272	-7.17143
-17.227	-9.75114
-12.693	-5.37048
-16.5673	-6.36941
-12.0212	-9.89964
-6.97123	-14.8456
-5.62119	-25.5458
-12.1265	-37.7253
-12.1253	-45.2042
-11.4039	-44.2225
-8.09693	-39.4564
-7.80825	-34.2243
-11.5668	-28.8833
-15.4711	-25.834
-18.2575	-23.1626
-17.6848	-24.241
-14.2907	-21.6471
-10.0818	-25.1608
-5.01921	-25.5322
-4.27178	-29.3911
-8.45912	-31.0632
-5.97302	-24.7503
-3.03881	-28.2661
-1.28945	-27.133
-2.31789	-38.0436
0.827725	-44.557
-6.21101	-47.6567
-10.7316	-44.7965
-12.1023	-44.1331
-10.0922	-48.1872
-10.9753	-45.5428
-5.90522	-44.018
-3.03373	-40.2691
-3.56672	-32.4945
-3.77985	-16.9786
-3.57617	-11.8141
-12.2949	-11.2425
-13.7632	-20.5727
-5.07786	-19.0638
-2.02388	-14.4708
-3.69543	-2.08919
-2.65593	-2.8208
-4.59765	-11.8521
-4.30804	-14.6153
-0.902487	-4.97388
-0.0779523	-1.35549
-1.2978	-10.4347
-3.66004	-7.04568
-8.18772	-3.6089
-27.1488	-8.17728
-27.5097	-11.15
-13.1966	-14.6366
-28.1118	-24.3955
-32.4091	-23.5876
-30.0342	-22.0181
-28.5456	-24.0631
-25.452	-27.6755
-21.03	-31.4955
-10.4781	-33.6928
-9.33296	-27.6626
-4.01749	-18.2692
-4.34505	-20.9906
-4.84842	-23.2128
-4.80469	-16.9333
-3.65701	-17.8228
-6.56265	-6.68505
-1.97697	-6.42937
-7.29283	-14.3207
-3.68022	-13.6722
-8.60146	-18.1351
-13.4546	-16.1625
-10.8165	-17.4487
-10.5177	-28.2618
-10.99	-35.4227
-13.5249	-36.9939
-14.2266	-35.8635
-13.8018	-34.8781
-6.92658	-32.887
-8.00803	-33.1775
-12.7223	-28.3494
-13.0575	-30.0643
-14.3326	-30.9092
-13.28	-31.3085
-11.3606	-32.1931
-10.9232	-34.2893
-9.79941	-34.2893
-9.25149	-35.4917
-16.6677	-29.244
-15.5964	-19.4316
-9.54827	-11.3214
-6.59901	-12.978
-6.8216	-3.63085
-13.1316	0.943493
-6.88319	-5.112
-10.291	-15.8204
-8.37906	-15.5811
-11.7519	-27.2529
-15.9758	-22.7199
-14.2113	-23.1999
-14.6084	-24.3349
-15.5631	-23.5047
-15.1671	-24.4959
-15.7345	-22.0153
-17.5244	-21.0223
-16.2782	-25.4195
-14.1845	-22.6177
-11.5056	-17.0431
-11.2996	-17.2525
-8.52721	-15.8834
-10.6661	-14.2491
-9.09258	-19.5199
-10.8095	-22.1016
-12.4863	-21.7083
-12.6881	-25.2674
-14.7376	-28.4182
-18.1209	-33.9063
-17.8841	-35.7019
-15.2877	-33.9814
-14.8106	-33.472
-16.0227	-30.885
-19.408	-31.807
-14.9179	-28.8702
-14.5635	-32.1222
-8.26178	-23.8029
-8.61507	-20.9804
-4.78848	-13.2361
-8.87223	-11.8103
-9.72115	-16.6387
-6.87674	-12.3174
-6.75802	-14.3903
-2.75417	-16.1218
-4.70474	-8.41344
-10.714	-18.8346
-12.4925	-34.0698
-12.3032	-32.2357
-12.1983	-20.5011
-3.25934	-20.8665
-0.658037	-9.52493
1.2132	-4.4385
0.611515	-11.6048
-0.814444	-5.80545
-0.72962	0.380598
3.60318	-3.44448
0.411349	-9.9917
-2.97767	-6.0529
-0.279391	-2.63298
-2.89304	-8.33591
0.28431	-2.52002
-0.657426	-6.14413
0.27465	-9.19577
-6.61517	-27.6293
-11.9589	-39.1255
-15.1849	-42.0334
-12.845	-42.0982
-16.9258	-40.1348
-21.8757	-33.0729
-15.1157	-37.1795
-13.5173	-35.87
-14.7895	-28.2672
-17.7294	-23.2546
-16.4602	-23.9559
-14.6005	-26.7371
-13.1445	-26.3824
-14.3727	-26.1199
-8.28932	-26.1772
-9.85419	-24.8236
-11.2157	-26.6293
-9.906	-29.2511
-8.30676	-32.3803
-12.2454	-35.7082
-13.185	-34.5388
-13.5555	-35.1998
-15.6368	-34.687
-13.0848	-30.8694
-4.11584	-19.4732
-1.21913	-12.8413
-12.5227	-24.033
-10.3688	-32.5473
-6.32974	-34.8728
-7.60247	-46.7253
-6.32418	-42.8338
-12.5734	-40.3319
-16.375	-36.4089
-14.8532	-40.609
-8.78498	-35.9553
-6.39237	-23.9416
-9.07251	-28.3402
-13.3492	-23.403
-10.9736	-16.3312
-14.1052	-24.269
-11.6632	-25.2599
-9.07471	-24.5339
-4.53631	-25.8048
-8.5173	-24.1453
-13.2329	-19.9608
-9.7464	-24.8549
-8.83002	-26.104
-8.40202	-24.4668
-12.0446	-24.0422
-10.6537	-23.7819
-9.64591	-24.0951
-9.69428	-23.7817
-10.6658	-20.3283
-13.4925	-25.6903
-9.96567	-33.4748
-14.9174	-31.174
-18.0281	-28.659
-17.6554	-32.621
-15.0299	-24.4329
-18.7463	-23.1519
-13.8551	-28.4432
-14.6458	-28.2449
-13.3714	-27.4216
-9.92716	-24.2007
-2.47639	-25.0767
-11.6421	-21.9273
-6.09744	-13.4647
-3.5448	-13.4725
-5.54824	-14.9137
-5.82637	-24.6457
-3.75939	-29.5144
-2.78695	-29.7111
-11.6809	-29.3893
-12.0871	-32.8978
-10.5714	-39.7907
-12.8913	-37.4434
-11.1019	-39.0409
-11.3258	-42.4589
-11.0505	-39.7221
-11.1086	-35.4282
-12.3993	-32.2152
-14.7545	-27.2929
-16.0396	-24.9743
-16.2783	-23.3174
-16.1103	-21.3211
-15.1094	-20.2142
-16.3975	-15.732
-12.2899	-15.1482
-11.8477	-12.2663
-6.6311	-4.83293
2.19157	-12.145
-1.87997	-4.85317
-7.36338	0.390969
-9.52489	3.41582
-11.2582	2.41984
-10.7398	3.2911
-15.2635	1.91229
-15.8528	3.72678
-14.813	-1.80081
-11.082	1.79553
-15.4788	2.32184
-10.2898	2.71946
-10.6313	4.92786
-7.55833	3.61821
-14.9797	18.3577
-13.6279	5.3021
-13.2775	8.63974
-11.368	3.24312
-4.96398	5.4179
-5.37011	-1.27547
1.43182	2.62916
-0.671178	-2.86362
1.32345	-0.263771
1.25061	-5.0265
-0.260265	-1.37314
-4.20455	-1.69942
-5.15078	0.0935007
4.12051	-3.98586
2.77877	0.111003
-1.91543	-4.38878
4.21736	0.370706
3.13848	-4.6523
0.831917	-6.45742
3.40359	-4.18398
3.1626	-7.7007
-1.18793	-6.36461
3.58112	-5.11372
4.1134	0.841069
3.98517	-7.4971
5.04779	-4.59645
-2.20566	-24.3486
-5.61526	-25.5611
-1.16281	-20.4284
-0.00483275	-10.764
1.9442	-12.4056
-13.9259	-24.1787
-12.1115	-23.9013
-15.1016	-23.5692
-11.5013	-18.9545
-11.8985	-18.6789
-12.1056	-17.3463
-9.57243	-14.6383
-5.89377	-13.4492
-2.64643	-3.07464
-1.09853	-1.46599
-1.91587	-3.96496
0.762505	-4.09139
-4.01409	-9.02521
-3.019	-9.65293
1.37037	-12.9749
-1.64576	-11.3807
-0.888155	-7.88608
-0.828635	-9.05603
-4.71698	-11.3049
-10.0264	-34.413
-14.5099	-43.7092
-17.3912	-44.8833
-16.8609	-41.4265
-17.6044	-40.6336
-17.9279	-41.5998
-16.1585	-41.325
-13.6704	-41.6794
-12.2278	-41.6251
-13.4162	-47.3915
-12.7929	-48.0565
-5.37392	-31.0057
-5.31871	-23.7521
-7.94696	-20.4573
-7.99717	-24.9942
-5.09145	-24.1132
-1.29662	-15.0255
-0.859479	-11.3549
-5.04376	-16.7993
-6.61024	-19.6233
-3.5947	-14.6368
-3.80911	-16.4432
2.14553	-16.098
-2.21979	-12.6399
-2.51443	-9.0034
-0.395436	-7.80567
-2.03328	-17.2429
-0.961697	-8.10208
-1.49139	-1.10229
1.6426	-10.551
-3.75476	-14.8867
-3.74896	-11.208
-13.7588	-25.1265
-15.2203	-21.4305
-15.362	-19.4855
-14.2035	-19.0645
-11.9178	-15.9344
-12.6139	-16.428
-13.2944	-19.8488
-12.4631	-24.7776
-10.4687	-28.6628
-11.6843	-29.705
-9.31474	-30.1688
-9.38627	-32.6036
-12.6119	-27.0747
-14.2036	-25.8689
-7.73597	-29.5417
-5.94924	-31.1085
-4.81608	-31.1774
-3.55517	-33.6813
-0.941192	-32.0347
-1.14989	-26.4228
-4.87568	-31.114
-14.0331	-28.6811
-15.5849	-23.7288
-17.3852	-19.9531
-14.8283	-18.5622
-15.9482	-20.6632
-15.9925	-22.6049
-15.1358	-21.4073
-14.4017	-22.6039
-9.95671	-26.1362
-8.50427	-25.0621
-15.2995	-28.1456
-14.976	-25.6662
-11.4703	-24.6329
-11.2994	-28.9831
-10.0397	-28.8641
-7.31184	-27.5832
-11.2341	-22.7874
-7.21539	-17.5908
13.6366	-15.9379
14.562	-17.9066
-2.84844	-7.84799
-4.904	-10.9104
4.82846	-6.6261
3.76206	-6.42953
-7.39617	-5.47381
-14.5263	-11.8305
-14.1567	-3.43841
-16.552	-12.6689
-22.6545	-17.1064
-25.8578	-13.5819
-26.9944	-10.481
-25.3517	-12.5768
-22.163	-15.9542
-7.98447	-17.9584
-2.72662	-22.0271
0.749978	-23.6684
3.07108	-21.3313
-1.0279	-21.8721
-3.9478	-20.5487
0.746019	-31.8323
0.797825	-38.9932
-5.12756	-31.8324
-6.42624	-27.3272
-7.82005	-27.5995
-6.65639	-29.2712
-11.2277	-25.2627
-15.9891	-16.7901
-13.7925	-13.2575
-10.5047	-11.4518
-9.53238	-7.59293
-10.6245	-8.74649
-12.4531	-9.94473
-11.9417	-9.80442
-12.9886	-9.91162
-16.3342	-16.207
-16.9787	-15.4973
-17.0736	-22.2974
-14.0586	-23.2571
-11.8339	-19.7447
-8.25773	-16.5315
-7.32039	-13.7006
-3.2185	-15.0271
-1.21123	-6.42457
-5.75298	-6.23036
-10.4123	-8.90425
-10.9369	-4.7529
-9.89195	-7.88275
-2.8917	-15.2328
0.108277	-26.1801
-6.95048	-15.9649
-16.8998	-23.4694
-13.9299	-19.8603
-7.74102	-15.0782
-12.523	-22.7088
-14.6456	-23.1069
-15.6367	-20.34
-14.415	-21.8223
-14.2765	-20.4054
-13.5722	-21.7175
-11.7916	-17.672
-14.0436	-19.7263
-11.9672	-18.5158
-16.8699	-17.5261
-12.0352	-16.1002
-8.70103	-13.8445
-8.65928	-10.0379
-2.1914	-5.89981
-5.02975	-8.61355
-5.53858	-6.62721
-4.30474	-4.53056
-5.0503	-8.60192
-6.10952	-6.47469
-8.94716	-7.28303
-8.35788	-4.52423
-13.4932	-9.82779
-11.4404	-7.357
-12.5347	-12.8348
-14.5417	-12.752
-17.0071	-18.5896
-19.2245	-17.896
-15.4558	-19.1204
-8.59214	-13.4711
-7.70809	-13.5853
-9.56479	-14.688
-11.3486	-8.34788
-9.48858	-14.5399
-10.6207	-18.4168
-11.8184	-18.6429
-13.6679	-16.7033
-1.30856	-8.77452
-1.57441	-14.8265
-5.00721	-17.6467
-8.31417	-7.2727
-6.21219	-15.1948
-1.03629	-20.0949
-8.88348	-35.0864
-12.1266	-37.3896
-14.7055	-36.4737
-14.8006	-37.07
-14.9182	-38.8964
-16.5668	-37.9578
-17.9667	-39.4408
-19.3777	-36.626
-17.5251	-39.2675
-18.6732	-38.3939
-20.0048	-38.427
-19.1279	-36.0073
-16.563	-34.3151
-15.065	-30.2578
-14.0769	-22.8936
-11.7125	-18.5633
-13.6149	-12.8463
-17.3847	-13.6416
-10.9478	-18.6334
-5.9263	-15.6959
-5.83477	-18.3949
-8.37626	-18.3689
-7.03886	-20.5658
-3.78696	-19.5842
-1.76839	-11.8178
1.53239	-10.7001
-5.89914	-7.68498
-2.74389	-8.28553
-2.96542	-9.48363
0.192056	-9.61758
0.911664	-10.7472
0.259853	-5.99696
-5.39477	-19.5061
-8.91991	-13.9918
-28.6656	-13.0724
-38.5903	-10.1877
-40.1569	-11.6953
-39.457	-13.2056
-37.301	-10.5253
-37.1619	-13.4512
-38.7267	-12.9784
-39.3247	-6.96031
-30.4984	-11.8892
-28.6801	-7.90424
-26.2044	-9.74407
-12.1719	-2.27523
-9.67249	-5.58053
-11.8904	-8.85929
-12.8387	1.68272
-7.14502	-9.03471
-3.30363	-8.48242
-3.24248	-5.68245
0.961852	2.57852
-4.3947	-1.92138
-1.86657	-2.55593
3.08009	6.63967
-3.57446	-0.92944
2.07206	-6.79543
6.44332	2.05802
-0.846668	-9.44076
2.782	-5.36984
2.44725	-8.807
-0.709315	-4.42655
1.43883	-7.10262
1.11098	-0.0270847
0.721278	-10.7792
0.851212	-16.5714
-1.23857	-10.1069
4.18547	-6.24772
0.971581	-11.5609
0.00156387	-12.8019
3.75052	-8.70172
3.8194	-11.4499
7.21978	-10.204
4.73473	-6.58377
6.01441	-12.8691
4.60086	-13.2888
4.3898	-4.513
5.35488	-6.22184
4.43342	-3.05271
2.57121	-7.56546
-1.06859	-12.6188
-0.684602	-10.4881
3.1998	-5.66797
-0.906453	-5.66946
4.72506	-5.65307
3.10447	-9.62216
0.741464	-5.13201
0.828275	-2.95323
0.721592	-1.08777
1.95534	-4.42779
5.56567	-7.15473
3.25572	-5.12581
1.77676	-11.8769
-8.72171	-16.7516
-7.53157	-18.8154
-6.97388	-19.5657
-8.86257	-22.9373
-8.0996	-25.3131
-8.69368	-28.7139
-12.4843	-36.423
-15.2072	-34.6203
-15.3184	-32.0785
-11.6593	-33.5302
-10.8637	-25.5415
-6.36867	-18.8214
-0.60374	-7.32369
-3.70121	-8.56158
-7.83169	-6.67868
1.60604	-9.63482
2.30333	-11.1208
4.40263	-5.53117
0.0524101	-4.5995
-14.358	-15.649
-8.5098	-20.6282
-14.3471	-22.0602
-19.6737	-26.819
-17.9074	-23.9769
-13.7143	-21.5807
-15.0714	-25.0389
-13.2667	-25.3448
-10.3858	-21.4524
-4.0558	-19.7351
-4.86033	-17.8945
-6.52614	-14.6126
-7.16418	-8.3857
-11.8937	-6.12944
-4.22308	-11.9569
-1.30587	-2.11347
-0.803269	8.00446
-3.97402	-5.40481
-0.234552	-5.86419
0.957924	-5.79337
0.235099	-7.386
-2.75701	-7.20418
-2.10511	-5.90123
4.1491	0.585497
-1.23996	-27.854
-1.38117	-27.8866
-3.37849	-20.3114
-12.0236	-36.4689
-10.2995	-37.5177
-11.3015	-28.6105
-9.38579	-23.661
-8.20756	-23.6508
-7.44803	-25.6636
-7.55283	-24.3948
-10.6785	-24.8625
-10.7092	-24.3046
-11.4904	-25.4462
-12.8363	-28.3417
-14.4193	-28.8384
-12.6413	-31.9303
-14.5241	-34.4845
-15.9038	-31.1909
-13.4366	-31.8069
-7.24827	-26.1763
-9.06097	-15.6475
-6.41406	-14.98
-8.14379	-13.2548
-7.79736	-13.3172
-9.99831	-14.7657
-8.12992	-3.85425
-6.68937	-15.3802
-5.12319	-7.19779
-4.22121	-11.8411
-10.87	-24.2475
-14.7339	-24.2238
-13.6063	-22.688
-8.62089	-14.8499
-2.5351	-5.00463
-3.13923	-7.43858
-12.5329	-10.3479
-12.5948	-8.69035
-10.1186	-8.19566
-14.3487	-10.7262
-16.536	-11.778
-18.4533	-10.3147
-17.9783	-12.9895
-16.9474	-19.3334
-18.1132	-20.1636
-13.5511	-17.5482
-8.71702	-20.7486
-10.2837	-8.89513
-17.4172	-23.0458
-17.9757	-15.2826
-13.8903	-10.2587
-4.5755	-4.54399
-3.31727	-13.2354
-12.9093	-5.51763
-10.666	-3.05127
-7.05104	-2.56029
-3.65562	-10.4642
-5.59581	-6.50344
-4.29575	-7.27071
-8.29655	-12.0851
-5.155	-12.5373
-11.3159	-16.2607
-24.0193	-11.9662
-29.0596	-14.4284
-28.2231	-11.2283
-27.4039	-12.5671
-28.717	-12.6925
-27.7034	-11.9041
-24.7166	-12.2564
-28.7271	-15.5338
-25.0791	-14.2685
-21.5941	-14.8161
-16.3829	-13.785
-11.8332	-12.188
-1.90588	-13.7027
0.54482	-20.8324
-1.36261	-14.0805
9.57605	-26.9475
8.56195	-30.5463
-8.05956	-35.1948
-15.4788	-32.912
-13.8607	-29.9002
-16.9806	-30.351
-15.3146	-28.1116
-16.0975	-29.0887
-17.1049	-30.8892
-17.7862	-30.8694
-15.6778	-29.3546
-14.1743	-30.0456
-13.355	-25.6774
-9.30116	-21.5384
-7.23383	-15.3165
-10.1654	-11.9222
-6.62098	-9.76399
-5.95327	-3.21077
-5.91296	-17.6543
-14.4815	-19.1511
-13.6063	-29.0199
-14.7339	-26.8951
-14.145	-23.9569
-12.0898	-16.8419
-10.1949	-18.7468
-12.4313	-18.1087
-12.9906	-17.6511
-14.4493	-16.5549
-11.3241	-13.1187
-6.197	-19.3693
-7.00695	-20.6394
-2.27601	-9.14308
-4.79416	-4.49227
0.286769	-4.20865
3.82052	-8.97004
2.10474	-14.4934
-5.93032	-19.6726
-7.83623	-19.2653
-5.96225	-12.7635
-4.32487	-10.3776
2.74246	-4.55662
-4.42972	-12.3842
-4.25685	-15.2215
-2.73341	-16.9384
-5.96683	-31.4544
-11.951	-37.8105
-9.42632	-36.1491
-6.7304	-31.7769
-8.14585	-28.5664
-5.925	-26.5974
-3.78117	-25.6479
-0.787451	-20.2321
-2.7345	-23.4176
-2.90146	-22.6153
-1.47182	-26.6037
-5.08303	-25.922
-5.79484	-25.3283
-9.56037	-29.6091
-10.898	-33.7809
-11.7378	-40.996
-13.3585	-34.912
-12.3942	-36.5455
-14.7902	-34.2441
-16.9324	-35.5827
-16.1594	-34.1642
-15.5024	-35.4352
-14.8506	-32.7991
-5.70967	-22.1686
-3.81092	-15.2011
-11.006	-16.9596
-10.278	-15.2388
-13.3435	-23.3462
-21.9322	-23.8065
-14.4335	-18.9414
-6.1225	-10.0439
-4.2247	-8.05999
-3.94392	-10.5749
-2.6252	-11.529
-3.54024	-13.3056
-6.40034	-14.6442
-12.6559	-24.286
0.553922	-17.7296
-0.541529	-6.25441
1.34986	-5.32481
-6.01638	-14.5589
-9.18174	-17.9293
-6.60868	-12.2617
-8.84039	-16.1492
-13.0903	-15.1083
-7.91641	-18.1011
-8.58436	-17.4476
-7.6345	-17.6104
-10.4885	-21.7176
-13.2648	-33.9568
-12.2768	-39.6796
-13.4977	-36.326
-14.0501	-36.4146
-8.71376	-38.0496
-11.6415	-25.5047
-8.27623	-22.066
-7.39705	-24.06
-5.29992	-21.22
-9.76662	-22.5492
-13.8634	-17.1877
-19.9296	-14.0688
-22.5406	-15.8246
-18.0685	-21.2627
-13.5833	-21.9612
-21.3093	-26.1064
-20.1841	-28.0683
-23.2486	-22.2296
-23.3541	-21.0592
-23.5954	-23.0584
-16.5865	-18.7996
-13.4571	-22.3639
-8.46776	-29.482
-8.15358	-29.9928
-3.7186	-20.6019
-5.31204	-21.9698
-2.31496	-12.5973
-5.44749	-18.9912
-1.64775	-20.6424
-5.11318	-18.8549
-1.48335	-13.5623
-2.43693	-13.9536
-0.902209	-11.286
-10.99	-26.7889
-9.66416	-36.5667
-11.6913	-39.6004
-10.5836	-39.621
-10.3568	-39.817
-14.7253	-37.7599
-11.8701	-39.5456
-15.0343	-30.0238
-8.80078	-28.8663
-10.2797	-13.6353
-15.5913	-14.4043
-19.8085	-12.0636
-20.9023	-23.0428
-15.6991	-17.3493
-21.1502	-20.68
-15.6474	-21.5657
-6.48077	-23.2921
0.565219	-23.9226
4.42875	-16.0375
-7.57618	-17.8556
-15.8734	-11.1256
-21.7744	-16.7474
-22.4097	-15.9568
-26.8428	-12.5885
-25.7608	-16.3557
-25.9325	-14.3678
-26.2964	-13.0489
-24.1492	-15.7818
-21.0923	-16.3022
-16.106	-15.6932
-13.8479	-16.5071
-11.6143	-17.14
-10.1987	-12.8562
-11.4483	-17.3468
-10.9677	-15.5504
-9.90335	-12.2174
-9.6768	-8.26549
-9.97652	-9.09389
-9.49078	-7.41332
-5.61119	-10.1791
-6.37639	-8.11952
-10.8819	-5.83184
-26.7176	-18.3434
-31.0778	-2.14078
-18.8863	-12.7367
-17.5702	-20.4527
-25.4219	-24.3182
-23.5207	-23.4662
-26.1016	-22.35
-20.5956	-19.2762
-6.93358	-12.1686
-2.11781	-8.56726
-0.612894	-13.1563
-9.80499	-12.0048
-8.91163	-13.2188
-1.01844	-11.6713
-2.67844	-7.9915
-2.12827	-0.0737715
2.4901	-4.30992
4.55716	-17.2698
12.3753	-25.1367
5.67926	-34.6982
3.72457	-42.8285
-0.147367	-38.5181
-3.09138	-40.5731
-4.66167	-40.2558
-6.19165	-39.4303
-7.66923	-35.4941
-9.12859	-32.3581
-10.841	-30.1877
-11.3149	-27.2929
-11.0037	-28.7684
-8.09777	-30.3969
-6.32297	-22.298
-9.965	-16.0137
-9.19864	-12.3749
-9.42243	-10.0066
-9.54638	-13.3929
-9.63087	-17.9684
-7.59896	-22.7458
-9.1725	-22.8787
-9.37128	-23.9278
-11.3287	-25.1252
-9.56477	-26.3911
-11.3918	-22.0794
-9.85181	-14.2957
-10.8615	-16.1928
-11.3548	-13.0177
-10.6234	-13.5283
-5.3033	-9.0541
-2.86008	-14.6978
-5.26068	-15.6137
0.864272	-9.93221
3.04233	-7.95402
3.26912	-9.7282
-2.11109	-13.2881
-12.3734	-15.4116
-19.4032	-17.9227
-24.4437	-19.6695
-26.1407	-21.7846
-27.816	-28.0646
-25.1653	-28.9031
-22.3128	-25.9694
-13.7261	-20.7695
-19.4457	-23.2871
-18.3062	-21.3007
-13.8465	-19.0399
-12.022	-18.7298
-11.1968	-20.2764
-12.2024	-17.2679
-8.1849	-17.9338
-4.94742	-14.7568
-14.1345	-15.0282
-15.8818	-14.5653
-16.8573	-14.9368
-14.2584	-13.8052
-12.8885	-16.5649
-12.9044	-15.9346
-11.6275	-22.4971
-13.5088	-24.3098
-13.326	-30.0581
-13.3528	-30.2635
-13.505	-29.0893
-13.9071	-30.7985
-15.0977	-31.1318
-10.021	-31.6798
-6.68712	-27.6471
-0.00253907	-15.1642
-1.48574	-6.5266
2.01389	-8.65783
-3.89126	-7.80289
-1.9899	-8.00983
-2.39267	-20.7801
-2.61219	-27.8358
-8.54247	-32.4833
-14.3901	-31.8505
-17.2423	-30.2985
-20.6849	-30.7271
-17.5613	-29.9261
-17.8352	-26.8184
-17.1085	-26.4621
-17.6471	-27.5846
-16.4139	-28.0283
-19.0283	-25.1261
-17.9273	-34.7224
-16.9681	-36.1494
-19.5084	-32.3828
-10.8255	-31.7527
-6.60857	-13.7445
-9.29791	-19.8001
-10.7914	-15.5599
-12.4669	-18.9381
-8.82714	-15.5979
-5.90172	-10.1863
-3.86415	-9.31709
-6.19187	-3.37709
-2.03548	-7.88437
-2.16232	-11.2308
-9.95168	-9.39811
-3.30104	-6.03245
-6.78921	-10.5666
-9.64432	-13.2366
-14.2431	-7.09912
-6.28212	-5.238
-8.56403	-6.78874
-3.86118	-2.29773
-5.37014	-5.80706
-1.78867	-5.74061
-12.0754	-11.7274
-4.10613	-12.0892
-2.51152	-10.6913
2.28572	-7.40967
-2.73873	-9.06582
-1.63049	-6.85085
-4.68306	-5.10142
1.58375	-3.71036
4.46542	-11.3474
6.98886	-3.5347
5.76359	2.21383
6.33824	0.442319
-6.40708	-1.75713
0.122157	-1.11716
-2.32283	-3.01049
5.5626	1.8707
5.07731	7.36074
-1.06259	-4.51166
-0.416917	-4.60492
0.0478928	-4.95188
-0.751301	-4.73944
0.470553	-9.99234
3.03983	-4.53028
-4.05902	-21.1397
-13.3243	-31.0358
-10.9428	-33.8903
-12.7105	-35.4631
-13.0116	-33.4372
-11.9782	-36.1402
-23.2631	-35.4728
-27.2116	-37.8323
-24.7575	-36.4909
-23.1179	-34.936
-24.6878	-35.1955
-19.9891	-35.6979
-19.3162	-36.3196
-15.0909	-33.0554
-12.5281	-31.5709
-10.0186	-29.043
-7.71882	-22.8517
-12.3289	-21.4032
-15.8004	-12.1799
-11.9793	-11.3774
-9.44381	-17.1692
-6.74419	-18.3578
-15.5529	-26.3061
-26.5031	-27.0227
-26.794	-27.4022
-27.0491	-24.6694
-31.0928	-28.6557
-25.9377	-20.1486
-20.9231	-20.9272
-16.5248	-19.0889
-11.0481	-20.6935
-12.3101	-23.4028
-10.4476	-19.2164
-1.91298	-16.6603
-4.21926	-15.8835
-7.60628	-15.4242
-17.8499	-21.3528
-10.8493	-13.5939
-9.7791	-25.0075
-11.5114	-28.1855
-13.0058	-28.4124
-12.0154	-27.7952
-12.0644	-26.8249
-13.8251	-20.8949
-11.5772	-20.52
-13.6401	-21.3555
-22.4752	-22.0341
-30.2921	-27.697
-32.0152	-23.5424
-31.6637	-23.7155
-32.4484	-19.6707
-29.0116	-14.6545
-25.6404	-14.1263
-24.4064	-20.4104
-19.7053	-22.8376
-15.9493	-24.374
-9.924	-24.7191
-10.5597	-21.0486
-6.9696	-17.6343
-5.614	-18.0802
-7.81397	-9.17435
-9.60006	-7.37777
-8.58638	-11.1399
-6.7524	-10.3488
-5.31094	-11.0983
-9.40143	-16.0014
-10.8839	-18.9782
-8.88131	-26.89
-18.1622	-28.2437
-14.5176	-26.7992
-14.1961	-30.0878
-12.036	-35.4441
-10.9424	-34.7104
-10.2951	-33.4461
-14.5802	-36.2354
-21.4667	-35.5345
-23.4611	-41.1575
-24.028	-37.5829
-24.5158	-36.6296
-26.6467	-43.9345
-22.6086	-37.4228
-23.2413	-42.2462
-19.6124	-43.4438
-17.2262	-40.7056
-14.4554	-33.1927
-13.668	-20.8753
-18.3154	-17.4153
-14.8713	-17.4132
-10.817	-22.8935
-12.7448	-22.5119
-12.363	-16.8013
-13.0695	-20.9852
-11.9063	-19.3308
-17.2922	-18.06
-15.6022	-17.5211
-17.0245	-15.1105
-21.011	-24.2452
-30.7678	-21.0485
-30.7296	-15.1616
-32.7313	-9.76263
-27.9071	-5.9303
-23.1614	-9.5885
-17.7809	-19.0506
-11.914	-25.7802
-6.30818	-22.2086
-4.52923	-14.9335
-0.34117	-7.65322
4.41992	-3.16981
-0.10266	-4.53463
-6.65903	-13.2375
-7.47454	-13.9108
-4.12077	-6.56959
-1.91569	-11.9909
-5.62729	-9.56662
-4.66255	-7.43238
-6.58023	-12.4285
-11.5318	-17.3055
-18.3387	-12.4701
-27.1233	-12.6655
-30.6794	-14.2292
-32.9224	-11.9904
-31.8183	-12.7228
-29.6584	-14.5148
-26.7451	-10.8872
-15.8321	-12.8601
-9.51865	-8.45077
-10.5047	-11.7118
-7.24115	-14.5708
-3.2335	-9.09124
7.37922	-11.5694
8.96046	-22.2078
-4.4331	-11.9541
-7.53081	-4.3745
-7.26243	-14.3946
-3.48828	-15.2185
-4.02884	-6.18997
0.218627	-8.37509
-5.04378	-7.56861
-0.979502	-1.60149
-5.9079	-1.28562
-10.6505	-20.4089
-9.56696	-32.5906
-11.8584	-45.0725
-14.6261	-44.4716
-15.521	-41.4921
-16.0638	-42.282
-15.627	-40.5368
-15.6858	-38.4892
-15.4881	-41.6428
-14.0403	-39.7518
-10.9605	-35.2108
-7.74012	-30.5531
-9.74428	-33.8819
-9.24323	-27.3538
-6.45732	-31.1097
-7.86704	-30.0492
-5.8026	-27.4984
-3.89147	-24.4862
-1.56153	-21.8959
-0.526757	-16.0686
3.40072	-11.6513
3.49423	-10.9937
-4.5972	-16.9288
-3.0613	-3.03739
0.575628	10.8493
-6.05347	6.76466
-10.8236	-0.634582
-6.47644	-3.03982
-6.62474	-4.51572
-5.82907	-2.71509
-8.0797	-5.63148
-7.87587	-2.32574
-9.16302	-1.07839
-5.69333	-6.06027
-10.9039	-8.72627
-5.06702	-3.93172
-7.81036	-2.78063
-10.0367	-13.0388
-0.862564	-7.15267
3.62663	-6.66379
0.240473	-3.8357
0.650343	-8.39837
-4.67775	-17.8301
-1.88528	-17.5749
1.39098	-0.422532
-0.387937	-6.07781
0.938752	-9.40702
1.14434	-8.30937
7.35652	-13.1467
3.97203	-8.87611
4.05311	-11.4709
1.35118	-10.4329
0.486031	-10.8874
-2.47587	-15.5594
1.82608	-5.82854
0.894873	-9.21745
-2.5199	-12.3803
1.93832	-12.617
4.70919	-9.98729
-2.23314	-8.92982
2.77875	-5.04724
-0.0665478	-6.73432
1.4137	-5.92352
8.36026	-9.19889
6.12346	2.18761
6.14635	7.96034
1.19116	1.20143
0.529487	0.794346
10.0409	2.07603
1.45527	-1.3673
6.54091	4.08726
-0.900819	-5.21583
0.0110526	-3.95791
-2.17872	-2.5733
-4.291	-4.28453
-13.7183	-7.25585
-12.7539	-4.28599
-16.4687	-7.04205
-17.8197	-8.87188
-21.0013	-14.3807
-23.1917	-11.5204
-22.1712	-18.2534
-18.162	-20.9146
-16.1869	-21.7579
-0.649381	-23.6016
-9.40133	-19.2012
-23.2054	-16.89
-17.01	-15.0699
-11.6537	-5.45227
-10.2262	-11.5294
-11.2832	-14.9607
-9.96772	-25.803
-12.5656	-29.9722
-9.47111	-33.9255
-7.41354	-32.1708
-6.89015	-30.7701
-7.85476	-29.6353
-9.75157	-30.6024
-11.7664	-32.5384
-14.2186	-33.3993
-13.0532	-30.428
-16.9439	-26.5971
-20.4964	-25.0537
-16.5044	-27.5819
-11.7691	-25.9995
-6.44386	-14.5199
-2.58383	-13.5567
-10.394	-14.7078
-10.4751	-15.5841
-10.5699	-12.648
2.00595	-6.38754
-12.4783	-14.8844
-22.7051	-13.2787
-10.7771	-2.92026
-3.82659	-5.39853
-2.05902	-9.38087
-17.4466	2.07032
-24.5717	-6.51149
-29.3089	-17.1643
-27.9262	-11.3904
-17.7058	-15.451
-25.5952	-25.3658
-30.5934	-25.895
-25.8068	-24.6337
-15.9801	-24.0865
-5.23731	-31.7417
3.09998	-30.5474
-2.71395	-34.036
-9.75427	-34.1918
-14.4036	-27.7065
-15.257	-33.2625
-14.2819	-34.3027
-14.5257	-35.2916
-12.5969	-34.4799
-14.7222	-33.641
-14.7439	-35.8536
-14.0404	-36.0701
-14.5623	-35.0308
-12.7198	-35.1922
-15.1425	-36.6599
-13.1835	-36.622
-7.0508	-34.4348
-7.29672	-28.6344
-0.507827	-24.1163
-6.69478	-30.6768
-11.5862	-35.8687
-13.059	-37.0811
-13.558	-36.405
-11.6824	-32.0522
-12.3713	-31.4162
-16.2095	-30.9662
-15.1734	-29.7729
-14.8691	-30.8088
-13.1857	-30.8544
-11.7484	-16.4558
-10.0127	-17.8758
-5.18978	-11.7439
-2.70098	-7.28531
-6.50176	-8.65098
-7.47294	-16.6591
-9.53883	-31.5488
-12.6311	-32.2058
-12.6656	-31.1672
-12.9464	-32.8131
-9.56839	-35.2881
-7.19123	-34.3272
-8.51151	-34.4006
-7.48536	-42.6029
-15.1656	-44.1464
-16.3154	-43.4279
-12.6874	-45.8356
-14.8804	-42.4203
-13.8484	-39.6239
-11.3749	-35.6115
-10.3252	-30.7795
-12.6836	-25.601
-14.9773	-25.2324
-16.2552	-28.0196
-14.8631	-28.3767
-17.8587	-26.066
-13.5184	-25.7411
-11.9904	-24.5152
-12.4744	-22.1052
-12.1707	-23.383
-8.6053	-26.3419
-6.62698	-23.0642
-4.08909	-24.0684
-1.66986	-31.914
-6.10482	-26.2849
-5.69894	-30.199
-7.45951	-30.374
-8.35142	-44.4922
-19.1018	-40.9842
-26.6108	-30.3089
-27.4722	-30.4887
-29.5872	-30.112
-29.0452	-30.3762
-27.8901	-28.4046
-26.7124	-29.21
-22.5529	-32.2079
-16.1857	-30.0081
-9.96186	-20.3164
-8.65439	-14.8724
-6.19335	-14.2509
-7.12798	-11.7881
-6.13468	-11.3073
-2.89062	-9.52073
0.454507	-16.7641
-1.77409	-14.3616
-3.73396	-10.317
-2.42796	-10.809
0.410925	-12.8286
-4.15174	-28.3815
-3.97155	-30.9884
-5.1597	-23.5481
-0.729315	-17.226
1.11076	-14.5718
-4.91045	-17.9492
-6.29219	-17.2936
-5.88882	-11.6618
-3.23977	-6.55559
-5.19448	-11.5608
-4.14066	-10.2536
-5.98406	-6.30665
-10.1917	-9.67086
-6.27131	-12.8184
-2.58445	-10.7104
0.0777888	-5.12575
-7.75813	-9.60783
1.75337	-8.24722
-0.68934	-5.32875
3.24083	-10.9774
1.15887	-10.1052
-0.890746	-0.762272
1.95984	-3.48909
-1.31937	0.318874
-2.06423	-4.9752
-5.67907	-5.12847
-4.44777	-1.23017
-1.90454	-9.78301
1.73331	-2.31442
1.26453	-2.76575
1.29328	-0.783068
-0.353338	0.862035
-2.31668	0.853822
0.993021	-2.77476
-0.133274	-0.68245
-1.22734	-5.96242
1.52439	-4.44421
4.55191	0.54494
3.12335	0.160219
0.871745	3.7483
0.52168	1.53451
-1.69924	-6.57423
3.12999	-7.32626
-23.3729	-29.4738
-25.1832	-29.9058
-25.7155	-30.4172
-24.2639	-29.4983
-23.8834	-23.8294
-21.1615	-18.9531
-13.5241	-23.7075
-13.0723	-29.1242
-15.8771	-29.5445
-16.5732	-29.9347
-18.7085	-28.7407
-17.8	-31.46
-17.0277	-32.1373
-16.3641	-25.5487
-12.5393	-19.4552
0.413084	-13.6892
1.0405	-6.86022
-1.37642	-6.64351
-1.73399	-9.1427
0.426307	-2.74278
-11.7274	-15.094
-13.694	-14.7717
-17.0138	-18.1001
-14.0808	-16.4205
-11.7288	-13.8441
-11.1818	-12.6075
-10.0986	-13.1484
-10.2909	-14.453
-11.9884	-17.4509
-12.8044	-21.6199
-12.4978	-19.4582
-12.4475	-23.0069
-10.0677	-34.5467
-6.60521	-41.8137
-1.30182	-36.0137
-0.956145	-15.8197
-5.17098	-14.0421
-8.84167	-10.2179
-7.25689	-7.04482
-3.26145	-8.98938
-4.07486	-13.7634
-4.74239	-14.2079
-0.402567	-7.77272
1.84917	-11.626
2.3868	-2.75419
-10.5602	-20.1306
-12.4538	-16.5872
-16.7643	-19.3886
-13.4201	-20.0661
-7.18427	-19.7771
-8.74525	-20.3798
-14.0685	-21.4289
-12.5628	-20.4093
-13.4234	-22.0502
-12.9332	-25.9092
-11.636	-27.9974
-11.9849	-24.7048
-10.3469	-24.3814
-9.78699	-21.2959
-10.9998	-18.9414
-12.0327	-21.3156
-11.9327	-19.957
-12.0522	-22.1726
-11.3266	-24.6731
-10.4445	-22.9192
-10.2043	-21.4757
-9.38752	-19.4959
-8.56786	-16.5317
-7.65855	-9.84897
-4.22797	-6.07209
-13.1046	-17.7174
-11.2411	-17.7269
-2.34726	-11.9135
-2.36556	-11.878
-5.812	-8.68401
-7.50284	-10.2791
-11.2454	-18.3044
-12.1222	-13.9728
-7.63955	-25.9011
-9.42124	-30.5598
-11.6027	-29.4904
-8.50708	-30.3425
-13.3329	-31.0231
-11.3067	-34.4219
-13.5143	-32.214
-13.5806	-33.8328
-13.9278	-33.3748
-13.6953	-33.2845
-14.289	-33.3756
-13.0655	-34.1222
-13.14	-33.7171
-12.3608	-33.6558
-12.7831	-34.6725
-9.51938	-35.3709
-5.40202	-36.5813
-8.46829	-32.643
-11.8646	-31.6118
-12.057	-27.7243
-10.2072	-27.3127
-10.0755	-23.0481
-10.2931	-23.9959
-10.4853	-26.238
-6.71789	-21.0053
-3.75982	-18.4801
-3.71565	-17.2599
1.01869	-11.5757
0.699202	-1.01649
-2.56393	2.80816
-11.1087	-14.6165
-15.5763	-16.8384
-16.885	-17.4587
-6.50627	-10.7714
-5.68475	-4.41272
1.7652	-5.8431
-0.405496	-4.77039
0.788789	-8.0537
-0.83717	-3.85002
-4.58896	1.22675
-7.22508	-6.81904
-2.67807	-2.12272
-2.27551	-2.77796
0.147079	-0.0406645
-5.79089	-3.65648
-5.46437	-2.97076
0.880024	-4.44786
1.19933	-5.67479
-1.66046	-4.00441
1.64523	-1.69741
-3.44593	1.97386
-4.34215	-1.76094
1.78872	-5.16583
-0.63328	-0.0257687
-3.20294	-5.61489
0.362679	-1.41842
-8.81117	8.80433
-2.8981	0.539121
2.68206	-5.45802
-2.91214	-4.19748
-2.97308	-5.55822
2.05856	-5.98843
-4.03544	-8.92851
-3.73887	-7.21844
3.0691	-8.24238
-0.442287	-6.23326
-4.40017	1.38963
-5.41721	0.38698
-1.22897	-6.48034
-23.0699	-22.8539
-28.888	-21.3237
-32.4852	-21.0944
-34.0114	-19.4409
-33.5238	-23.6287
-34.1692	-22.3926
-33.1213	-21.5328
-31.5154	-19.3289
-22.8497	-17.7745
-4.61754	-12.9527
-1.88365	-15.5566
-8.33344	-17.2746
-12.6066	-13.9518
-27.6821	-16.7643
-32.8953	-20.3629
-15.4377	-12.5649
-7.33947	-2.17362
-16.1234	-23.3228
-23.5365	-20.8034
-29.4472	-24.1597
-20.4979	-22.5917
-21.7649	-24.8354
-23.4373	-28.3382
-22.5834	-31.9019
-25.3074	-31.6529
-25.0898	-22.0708
-16.0316	-19.9022
1.65301	-13.9137
9.44834	-15.3496
-3.01914	-11.0909
-5.86613	-4.04361
-4.51467	-10.2419
0.662889	-5.4657
-3.20142	-5.41134
-1.01182	-9.57116
-15.6707	-15.7402
-22.7791	-23.8579
-15.6606	-16.8842
-16.0846	-15.7759
-14.4163	-18.3412
-18.4596	-20.6411
-16.9799	-18.7941
-19.5713	-24.1054
-17.7338	-30.7493
-17.228	-29.2268
-14.691	-29.9002
-17.9839	-27.21
-18.6276	-25.5771
-21.149	-27.8977
-16.0221	-25.9317
-13.0032	-23.9905
-13.7644	-23.3984
-13.6535	-24.1986
-15.5703	-24.3322
-14.4359	-25.1668
-15.0529	-24.8596
-9.06639	-14.1181
-0.173077	-1.48443
-8.34129	-9.57629
-16.9985	-12.8069
-15.9805	-9.81554
-12.7321	-4.65938
-17.3279	-4.9399
-14.5702	-3.15241
-7.8113	-3.46048
-6.70524	-4.10561
1.31198	-1.77354
-4.01516	-7.60656
-5.50237	-9.07892
1.94271	-5.32183
-2.39357	-9.01168
-6.0325	-17.1849
-8.84234	-19.9039
-12.7292	-20.204
-11.8692	-19.6398
-9.93875	-23.7759
-10.6806	-25.2244
-9.74766	-26.5678
-13.9742	-34.7926
-15.0878	-38.6842
-18.3834	-41.2733
-21.135	-43.5577
-20.7495	-39.9512
-23.4144	-42.6379
-24.9185	-44.386
-21.3895	-47.3388
-17.1408	-48.3458
-14.081	-51.0391
-4.02997	-46.2118
-2.62583	-41.2313
-0.778182	-37.5203
-2.10575	-35.5517
-1.96879	-40.8674
-4.61881	-41.8559
-10.4314	-47.6607
-14.1526	-43.5187
-13.4184	-41.9536
-14.969	-44.5721
-14.9476	-42.9034
-13.927	-43.7653
-12.3663	-38.3017
-15.446	-30.6608
-13.6895	-18.9691
-11.2288	-17.3577
-9.47146	-13.8967
-1.59186	-16.1396
-7.26692	-9.92723
-4.85029	-10.6701
-3.95011	-9.33135
2.94055	-12.7283
-6.15217	-16.5331
-11.6476	-24.8
-16.6428	-29.1421
-15.77	-25.9238
-14.4269	-20.6968
-13.9054	-16.5962
-13.1853	-20.9968
-17.7644	-21.4791
-11.8764	-26.6595
-12.3109	-26.0385
-13.0781	-26.4686
-12.3	-27.4624
-19.8143	-20.578
-17.8853	-15.5389
-15.7475	-12.2895
-15.8688	-13.8384
-15.1229	-10.2518
-19.6322	-13.7642
-21.4895	-18.2021
-5.04005	-4.79615
-6.55933	-1.95822
-8.78884	-3.9203
-6.66975	-9.74949
-7.80668	-4.34756
-7.02295	-9.58837
-8.50774	-9.68996
-11.6219	-6.25968
-11.2572	-5.703
-18.9066	-16.2085
-32.5575	-18.5782
-30.4369	-16.1641
-30.4756	-15.6453
-24.1006	-14.5704
-22.6249	-18.8638
-15.8093	-19.3592
-9.67489	-20.6304
-3.02897	-24.0052
-1.86624	-16.2099
-4.17261	-16.2263
-9.56695	-25.8222
-12.8458	-26.9241
-7.62169	-23.1573
-1.77966	-7.45823
-4.05867	-9.90514
-11.0197	-10.5508
-8.5229	-9.86972
-10.466	-8.7145
-8.30079	-5.57459
-3.37021	-6.68981
-6.01034	-17.3347
-16.4585	-29.0036
-18.5342	-29.5009
-14.9276	-26.5247
-12.962	-24.9335
-13.8744	-27.3376
-13.0323	-31.027
-15.3995	-35.9973
-12.7227	-33.7751
-11.9433	-34.8779
-1.85596	-35.3022
-9.22175	-30.8836
-17.9711	-21.4823
-21.546	-19.6776
-24.8381	-20.4663
-22.8449	-21.2889
-22.4221	-21.6262
-25.2059	-20.2928
-26.6318	-16.0065
-24.7223	-11.2694
-23.1546	-11.0725
-16.1926	-11.2916
-15.5837	-17.485
-15.659	-18.5695
-12.7371	-25.4173
-8.55095	-28.5416
-1.60207	-37.3015
-0.129607	-34.0111
1.53115	-36.1447
-4.45577	-36.2353
-9.71216	-32.2936
-15.6403	-25.5129
-17.2068	-22.3936
-18.8266	-18.9242
-25.0785	-13.5501
-19.5142	-19.3428
-14.0839	-15.3091
-0.434189	-17.0421
-1.8981	-13.8402
0.971968	-10.3655
-2.61126	-9.74461
-2.88279	-14.5672
0.306201	-6.24583
-1.18084	-14.5621
-3.44584	-19.3535
-0.496056	-28.6301
-14.5224	-31.8043
-10.9878	-19.2224
-2.56074	-10.2744
-7.49606	-28.7844
-16.4937	-32.4864
-14.0769	-32.0556
-14.9427	-34.0925
-20.8419	-40.4302
-21.7952	-41.9564
-19.1817	-42.7699
-14.2167	-41.5245
-15.3342	-36.7914
-15.87	-31.1006
-14.695	-34.2823
-14.0926	-34.4055
-12.9563	-36.8793
-13.455	-35.9788
-15.4432	-33.1359
-14.5177	-32.6121
-11.0762	-25.6345
-10.073	-24.1772
-8.62659	-15.536
-6.50767	-15.5571
-5.35467	-21.323
-10.0339	-30.2406
-13.2748	-36.0562
-16.2533	-33.2972
-17.1359	-31.4004
-11.501	-21.0779
-15.4285	-25.2685
-14.128	-21.2096
-15.8063	-20.1443
-13.8547	-15.485
-0.0851056	-10.0089
0.316445	-8.47286
-2.50717	-7.48222
0.0704583	-12.3563
-0.634101	-10.8024
-1.59864	-14.4475
-1.89572	-16.3792
3.74971	-16.6082
0.140748	-16.9204
-2.13811	-21.6889
-6.56218	-29.896
-18.3824	-42.9628
-21.7529	-42.5591
-23.2698	-42.7123
-17.0826	-37.8289
-13.2031	-34.8785
-14.549	-30.7117
-12.6145	-29.9851
-13.6229	-31.3951
-13.2311	-26.3607
-13.2425	-27.4639
-8.40786	-25.488
-11.6638	-16.5871
-16.9485	-15.3716
-9.78797	-22.2527
-10.5161	-30.7656
-10.6734	-35.0162
-13.5628	-31.0515
-11.0337	-23.5916
-11.4368	-22.0931
-12.5618	-24.0047
-11.8564	-20.849
-8.96567	-21.9953
-11.0824	-22.8979
-10.8939	-22.543
-12.1294	-21.6659
-14.8615	-22.0402
-13.9855	-21.2486
-12.2303	-20.4126
-11.9028	-20.6168
-11.9003	-21.4394
-12.0813	-25.1467
-12.7438	-29.6394
-12.7021	-31.5443
-9.78567	-31.5231
-5.98738	-26.5656
-6.23402	-20.8238
-2.92946	-23.9215
-1.22739	-30.5545
-0.679092	-37.6712
-3.0921	-36.9473
-12.7685	-39.8311
-18.0526	-37.7599
-13.4457	-35.7972
-12.0348	-27.8231
-10.8733	-29.4173
-11.7718	-26.0625
-10.6192	-25.7497
-10.5525	-23.8409
-8.41187	-20.5849
-4.67624	-14.5639
-1.10058	-12.8711
-0.948682	-5.27568
-6.91009	-16.8956
-17.3	-17.8469
-4.39517	-19.7765
-13.0883	-29.4927
-18.5764	-29.4178
-19.2424	-32.2262
-17.963	-33.193
-15.4754	-39.0311
-12.4145	-36.0004
-4.55768	-27.5394
4.39751	-15.2195
0.214234	-14.224
-5.87056	-15.0793
-3.47865	-12.9657
-7.02121	-8.39336
-1.85335	-8.95078
-9.32447	-20.7465
-7.93977	-17.1399
-8.2636	-30.2257
-18.2565	-35.1939
-15.382	-34.0083
-9.72964	-27.5218
-11.4445	-32.9507
-14.7654	-32.4181
-16.8694	-32.0509
-18.5015	-32.4861
-17.8236	-32.1108
-17.8297	-32.8685
-17.2982	-31.7784
-16.388	-32.2154
-15.6192	-33.061
-16.3558	-32.81
-16.782	-29.9213
-15.5729	-34.7874
-14.7639	-35.9632
-6.92655	-26.0525
-0.147031	-14.8508
-7.04755	-13.3988
-8.44295	-20.4125
-13.8545	-11.4562
-10.9692	-5.54348
-6.90404	-5.6382
-10.3595	-5.45377
-9.34733	-8.81927
-4.6334	-3.37045
-5.42307	-4.09785
-2.86474	-3.70848
-6.23724	-9.23726
-4.96542	-9.16043
-8.52403	-14.3043
-8.00482	-6.0303
-8.20991	-9.59428
-8.52041	-6.1317
-10.333	-5.98538
-4.89045	-12.7619
-5.02404	-7.70011
-4.28675	-10.4699
-4.51889	-7.32361
-2.75751	1.61663
-2.69602	-2.80115
0.262624	-5.58564
-1.49525	-0.216169
2.22664	-3.2236
-0.908978	-5.99317
0.909192	-3.42097
0.334429	-1.12634
1.65736	2.28087
-0.439764	-3.18236
4.65737	-3.79923
3.94623	-1.80121
6.35907	1.05505
5.02809	3.79155
1.33104	-0.244156
7.74953	-4.42203
4.30022	-1.48391
9.85255	-1.2603
-2.73475	-11.4741
0.116771	-1.40559
-0.837088	-2.6032
-3.00922	-8.49906
-2.13429	-8.41537
-4.14689	-5.22824
1.87486	-15.9911
-13.854	-21.0054
-13.325	-18.303
-12.7043	-18.6225
-14.9567	-17.6154
-16.4348	-19.5576
-18.5133	-26.9635
-13.6867	-19.2419
-9.55706	-13.5503
-7.6251	-14.3615
-7.37359	-11.2841
-9.47084	-12.9491
-10.8101	-17.3432
-8.42717	-27.1899
-5.49762	-24.1357
-3.16726	-19.5303
-4.99538	-20.0677
-4.83182	-20.8887
-17.6636	-19.9082
-17.1724	-10.3676
-11.5974	-8.39645
-10.07	-11.2539
-7.79872	-11.3359
-8.57675	-15.5919
-13.1847	-20.4683
-10.7054	-22.6736
-10.2123	-32.5347
-12.5727	-34.1982
-10.7184	-34.5158
-11.6445	-36.0274
-10.9584	-36.829
-17.3911	-37.227
-19.3183	-37.1352
-19.3732	-39.5933
-20.2977	-41.9377
-18.6129	-40.3634
-15.8309	-44.1022
-12.4602	-37.614
-12.1579	-37.2885
-17.9802	-34.8429
-15.7401	-32.9219
-17.6598	-33.5863
-13.7252	-28.4084
-13.9348	-27.0946
-12.8389	-22.8448
-13.3008	-23.4807
-7.11398	-23.3391
-6.14835	-20.5328
-2.90212	-18.5806
-5.15793	-16.0573
-3.38414	-19.2745
-6.70277	-19.2417
-16.7496	-16.3055
-21.7564	-21.4385
-17.9553	-22.1209
-13.8548	-21.0547
-13.189	-21.6321
-9.7462	-26.0794
-4.6696	-18.0465
-2.50089	-11.4572
-1.21145	-18.9525
-11.13	-20.0967
-1.14738	-3.8925
-2.71997	-10.6002
-5.4103	-12.557
-7.77475	-10.4587
-5.11919	-14.0648
-9.9779	-10.8884
-1.4317	-8.18765
-2.92558	-12.4425
-9.01923	-17.2124
-1.94926	-13.6874
-3.45153	-16.4328
-5.38465	-23.3501
-9.34983	-34.8441
-10.0352	-39.0296
-15.4801	-39.9041
-15.585	-43.3588
-15.479	-44.4622
-12.5684	-45.3951
-7.35338	-45.2028
-3.07729	-44.8872
-1.32958	-29.2307
-1.05435	-17.2235
-4.25048	-19.6078
-4.86556	-19.5022
-7.79924	-10.46
1.69524	-10.4352
0.683165	-9.37532
-0.445552	-13.05
-2.63117	-8.49178
-12.0061	-14.5913
-14.4833	-23.2091
-4.64223	-23.2007
-14.2547	-36.3958
-16.1193	-36.199
-14.4395	-29.1088
-16.22	-25.285
-16.9712	-26.4912
-16.1115	-24.6682
-16.3933	-28.0336
-14.8474	-26.097
-13.9399	-29.749
-16.3697	-29.4904
-14.7304	-24.8872
-17.4877	-26.092
-16.131	-24.6165
-14.9713	-20.0281
-13.8339	-19.9924
-17.2076	-22.2214
-18.4114	-19.322
-9.17062	-11.0178
-7.66043	-13.2093
-7.41195	-16.4356
-8.92752	-11.5154
-7.96366	-12.107
-8.22012	-12.3078
-6.12523	-7.84502
-7.50053	-16.0974
-8.12671	-12.9884
-15.443	-28.2918
-23.2603	-20.2032
-26.7512	-19.3214
-32.0336	-18.7557
-26.1241	-15.9228
-16.8651	-19.1962
-7.9063	-27.7565
-1.65524	-37.6664
-1.96083	-41.0418
-0.637043	-35.9692
-6.349	-33.0685
-7.45816	-30.2076
-4.93348	-29.9881
-8.14348	-31.1541
-14.6485	-25.488
-10.6026	-33.4156
-13.9056	-34.8903
-12.2615	-38.0199
-15.2481	-39.3804
-15.5718	-36.5166
-15.8403	-30.8089
-13.3703	-27.5634
-10.1384	-22.5792
-12.1354	-21.2144
-12.3124	-21.3359
-8.72886	-17.6241
-8.90959	-16.2197
-8.77434	-16.2944
-9.32421	-15.259
-9.89678	-16.4408
-10.7448	-14.7273
-10.815	-15.1969
-14.388	-13.8331
-15.1497	-10.7296
-14.7131	-8.7435
-22.6338	-6.77824
-26.2387	-5.46093
-28.9624	-8.1071
-33.035	-14.1184
-34.0322	-17.3049
-30.6751	-22.2915
-30.6397	-26.3049
-24.4484	-23.4952
-25.4122	-18.6145
-26.5383	-21.445
-28.1314	-19.1923
-22.4053	-22.376
-15.5109	-22.9759
-13.772	-23.147
-9.51464	-26.8179
-7.8863	-26.7583
-8.31246	-25.1362
-13.9126	-29.1736
-14.4544	-18.8259
-15.458	-14.3118
-18.6739	-9.21457
-20.2421	-7.91114
-23.7459	-6.90087
-27.1839	-12.1829
-27.5891	-13.4592
-23.4932	-12.9411
-18.289	-12.8511
-10.4423	-16.5532
-9.51069	-10.796
-1.10498	-4.53249
-1.96859	-7.96634
-5.10359	-13.9448
-5.76947	-8.95009
-8.51691	-8.65922
-8.50843	-14.687
-3.9358	-4.75793
-4.53077	-12.6736
-13.3648	-13.7334
-6.6244	-18.3174
-1.92629	-15.6
-18.5887	-8.76767
-22.8555	-10.8383
-24.3112	-13.9452
-23.3565	-17.1861
-24.1161	-15.6085
-21.0837	-22.9864
-16.9994	-27.701
-18.5663	-21.797
-18.2801	-20.7091
-21.9981	-18.3523
-21.3295	-24.682
-22.1446	-22.036
-23.1432	-20.5561
-20.0991	-27.2623
-20.9035	-24.6657
-22.4691	-22.0587
-24.0316	-21.123
-25.4925	-18.8521
-24.8948	-16.8536
-20.5482	-15.6045
-16.5291	-15.2121
-7.7768	-14.5865
-2.94219	-12.3717
3.91651	-10.4923
6.11329	-12.5289
-1.8328	-15.361
-9.7592	-15.2573
-15.5428	-11.5333
-10.2326	-10.9035
-10.7729	-3.89449
-16.1701	-4.92091
-15.4395	-4.50847
-14.3363	3.18356
-12.7397	-6.65371
-11.8602	3.10984
-9.06241	-4.37584
-11.9909	-5.75227
-3.79112	-3.236
-8.34229	-4.33849
-11.9012	-0.905777
-1.55854	-6.0233
-3.31241	-1.45221
-0.57752	-5.16818
-2.16987	1.77201
-1.3174	-5.70079
-0.900966	-5.5663
4.98562	1.82152
-0.2302	-3.95952
-5.21398	-4.98022
0.887647	-6.04508
3.60612	-3.1676
3.26859	-0.164512
1.07324	-3.2085
7.10792	-0.618999
-0.470779	-5.56651
-1.08453	-0.227186
-0.066131	-3.80894
-4.87071	-17.438
-28.4722	-32.6059
-29.7891	-28.7115
-25.7119	-30.2669
-27.4655	-23.8328
-27.475	-18.1733
-24.5739	-18.811
-19.9187	-17.4939
-10.8424	-22.2518
-12.6667	-19.5072
-11.6713	-19.9106
-10.5292	-22.9632
-12.885	-22.673
-12.1293	-24.9279
-15.6732	-24.163
-11.2033	-26.5753
-13.071	-25.0003
-6.11075	-26.0131
-8.98382	-16.6999
-14.2662	-10.0058
-13.2453	-28.0088
-9.09319	-27.0086
-14.5196	-28.4639
-15.0325	-24.7765
-15.625	-20.1988
-15.7587	-17.7081
-15.4898	-16.707
-11.7006	-12.6626
-12.4862	-10.3424
-17.6553	-17.4254
-19.097	-19.9869
-19.1966	-23.1851
-19.3527	-30.7713
-11.661	-27.6632
-11.7118	-19.1565
-2.68453	-14.81
-3.66807	-7.04416
-2.17075	1.59275
-0.807913	-1.83019
-1.06501	-3.33674
-3.04906	-10.1249
-12.6142	-25.0621
-19.6599	-27.431
-21.8258	-26.2948
-17.8524	-21.5778
-23.2689	-22.9535
-19.2067	-21.4409
-17.0772	-19.6707
-19.6039	-22.9249
-21.9626	-25.2313
-19.585	-25.7683
-22.2563	-25.4321
-22.4214	-25.8671
-22.184	-21.4562
-19.913	-21.3946
-16.6009	-21.7854
-14.906	-17.0635
-15.4869	-16.2556
-12.1869	-16.295
-3.07786	-12.5487
-3.81675	-19.5367
-8.64497	-26.4805
-16.1346	-25.9524
-19.2679	-24.451
-15.4118	-21.6505
-12.1833	-19.1037
-11.8131	-21.6598
-13.9624	-23.608
-13.4467	-26.3869
-10.7418	-33.8372
-15.9719	-36.4867
-14.2343	-28.6112
-16.9993	-32.1195
-15.241	-33.3191
-12.2021	-25.2399
-12.5917	-22.4836
-12.2662	-21.5956
-13.324	-22.0042
-18.0706	-22.2017
-16.2848	-19.7494
-19.6271	-17.8018
-18.7284	-18.4104
-26.1541	-23.6279
-29.0843	-25.0858
-28.6647	-25.152
-28.4425	-22.1725
-25.3139	-18.2991
-24.8681	-15.6673
-17.0289	-19.765
-10.4915	-21.2572
-0.934244	-15.3903
2.63024	-21.3714
-5.92242	-20.0827
-10.4239	-16.0065
-8.02205	-16.201
-1.6203	-7.33563
-0.678572	-11.3726
-5.84954	-9.86806
-2.30972	-4.20762
-1.2619	-7.95433
-4.85065	-10.5082
-2.9631	-6.56419
-5.56085	-8.5261
-4.87945	-5.83867
-9.45461	-8.34271
-10.6157	-7.18387
-16.4988	-22.9136
-15.4221	-25.3747
-8.74024	-17.6318
-15.152	-23.3042
-16.5033	-27.3673
-14.7091	-23.6603
-12.4542	-21.7145
-11.4281	-21.0806
-11.9325	-20.0721
-12.7883	-23.9656
-14.6344	-22.5491
-16.7595	-21.6436
-12.482	-17.0442
-7.8375	-8.16965
-3.62272	-1.43821
-11.4905	-7.65026
-17.103	-7.72183
-15.4696	-2.6148
-13.0695	-3.3992
-6.41338	-1.25687
-5.8577	-10.8726
-4.56989	-17.1204
-11.9686	-11.1809
-7.69594	-12.2581
-9.43556	-17.8786
-16.0676	-30.683
-15.2352	-32.2785
-14.6454	-34.6954
-13.5712	-32.4751
-14.4024	-32.5462
-13.8804	-33.7524
-11.9015	-35.6777
-9.92279	-36.9135
-13.0899	-39.811
-8.00477	-38.4266
-11.6478	-38.0503
-9.99906	-41.0017
-8.08853	-37.5701
-11.7988	-31.3463
-12.6155	-27.5611
-11.4982	-24.8784
-9.17009	-23.3968
-11.6984	-24.4097
-11.8352	-24.0463
-15.8942	-33.1471
-11.5323	-28.5797
-7.20998	-18.155
-2.18542	-6.74645
-8.34655	-7.85671
-4.29143	-5.10562
-3.75454	-15.7784
-6.37525	-30.9454
-8.49923	-41.4691
-10.182	-42.6384
-8.11361	-43.5267
-11.7529	-43.6348
-12.7723	-46.8724
-8.32851	-47.8189
-5.43253	-49.4628
-3.64193	-38.0956
4.13838	-26.2708
3.84665	-20.0894
1.71359	-14.417
-9.94241	-23.628
-2.1474	-19.2777
-11.0425	-39.4279
-13.8769	-41.7164
-12.7329	-36.7056
-11.0136	-33.344
-9.57063	-31.8307
-11.4667	-31.7021
-12.5478	-32.8306
-12.3269	-29.7622
-14.7072	-29.9895
-15.4456	-30.5205
-15.2163	-34.8221
-13.1661	-34.0586
-12.8902	-20.368
-11.8674	-20.9996
-9.43365	-25.1665
-4.64958	-29.8776
-12.2028	-38.6719
-15.8138	-35.998
-16.3327	-34.6568
-18.2573	-32.7936
-15.4081	-31.2603
-14.2478	-35.9651
-11.011	-37.0185
-5.34237	-24.4725
-1.12207	-18.8238
1.03922	-18.441
5.531	-13.9949
5.43724	-13.7974
0.789964	-10.6105
2.9294	-3.0393
-3.56401	-8.22703
-11.9515	-17.76
-13.0549	-14.3447
-2.58991	-8.48675
-5.96523	-25.7851
-4.23551	-30.3205
-8.9702	-35.3187
-13.0293	-36.6834
-13.5391	-32.2177
-16.1111	-29.6958
-13.994	-28.468
-12.887	-24.0548
-12.5354	-19.7408
-13.358	-16.9036
-12.52	-15.1166
-12.2035	-14.8976
-12.9931	-16.4418
-12.5068	-18.3088
-11.4055	-22.1626
-14.1404	-20.41
-13.6349	-22.1899
-13.4705	-21.787
-13.6031	-21.0713
-12.3444	-21.0987
-13.485	-18.1403
-13.7555	-16.6744
-13.8649	-16.2775
-12.1587	-13.9577
-12.5837	-11.1327
-10.6287	-12.2722
-5.558	-13.0345
-5.88551	-7.18032
-11.4933	-15.4787
0.459562	-8.06801
-0.78892	-10.6068
3.37559	-0.0180421
1.71275	-4.77824
-6.91066	4.58233
-7.96835	-5.44689
-11.446	-2.04417
-15.5301	-6.05479
-7.74227	2.54824
-11.3304	1.38
-12.5446	0.548687
-5.60091	-0.847397
-6.7216	-0.498178
-4.71179	2.10576
-11.6906	-0.716782
-8.84701	2.45936
-11.352	7.95303
-7.33073	2.87173
-5.31529	-6.48933
1.40987	-10.7414
0.773277	-11.3848
3.21388	0.238588
-3.03607	0.125851
-6.49715	-0.461037
-4.1269	-2.94301
-1.67718	0.726031
-1.10848	-3.42193
-1.65068	-0.305164
-6.45039	-4.32707
-4.14913	-0.574902
-4.90516	-0.504728
-4.21102	2.63444
-2.77062	-4.37404
0.0375627	-4.96215
-1.73348	-14.5947
-0.102082	-8.70594
0.735742	-2.93969
0.353684	0.592213
-1.20438	-3.70724
-5.69774	-7.43108
-0.319887	0.45211
-4.00522	-2.3868
1.59868	-1.06884
0.985478	-3.68276
-3.47334	1.63368
-0.611056	5.20349
-0.98416	-0.87199
-3.69015	-2.19661
-8.95849	-10.2747
-10.5431	-10.5003
-10.2386	-8.35266
-15.6398	-10.1069
-15.1716	-11.8038
-20.7033	-14.5361
-19.7733	-17.0388
-17.3362	-18.2161
-15.829	-22.4211
-13.6153	-17.0919
-11.9271	-11.3351
-13.084	-10.3797
-14.8001	-8.49801
-9.75139	-12.0015
-9.64933	-11.7418
-2.24138	-19.0553
-4.69674	-20.4863
-6.31014	-15.8737
-4.48968	-15.6897
-9.32305	-22.3916
-13.7128	-26.8755
-18.0879	-26.7771
-16.7544	-19.7323
-14.9603	-18.9476
-15.5405	-14.925
-11.2484	-16.2312
2.16512	-19.0327
-2.08869	-15.6993
-12.6781	-20.2082
-12.1022	-20.7089
-10.7831	-11.5171
-2.67488	-11.3555
-8.45245	-6.91585
-1.43231	-12.1226
-1.30899	-12.4968
-9.54638	-35.6131
-15.7411	-47.277
-12.1297	-44.7292
-12.2755	-44.2606
-12.8947	-46.3074
-11.3176	-49.3862
-4.44113	-43.2279
-0.274923	-27.6632
1.63122	-16.4968
1.51721	-16.7515
-2.62246	-20.5922
-11.6658	-13.5377
-2.6538	-21.1015
-0.666788	-22.8632
-0.334248	-12.5812
-3.32179	-11.9874
-2.924	-13.7396
-4.45383	-13.4039
-8.1472	-14.751
-16.096	-23.5696
-13.8937	-27.5628
-17.1887	-34.3164
-13.3176	-28.9502
-13.7245	-24.0693
-15.0777	-22.9639
-14.3729	-23.243
-14.3123	-24.0849
-16.2992	-27.5262
-14.3614	-27.9571
-14.8627	-23.4528
-22.3528	-16.8805
-20.3514	-15.3797
-14.8873	-23.0499
-9.24792	-24.1553
-2.96174	-14.6307
0.272056	-18.5128
-4.87957	-12.2606
-6.38654	-18.3978
-11.1624	-25.8262
-15.953	-23.4928
-15.8481	-24.2248
-14.2987	-23.7992
-10.5317	-21.5716
-9.62403	-26.6172
-12.4418	-29.2414
-10.8086	-31.8519
-12.2338	-35.5833
-14.9955	-36.1178
-14.6581	-32.1599
-12.2788	-26.9816
-7.10186	-13.8817
-3.7911	-11.5959
-11.5718	-13.3996
-15.7451	-11.5961
-16.4576	-9.52713
-8.53456	-13.7725
-6.38893	-13.4346
-7.57727	-29.4876
-16.5919	-30.5106
-8.3039	-44.8673
-7.05399	-45.9861
-5.97226	-46.5931
-2.70542	-42.6199
3.58886	-25.3417
-0.390871	-18.0529
-7.92077	-14.4492
1.32226	-9.81815
-3.14787	-10.8744
-9.65587	-11.4377
-22.1267	-3.94553
-23.5073	-7.54664
-20.0179	-13.8955
-26.2521	-25.6711
-26.9716	-25.0669
-22.3317	-28.6244
-21.138	-31.9933
-23.6694	-24.9942
-21.8519	-20.828
-24.0076	-24.0729
-21.5506	-24.5584
-20.5852	-23.0834
-21.9932	-24.6357
-22.437	-23.2344
-23.2881	-21.3527
-23.9158	-18.8959
-22.4504	-19.4048
-13.2471	-25.8785
-1.65444	-31.5713
-7.5195	-33.7631
-10.3797	-31.607
-9.79563	-34.0806
-8.37687	-33.3125
-13.0852	-35.3233
-15.0703	-41.5515
-17.305	-37.4947
-21.157	-35.0977
-15.3149	-35.1809
-14.0827	-30.703
-8.18362	-25.0057
-8.95694	-22.2905
-8.51524	-16.4322
-9.97352	-16.0649
-2.77211	-10.4669
-1.39999	-13.1988
1.44388	-8.08339
0.989544	-18.4348
-5.36152	-25.5998
-5.44336	-20.5135
-6.44406	-23.4681
-11.8905	-39.6324
-10.4122	-33.2341
-6.6518	-28.6654
-8.89709	-27.5236
-11.2772	-28.6052
-13.3902	-30.5437
-13.2453	-31.9588
-14.5549	-34.7155
-15.0846	-38.9047
-6.63632	-34.4883
-4.09403	-27.9605
-2.25669	-27.1006
1.71863	-24.5136
-2.5636	-22.6524
-11.5293	-16.8188
-14.9161	-19.438
-14.7135	-26.7643
-14.7418	-40.9959
-15.6877	-43.2677
-16.3852	-45.3562
-17.9247	-50.6949
-20.4067	-53.8328
-19.7103	-49.9271
-15.3017	-45.2118
-13.7583	-44.2901
-12.536	-40.6974
-7.05076	-38.3029
-2.61481	-31.9471
-3.19624	-25.0275
-4.96323	-28.3586
-3.62732	-21.3253
-4.97761	-19.3144
-6.24644	-13.3395
-15.8445	-18.5479
-11.9939	-17.0918
-8.9435	-10.7378
-10.8154	-16.1558
-9.36941	-29.5765
-7.32831	-45.1468
-10.2456	-47.6373
-9.30515	-45.3608
-9.89267	-44.9017
-4.48387	-45.4316
-1.92567	-42.3432
-2.90001	-26.0047
-4.9071	-16.9357
-10.7007	-17.6725
-10.011	-20.2803
-14.0805	-14.2367
-10.9686	-21.009
-12.7219	-22.2754
-15.189	-25.8589
-18.2893	-25.3594
-19.6517	-24.7172
-25.2476	-16.5606
-22.6826	-16.1279
-15.1658	-15.7073
-5.91895	-24.5059
-1.29169	-37.9455
-4.56821	-43.4495
-8.52736	-41.8842
-11.0738	-40.9613
-11.5249	-40.1319
-7.84116	-43.1082
-6.77526	-39.9054
-1.9542	-28.1443
0.231835	-19.6182
0.0461624	-17.1441
4.01635	-21.7039
1.11081	-18.9274
-2.30922	-8.50504
-12.7748	-16.2842
-10.8983	-13.6444
-6.95193	-9.24655
-7.94452	-32.3877
-11.5622	-42.9393
-12.5455	-36.441
-16.8472	-37.7554
-15.2283	-31.3845
-10.3114	-24.6062
-12.3164	-27.1952
-11.8449	-28.3148
-8.43847	-27.7378
-9.94451	-28.8857
-7.81552	-29.7626
-6.78732	-26.2692
-10.0601	-24.9918
-9.49969	-18.0674
-7.52821	-15.623
-8.32877	-15.8516
-8.98951	-13.6347
-12.0271	-12.9547
-12.2953	-15.7044
-5.31823	-23.5848
-1.84487	-25.5323
-0.728998	-26.9708
0.712962	-24.2812
-10.499	-26.6538
-16.974	-17.9773
-11.767	-8.8646
-11.5319	-5.3411
-12.4833	-8.37885
-13.5782	-10.368
-12.0312	-14.5213
-13.5116	-19.5689
-14.6685	-21.8939
-18.3927	-25.4079
-20.7512	-24.3938
-17.0479	-24.0745
-18.0886	-25.2579
-18.6776	-23.2258
-6.59262	-31.2076
-5.99655	-14.4957
-8.64493	-10.973
-9.77338	-6.80073
-2.3646	-22.6199
2.52691	-20.337
-13.2308	-32.0804
-14.4934	-33.9177
-11.6627	-31.1458
-11.0171	-26.2824
-8.28946	-21.7606
-11.216	-24.3591
-10.6695	-25.7413
-11.5163	-28.6579
-12.9049	-25.4861
-10.4476	-23.6889
-10.0876	-19.6774
-8.39361	-14.293
-8.92522	-14.4545
-9.14952	-19.8808
-11.382	-20.3564
-13.0751	-20.7175
-7.76119	-19.1965
-5.41403	-14.822
-7.02978	-16.0149
-2.90287	-10.5859
-2.5439	-6.52689
-5.32826	-11.1182
-15.1105	-15.0316
-14.8701	-21.2493
-11.5278	-18.9089
-13.7893	-18.7134
-13.1838	-16.36
-15.4359	-17.7144
-14.7819	-19.491
-14.475	-21.4955
-12.934	-24.0344
-12.7046	-26.8644
-14.4706	-29.5998
-15.0574	-25.9473
-14.4388	-31.726
-13.592	-33.1436
-15.1012	-30.1623
-7.84817	-31.2237
-6.18697	-19.1389
-1.25771	-7.8596
-9.9435	-11.1523
-16.607	-11.966
-27.5142	-14.9408
-13.6757	-6.64504
-16.1242	-13.9202
-10.7253	-13.53
-14.6672	-7.21176
-8.17424	-12.4851
-14.1153	-16.2892
-9.41361	-18.8288
-4.23044	-19.198
-1.58629	-24.3496
-5.45259	-29.625
-9.56653	-27.1613
-12.6478	-35.4162
-15.1184	-36.1045
-16.5258	-37.1765
-17.5134	-39.4406
-19.6724	-40.7318
-19.2628	-43.37
-18.2061	-42.4775
-17.1349	-36.8449
-15.8389	-33.0533
-16.8792	-30.7345
-19.4011	-21.3186
-20.679	-14.2955
-20.2611	-9.08508
-19.1439	-10.9713
-9.31438	-5.43517
-9.26353	-4.29615
-5.68644	-5.28453
-8.63731	-18.2433
-10.3794	-16.6466
-7.33003	-12.2422
-2.47215	-10.0899
-4.63122	-8.16732
0.214574	-4.74498
-2.93918	-7.12214
-3.06425	-10.4617
-3.66166	-6.80707
-3.78745	-1.92323
-0.0309067	-8.32693
1.31109	-1.72086
1.74669	-3.86614
-1.67863	1.32992
-1.56448	-0.516643
-1.7272	-1.39594
-2.47105	0.831765
-0.989213	-2.06603
4.60901	-4.33246
2.56188	-3.51458
4.04803	0.424121
3.76501	-1.84538
2.93237	-5.26544
-2.68581	-9.26989
0.570018	-1.08657
1.32763	-4.81643
6.16775	0.161559
6.21876	-0.99152
7.55443	4.18173
6.59714	3.6236
-2.53216	0.557337
-3.1051	0.0488294
3.89825	-3.73832
-6.11948	-13.7789
-5.75787	-9.09896
-9.68911	-9.25133
-12.468	-10.5119
-13.0192	-14.7479
-14.1981	-17.2756
-16.1363	-19.801
-18.7425	-24.1472
-14.565	-33.6753
-8.80362	-37.4883
-0.0722687	-34.9114
1.9188	-27.7572
-1.68641	-21.1537
-0.939866	-18.3203
1.08217	-24.4675
-0.979361	-26.5402
-4.08887	-18.9835
0.290331	-26.9307
-0.102364	-36.5136
-4.34606	-38.4051
-8.30947	-39.9767
-10.5896	-36.8746
-13.3124	-31.6182
-16.7966	-32.4861
-20.8343	-36.9393
-20.7284	-36.7271
-22.1175	-38.0519
-24.0069	-40.4254
-25.1485	-40.2803
-15.0124	-36.4207
-13.4376	-31.7873
-14.3403	-29.3531
-15.5956	-25.1616
-15.2807	-28.1497
-18.0169	-36.2257
-18.1898	-40.2319
-18.2329	-42.0169
-14.3687	-38.2935
-9.27624	-28.7873
-8.60783	-25.4927
-11.6841	-25.2931
-10.0467	-24.3235
-3.88213	-23.7233
-5.73333	-21.4064
-8.44667	-16.9709
-10.6368	-10.3902
-8.98118	-12.1326
-8.63859	-11.4833
-14.1191	-20.7522
-8.98493	-33.0144
-14.7469	-40.7287
-16.3119	-38.6375
-16.8456	-36.7728
-15.6851	-32.4991
-16.0282	-33.7837
-16.0078	-31.0665
-15.0155	-29.5348
-13.7472	-19.7058
-11.2497	-14.0589
-9.92171	-10.7203
-12.7648	-10.9044
-12.8358	-11.6659
-7.09592	-9.33834
-5.59208	-6.90368
-4.64039	-9.55693
-3.42928	-10.4789
-8.57204	-4.80875
-0.250007	-8.39107
-6.07382	-11.1201
-13.6359	-20.4523
-9.14499	-11.1152
-13.1965	-14.1799
-24.0182	-20.5072
-21.537	-21.474
-20.2274	-23.7802
-15.0036	-26.8427
-12.8884	-30.6124
-10.6602	-32.6137
-8.07736	-32.1247
-6.12905	-27.5976
-12.2065	-25.0253
-13.3095	-31.6951
-12.6469	-33.2533
-11.6975	-31.0758
-11.0927	-34.5165
-10.344	-33.587
-10.8687	-36.1862
-10.8791	-31.2584
-13.3087	-26.0021
-11.5423	-20.8974
-9.90619	-19.5448
-11.0624	-17.7481
-11.7154	-14.0515
-14.973	-9.60749
-18.888	-7.18918
-22.3137	-5.19518
-27.6315	-8.40908
-24.5884	-18.1549
-20.6661	-20.209
-23.3802	-27.5659
-22.4575	-26.677
-27.4486	-22.4381
-29.703	-22.0249
-27.3113	-17.9338
-25.8708	-14.1142
-21.9155	-12.3373
-9.47745	-15.025
-3.61594	-11.666
-2.3215	-9.02187
-0.402097	-10.3771
-8.34774	-3.79478
-13.235	-12.7694
-16.4782	-12.6279
-18.9129	-5.66123
-14.5879	-9.28917
-7.71863	-12.0121
-13.7777	-15.3531
-11.0146	-12.5706
-7.28242	-11.0106
-8.14639	-9.19449
-12.6536	-17.7453
-6.71866	-23.6811
-2.63878	-22.4421
-0.0317555	-21.8144
-14.0368	-36.1761
-16.515	-39.0408
-20.7809	-38.4274
-21.0294	-40.1924
-20.8186	-37.9728
-19.9096	-36.5399
-20.1356	-36.4956
-17.5018	-34.0631
-14.1828	-28.3903
-12.665	-24.1677
-8.58811	-20.2937
-3.17837	-17.2706
-6.54753	-12.1099
-6.3357	-10.3314
4.30484	-3.60266
1.15834	-10.9782
2.17576	-5.31979
3.68339	-1.82654
6.29393	5.15605
3.80667	0.343542
6.42565	2.54914
-2.64821	3.68471
-5.03707	2.32712
-1.86346	-0.758287
-1.69181	-3.23823
-0.980156	4.03221
0.104144	-6.04777
0.345087	-6.64801
-1.42093	0.261338
-2.27283	-6.05145
-2.12794	-4.38895
