14.7919	-0.441032
22.4056	-0.665122
20.4936	-0.728393
23.9917	-0.588397
20.0675	-0.599452
18.4361	-0.694194
16.3632	-0.746418
20.4733	-0.588808
18.4289	-0.585138
17.8521	-0.736609
16.3593	-0.50514
20.7638	-0.57168
17.9383	-0.620278
16.4176	-0.693696
19.5431	-0.67637
51.468	-1.89872
113.122	-1.97258
140.494	-1.92592
194.685	-2.19514
226.047	-2.13335
264.82	-1.98014
258.641	-1.99875
267.039	-1.90481
218.086	-2.10908
179.423	-2.01475
182.594	-1.93618
196.042	-1.97329
201.38	-1.91659
204.152	-1.93399
210.677	-1.97098
208.073	-2.03109
219.416	-2.00477
226.772	-2.01773
233.718	-1.92427
220.931	-1.98326
229.981	-1.90659
503.332	-1.49933
881.446	-1.61676
976.253	-1.41887
1083.2	-1.26993
1076.17	-1.23213
941.16	-1.43684
936.351	-1.40826
1022.81	-1.14393
867.103	-1.2638
795.897	-1.1834
618.087	-1.07925
247.272	-0.856258
391.578	-0.548132
559.29	-0.752065
774.192	-0.542843
1054.64	-0.0649177
1109.45	0.0690662
1025.37	0.0400733
906.515	-0.115888
841.947	-0.206304
722.943	-0.423563
428.741	-0.849022
109.806	-1.23872
88.047	-1.36086
114.505	-1.49138
128.443	-1.62618
153.977	-1.6094
146.057	-1.74801
156.69	-1.80967
171.548	-1.79717
167.487	-1.85061
264.593	-1.57066
453.022	-1.60535
563.672	-1.59476
615.984	-1.44026
623.96	-1.34673
607.014	-1.31799
577.305	-1.19628
509.242	-1.05331
353.975	-0.918498
214.84	-0.725566
159.845	-0.393362
111.197	-0.348602
137.442	-0.438916
156.831	-0.53143
215.359	-0.537555
219.171	-0.839196
262.161	-0.967887
345.303	-0.94586
438.799	-0.964897
491.024	-1.06828
453.513	-1.24793
315.924	-1.46504
145.616	-1.85195
100.58	-1.8452
81.7536	-1.98401
73.8863	-1.99629
60.2927	-1.88316
106.277	-1.10162
97.0968	-0.972189
75.5852	-0.703013
120.612	0.317101
124.864	-0.0918067
123.085	0.162898
108.496	0.275136
38.199	-0.473318
26.0529	-0.457826
24.7997	-0.737514
30.7183	-0.954049
90.537	-1.97775
123.178	-2.18196
157.1	-1.92393
638.049	-0.497524
669.968	-0.907808
348.737	-1.55458
229.187	-1.88222
160.177	-1.88435
92.7166	-1.95491
62.773	-1.71239
45.8271	-1.3448
44.4485	-1.21813
46.4776	-0.649272
42.706	-0.136176
46.9342	0.199276
50.0773	0.435644
67.5955	0.880421
86.513	0.943458
115.718	1.39632
124.557	1.05221
106.737	0.708047
76.2218	0.650547
72.3148	0.12775
52.3773	-0.00591209
31.0981	-0.438193
21.8477	-0.610877
22.0207	-0.362848
20.4049	-0.60752
18.346	-0.614353
20.6364	-0.728581
25.6823	-0.674894
34.1013	-0.633821
39.884	-1.12132
107.411	-1.28516
461.989	-1.25648
86.7171	-1.2761
33.3963	-1.43937
257.316	-0.15666
503.456	-0.716019
704.304	-1.18718
737.218	-1.15522
734.909	-1.19303
702.002	-1.24815
649.262	-1.33513
630.292	-1.31366
658.692	-1.1638
640.144	-1.21326
527.483	-1.50562
513.396	-1.57039
463.024	-1.77918
377.995	-1.93497
317.801	-2.05005
391.287	-1.97122
343.927	-2.09793
274.312	-2.16744
105.102	-1.87812
36.0548	-1.84253
37.4561	-1.61313
32.6623	-1.66773
35.2637	-1.63036
31.8557	-1.63842
27.5433	-1.43881
38.6144	-0.912951
85.9689	-0.256126
34.8486	-0.953796
36.5355	-1.14071
33.1749	-1.2767
34.9535	-1.05262
40.5651	-1.12144
50.8401	-1.61151
67.4279	-1.8644
101.708	-1.8173
163.821	-1.81569
139.547	-1.99809
112.734	-1.56043
112.204	-1.97753
344.959	-2.18495
126.646	-1.66987
99.4494	-1.42498
47.3321	-1.58184
61.7432	-2.19648
46.6672	-1.9355
44.0807	-1.92298
38.197	-1.75901
36.5992	-1.57752
30.3448	-1.56705
31.9116	-1.33247
28.9276	-1.3498
23.2731	-1.24896
24.6361	-1.06885
21.261	-0.80093
18.9285	-0.597489
21.622	-0.476086
20.1145	-0.537154
22.2445	-0.740525
19.7022	-0.609369
15.1978	-0.496251
19.1236	-0.574123
19.7746	-0.612242
19.4603	-0.456029
14.204	-0.671756
20.205	0.183303
23.977	-0.00644906
14.737	-0.664926
14.3466	-0.526306
13.8974	-0.679904
14.8326	-0.695828
15.7024	-0.765929
14.5975	-0.680704
13.8993	-0.404827
14.785	-0.267448
20.9681	-0.542477
344.683	-0.224397
328.152	-0.346986
467.047	-1.36918
558.265	-1.27188
220.6	-1.15963
221.259	-0.773841
369.207	-1.19702
518.061	-1.45664
682.427	-1.38457
726.96	-1.42234
802.099	-1.3388
774.053	-1.43642
809.758	-1.302
774.658	-1.25435
633.422	-1.30261
570.652	-1.23393
455.806	-1.15127
338.231	-1.14914
278.493	-1.16868
232.503	-1.19756
210.113	-1.16618
207.408	-1.12197
261.284	-0.861876
374.916	-0.498728
513.26	-0.422785
711	-0.346487
931.988	-0.378061
1191.82	-0.47402
1233.69	-0.68412
989.14	-0.942196
731.965	-1.15788
531.754	-1.30888
422.957	-1.41891
376.87	-1.42007
363.939	-1.55172
284.759	-2.05683
138.013	-2.23583
79.6252	-1.60338
260.167	-1.33448
386.243	-1.80498
308.569	-2.09759
204.81	-1.55435
438.999	-1.72961
691.411	-1.80469
904.284	-1.50939
1046.31	-1.34468
1266.74	-1.20159
1512.32	-1.00562
1540.39	-1.01876
1631.69	-0.924536
1667.53	-0.930511
1598.35	-1.02099
1574.15	-1.05089
1470.2	-1.15751
1262.28	-1.32296
1046.96	-1.50213
835.215	-1.43166
658.825	-1.41181
605.633	-1.39121
586.899	-1.33746
390.75	-1.5617
215.258	-1.64516
219.277	-1.59984
213.919	-1.60729
197.19	-1.74593
232.076	-1.57903
243.505	-1.67374
401.674	-1.66188
649.426	-1.21452
633.655	-1.1853
532.317	-1.34869
357.95	-1.57622
202.161	-1.55784
139.796	-1.86052
131.651	-1.90117
120.531	-1.89874
98.7531	-1.8245
73.6991	-1.92811
86.0349	-1.82557
57.3246	-1.89792
35.5056	-1.44372
19.4027	-1.04888
19.8132	-1.02911
19.3093	-0.940602
168.663	-0.513037
583.438	-0.427497
129.876	-0.471241
347.12	-1.63196
697.775	-1.40358
355.761	-1.8181
445.632	-2.1773
100.355	-2.33094
46.0774	-1.79134
32.5696	-1.60249
27.0864	-1.68499
45.2909	-1.1176
196.038	-0.694164
127.381	-1.01689
90.0537	-1.3052
266.448	-1.72404
509.267	-1.1959
521.245	-1.1534
429.058	-1.2037
264.615	-1.41196
104.418	-1.45284
31.1204	-1.47874
21.8782	-1.28978
23.6013	-1.19436
146.122	-0.602908
150.474	-0.571761
52.4729	-0.787628
38.4454	-1.16234
216.437	-1.70255
327.045	-1.64396
319.078	-1.72618
203.125	-1.43823
118.182	-1.26057
124.211	-0.323779
143.095	0.407238
122.362	0.659063
117.228	0.862314
124.506	1.24826
128.747	1.19401
107.949	1.13553
101.813	0.936071
104.703	0.688053
86.9276	0.296911
108.8	-1.14255
229.442	-1.00907
341.97	-0.989307
277.566	-1.24542
283.104	-1.07371
105.397	-1.25105
79.6297	-0.477407
93.0083	0.159175
81.4186	0.38967
60.5792	0.0187557
33.5205	-0.159314
33.4417	-0.379427
26.4969	-0.251327
22.1695	-0.196576
23.4627	-0.24711
30.0295	-0.928112
28.5661	-0.609587
45.0079	-0.80005
159.767	-1.91306
260.749	-2.24529
133.131	-2.43286
156.302	-2.29799
143.404	-1.77431
108.517	-1.85562
103.018	-1.90406
114.302	-1.65091
121.015	-1.33751
122.346	-1.07087
137.511	-0.887065
160.835	-0.815826
121.356	-1.4242
68.0945	-1.84388
52.9007	-2.12571
51.9044	-1.91635
50.9152	-1.77903
47.6547	-1.77433
39.3694	-1.72677
25.9897	-1.64613
23.3049	-1.46426
22.0166	-1.35342
19.3414	-1.14611
165.347	-0.94884
108.073	-0.950507
69.266	-0.766242
38.6594	-1.1529
53.7739	-1.91958
149.912	-2.05372
185.36	-1.95892
186.385	-2.08223
109.031	-2.16318
57.0161	-1.89821
114.174	-1.47414
172.502	-1.49637
109.825	-1.35805
42.3926	-1.08248
18.9577	-1.18093
19.7989	-0.997914
18.5298	-0.993766
18.9806	-1.05302
48.4512	-0.900553
113.51	-1.22068
48.0455	-1.11118
178.185	-1.63782
331.733	-1.92852
391.581	-1.99622
484.096	-1.76377
523.701	-1.77507
592.7	-1.615
567.452	-1.65201
519.995	-1.70127
390.927	-1.8517
240.47	-1.97522
96.5766	-1.81103
82.4049	-1.88893
69.8022	-1.81195
53.0753	-1.91222
41.9957	-1.86338
37.5327	-2.04784
42.2113	-1.8733
31.0255	-1.7722
31.6993	-1.56328
23.3697	-1.49573
22.6679	-1.21691
18.0308	-1.12442
18.0252	-1.18574
18.124	-1.26923
11.6489	-0.398011
18.3222	-0.451958
18.5696	-0.617001
18.4219	-0.534155
18.0692	-0.379517
18.2932	-0.564085
17.8499	-0.44473
18.3024	-0.670865
22.5083	-0.778267
19.843	-0.730447
23.9463	-0.497285
261.586	-0.472486
845.006	-0.812332
817.765	-1.02203
551.04	-1.02967
382.653	-1.14156
275.442	-1.00867
209.795	-0.590643
213.005	-0.294153
225.317	-0.138202
178.433	0.219172
219.947	0.367291
209.445	0.448874
216.619	0.364251
224.834	0.331402
254.739	0.222154
314.891	0.00542631
251.391	-0.00862934
244.341	-0.096042
267.394	-0.112947
216.074	-0.317821
191.106	-1.27295
485.386	-2.002
709.116	-1.87912
758.318	-1.87676
660.395	-1.89495
438.183	-1.95532
234.761	-1.94357
216.824	-0.804442
179.977	-0.0405678
167.44	0.227426
122.697	0.505489
126.863	0.65465
121.819	0.53069
103.332	0.047783
204.806	-0.933052
406.663	-1.1614
515.754	-1.27762
500.2	-1.03045
248.687	-1.33594
310.649	-1.61593
353.923	-1.63873
285.471	-1.7974
255.027	-1.73118
218.077	-1.73558
185.601	-1.81112
173.554	-1.84536
443.255	-1.77626
712.967	-1.91545
781.456	-1.87669
695.362	-1.79541
501.855	-1.88201
320.722	-1.86733
143.165	-1.87127
49.8025	-1.88129
32.6741	-1.41839
30.1365	-1.18503
36.2682	-1.37701
50.4717	-1.51959
35.6952	-1.79772
115.393	-2.20248
185.706	-2.25002
206.81	-2.18418
212.668	-2.04339
201.81	-1.97699
156.128	-1.99768
101.954	-2.16215
76.1678	-1.85783
73.8236	-1.63117
104.015	-0.698606
146.496	-0.38553
143.657	-0.147282
159.056	0.0195974
116.447	0.13437
136.82	0.108869
207.272	0.146349
172.342	-0.346746
121.984	-0.436939
239.701	-0.854175
421.946	-0.947657
491.092	-1.03429
532.643	-1.05153
504.817	-1.05167
384.104	-1.26623
245.38	-1.54013
151.664	-1.69253
97.9297	-1.79888
79.7507	-1.96519
88.1411	-1.93066
75.7388	-2.17202
100.529	-2.00522
120.806	-1.89597
153.597	-1.84534
179.739	-1.87174
232.826	-1.82595
282.924	-1.6806
109.249	-1.50159
53.1356	-0.952018
143.871	-0.323617
84.3777	-0.74013
72.6865	-1.83816
449.505	-1.73324
619.412	-1.74683
824.3	-1.52978
769.676	-1.72352
865.401	-1.52507
860.178	-1.40868
816.762	-1.2424
681.343	-1.11263
574.301	-0.801106
454.253	-0.436716
385.438	-0.173549
303.409	-0.0552201
215.075	-0.175596
145.945	-0.561125
103.727	-0.934493
98.8071	-1.03518
85.9409	-1.04821
87.9291	-1.18476
80.2466	-1.30871
86.3763	-1.30617
81.7828	-1.2839
81.5412	-1.27705
80.4846	-1.12722
86.8175	-0.651437
105.78	-0.0419737
127.763	0.495804
126.408	0.759908
135.371	0.739757
148.306	0.898822
175.651	0.919949
171.013	1.04204
129.882	0.991251
112.373	0.766921
92.0349	0.330418
57.5356	-0.261438
48.904	-0.960076
87.6041	-1.69488
287.873	-1.88073
341.258	-1.82745
474.77	-1.59771
369.797	-1.62972
525.241	-1.76107
235.461	-1.98024
451.481	-2.06063
162.885	-2.19311
247.987	-2.24951
160.06	-2.47443
119.251	-2.22628
88.4474	-2.19689
57.2855	-2.03247
41.4506	-2.01247
32.4847	-1.53446
25.8504	-1.1988
25.2823	-1.19926
22.4297	-1.21331
23.3633	-1.22788
21.8054	-0.967779
18.0194	-0.764412
16.8761	-0.79692
19.537	-0.695205
19.1069	-0.625005
19.3751	-0.486565
17.0751	-0.73631
17.0777	-0.528507
21.7437	-0.709333
18.0372	-0.744403
18.5088	-0.610442
20.9097	-0.427514
18.8156	-0.700548
19.6577	-0.642616
20.1007	-0.592693
17.633	-0.694923
18.9615	-1.05725
23.0945	-1.24876
31.4468	-1.70752
36.1834	-1.57539
38.4089	-1.58279
42.6524	-1.71454
34.2643	-1.71362
41.0412	-1.32594
138.957	-0.917093
114.632	-0.996485
119.535	-0.814272
141.435	-0.910453
147.359	-0.936575
133.839	-0.785342
110.455	-0.766675
112.522	-0.523684
128.783	-0.391113
114.746	-0.0452313
132.632	0.0898309
135.396	0.256826
138.278	0.564457
151.692	0.390792
134.065	0.571497
137.888	0.533145
135.683	0.471504
123.634	0.147956
102.151	-0.558677
276.122	-1.2594
456.588	-1.58659
556.835	-1.55894
590.56	-1.68229
663.198	-1.59022
695.668	-1.4814
611.007	-1.53777
555.797	-1.48864
398.53	-1.61165
209.178	-1.93923
171.519	-1.9906
150.638	-2.01825
147.115	-2.05042
147.748	-2.05117
144.823	-1.9196
119.942	-2.01771
125.211	-1.97032
98.7624	-2.03401
104.213	-1.93118
132.822	-1.2068
194.004	-0.279132
67.839	-0.738455
222.422	-0.0320618
112.871	0.128919
166.135	-0.268241
249.322	-0.519069
108.022	-0.50492
104.869	-0.217054
135.126	0.0536818
346.443	-0.30351
472.227	-1.11756
1196.07	-1.29011
1236.76	-1.4373
1250.85	-1.55507
1194.55	-1.67023
1009.57	-1.87767
812.188	-1.98562
546.789	-2.11808
324.615	-1.92085
184.282	-1.11777
204.195	-0.299825
247.968	0.124085
269.285	0.34865
237.494	0.11215
196.928	0.400197
170.359	0.388458
174.891	0.140892
263.388	-1.15497
893.267	-0.575813
1043.36	-0.158488
924.192	-0.0548906
501.152	-0.176691
140.671	-0.565301
53.6127	-1.24877
38.1888	-1.2349
29.5928	-0.930379
37.0107	-0.54902
91.9513	-0.418382
187.625	-0.624662
92.1252	-0.763942
573.077	-1.41648
781.286	-1.71003
669.266	-1.93908
588.651	-2.00832
451.208	-1.93785
197.591	-2.26493
173.44	-2.05321
183.902	-1.87539
180.502	-1.94425
141.893	-2.0558
154.714	-1.92677
147.423	-1.88637
139.485	-1.8627
154.555	-1.89637
168.44	-1.91318
136.539	-2.08241
167.161	-1.77847
151.918	-1.89229
148.756	-1.78534
133.16	-1.8675
94.8724	-1.93789
69.2524	-1.71174
60.0696	-1.75306
51.5496	-1.64196
41.9988	-1.59671
39.7769	-1.66709
32.1819	-1.61871
25.8911	-1.52725
24.5725	-1.55743
25.3124	-1.09857
27.5362	-1.29164
28.0368	-0.932667
204.997	0.380705
114.271	0.325489
223.497	-0.059051
175.056	-0.0289755
104.03	-0.312503
112.93	-0.761612
541.887	-0.533194
562.966	-0.880727
443.461	-1.50995
491.487	-1.34064
502.086	-1.19219
386.166	-1.00785
119.75	-0.902167
36.3778	-1.09717
30.1868	-0.992344
24.5496	-0.887426
24.2994	-0.78978
25.0552	-0.911197
23.1483	-0.815463
23.0598	-0.948695
21.1666	-0.864108
99.6447	-0.375185
100.488	-0.614544
134.921	-0.786624
244.377	-1.53218
488.087	-1.65475
596.836	-1.79633
638.291	-1.85173
491.528	-2.09196
293.677	-2.16939
190.372	-1.81664
119.692	-1.12017
141.87	-0.197707
95.0828	0.077689
80.6883	0.0395936
71.341	0.0888836
69.9267	-0.0247536
66.6109	-0.102363
55.0885	-0.431759
59.3363	-0.0281877
58.3563	0.0825641
59.3397	0.289789
94.601	0.51759
133.882	0.492642
148.706	0.386841
100.628	-0.247083
138.452	-1.62852
83.9052	-1.60096
94.4813	-0.965178
88.8777	-1.25554
152.945	-2.08782
168.346	-2.36984
132.689	-2.3721
122.392	-2.21218
123.844	-1.99382
96.3636	-2.05864
78.9578	-2.08684
78.7577	-2.10684
79.57	-2.15053
111.012	-2.10531
176.814	-2.03156
243.371	-2.11761
325.802	-2.02906
407.423	-1.87593
412.623	-1.93075
370.945	-1.97958
207.778	-1.98721
261.313	-2.06369
215.105	-2.04123
202.505	-2.0631
189.539	-2.0936
181.415	-2.14135
169.524	-2.10939
156.429	-2.0617
126.8	-1.99107
62.4147	-1.85171
28.2222	-1.46363
20.2269	-1.12273
21.9978	-0.889231
24.1432	-0.988275
22.8446	-1.01125
24.7978	-0.928861
19.8267	-0.990481
28.2742	-0.455655
80.8357	-0.296041
30.3579	-0.351255
34.4989	0.0690367
58.8764	0.421586
93.8196	0.468493
94.5713	0.104676
89.6322	0.284025
104.634	0.246672
91.5218	0.276086
90.2606	0.6068
88.2796	0.631706
86.6173	0.273689
92.0593	0.0712382
69.3175	0.238544
55.0768	0.202972
41.2918	0.239726
33.9265	-0.129466
23.7049	-0.528962
20.2844	-0.582041
22.3751	-0.373198
20.061	-0.5348
18.6932	-0.612498
17.6553	-0.602931
19.6724	-0.396301
17.6771	-0.601065
18.2793	-0.698813
17.1174	-0.465215
17.8197	-0.702133
18.0906	-0.634793
20.9558	-0.661808
23.2639	-0.590032
25.4463	-0.48984
22.6518	-0.58219
18.998	-0.580092
20.7985	-0.602955
20.7252	-0.559176
24.8556	-0.620996
22.3217	-0.6664
22.189	-0.441021
25.6758	-0.6849
29.5979	-1.02235
39.2706	-1.56811
45.9986	-1.67083
51.377	-1.64361
159.655	-0.711674
430.827	-0.765266
409.832	-1.52742
559.466	-1.48244
610.186	-1.50648
596.748	-1.45467
573.331	-1.47332
463.304	-1.36758
348.528	-1.37826
281.992	-1.23876
254.498	-1.01197
216.313	-0.630643
255.219	-0.396746
236.762	-0.121504
237.796	-0.104835
204.271	-0.0183843
194.745	-0.0515845
217.555	-0.0157169
172.497	-0.360627
175.888	-1.15707
262.376	-1.61561
320.17	-1.83127
416.638	-1.80505
553.099	-1.79749
650.643	-1.81037
682.113	-1.90397
593.09	-2.07916
564.505	-1.9306
362.12	-2.24899
265.312	-2.07564
183.308	-2.08433
132.059	-1.97387
163.232	-1.74354
105.064	-2.04063
92.4073	-1.9756
83.6709	-1.9042
83.9526	-1.48138
111.873	-0.553483
155.705	-0.00412898
187.58	0.185783
227.169	-0.16309
238.542	-0.793713
236.222	-1.1743
299.92	-1.37864
348.469	-1.39138
337.504	-1.58391
329.788	-1.62336
328.663	-1.56342
268.621	-1.646
214.694	-1.50081
159.994	-1.25403
154.983	-0.751739
185.914	-0.00618779
218.394	0.234186
223.729	0.443204
167.794	0.621651
151.502	0.929281
173.084	0.783109
150.866	0.483591
98.125	0.252029
105.64	0.19608
57.3843	-0.0267297
32.3995	-0.46031
37.5901	-0.541158
41.0358	-0.411092
102.203	-1.10398
929.92	-0.966525
536.232	-1.55617
284.55	-1.1711
436.372	-0.922582
674.493	-1.08814
731.808	-1.43134
866.199	-1.29945
895.609	-1.12287
819.774	-1.05568
666.631	-1.03662
498.5	-1.08362
341.685	-1.14523
235.184	-1.21666
211.85	-0.940166
156.898	-0.995068
149.155	-0.77768
165.823	-0.689095
161.023	-0.515313
148.738	-0.92476
145.116	-1.15871
134.725	-1.00997
120.397	-1.35631
106.246	-1.56903
115.679	-2.02886
187.796	-2.01016
299.974	-1.98734
338.224	-2.10298
345.76	-2.20519
347.746	-2.30756
317.791	-2.44338
307.77	-2.21951
163.238	-2.62487
98.6832	-2.44832
77.7343	-2.16737
61.7235	-2.11184
56.3976	-2.01099
48.9819	-1.91367
46.6235	-1.91591
52.9801	-1.88539
65.9542	-2.08683
127.466	-2.19563
292.794	-2.12244
397.717	-2.141
459.887	-2.05757
437.034	-2.13743
499.093	-1.86852
467.614	-1.64723
257.465	-1.96065
90.5622	-2.02664
79.3785	-2.00525
67.8858	-2.11911
91.2022	-1.72117
93.5824	-1.6393
94.9371	-1.80091
146.406	-1.75313
217.613	-1.67757
261.221	-1.72409
321.231	-1.77224
321.229	-1.83228
278.997	-1.58583
181.966	-1.90428
158.771	-1.82405
131.977	-2.0733
102.618	-2.17524
85.2672	-2.02564
75.1959	-1.84218
57.6495	-1.69672
52.4648	-1.59978
40.5053	-1.49243
37.3029	-1.31017
51.3647	-0.512576
35.7017	-0.673694
27.075	-0.91287
28.6591	-0.843405
25.6806	-0.757408
25.4859	-0.799258
22.1569	-0.840886
24.4237	-0.484029
22.9898	-0.524014
21.4518	-0.509401
21.3248	-0.590818
24.4433	-0.755695
21.1882	-0.822062
20.8783	-0.575961
12.4585	-0.609991
18.2884	-0.656218
17.2743	-0.490902
17.933	-0.871192
17.506	-0.6473
16.3629	-0.561156
17.0121	-0.507922
16.4541	-0.4942
17.8801	-0.551288
17.2403	-0.584327
15.2732	-0.463058
16.5139	-0.545615
16.5764	-0.762227
141.047	0.0838353
340.495	0.053532
134.464	-0.180806
75.4233	-0.824646
79.4604	-1.85092
113.201	-1.87398
171.246	-1.73148
176.532	-1.97221
212.201	-1.93687
252.981	-1.89655
264.473	-1.79607
254.684	-1.8829
276.783	-1.7787
269.397	-1.65744
163.967	-1.73959
153.615	-1.62703
139.039	-1.70639
136.742	-1.75237
138.54	-1.70398
127.956	-1.76375
116.714	-1.78251
100.708	-1.77819
199.864	-1.33091
516.944	-1.45279
756.07	-1.28712
778.832	-1.01126
276.566	-0.842294
442.701	-1.2026
902.754	-1.41453
1319.08	-1.30933
1468.94	-1.29423
1324.4	-1.42471
1305.05	-1.43735
1229.5	-1.52897
1326.3	-1.39946
1238.48	-1.41574
1128.64	-1.38247
719.734	-1.52559
220.78	-1.6987
57.4094	-1.94082
45.6145	-1.71914
37.2577	-1.67892
33.6941	-1.34326
27.3605	-1.08902
28.8437	-1.10746
25.7932	-0.946259
23.1693	-0.92451
32.1079	-0.712963
75.808	-0.717741
92.868	-0.939215
307.748	-1.69234
414.58	-1.96511
295.403	-1.76356
204.292	-1.36853
380.075	-1.78903
521.084	-1.57685
663.972	-1.67203
549.093	-1.77675
649.994	-1.77656
675.386	-1.73919
633.344	-1.61698
496.999	-2.31678
268.35	-2.15095
380.589	-2.1133
354.813	-2.08072
254.306	-1.99948
238.567	-1.84146
70.8199	-2.02772
33.9995	-1.55488
28.7452	-1.30134
23.8492	-1.29472
27.5732	-1.22668
22.4799	-0.848736
28.9152	-0.856572
113.214	-0.423604
100.781	-0.393431
155.334	-0.289327
54.5936	0.0800177
70.3016	-0.0422112
69.1163	-0.328417
216.506	-0.384611
309.048	-0.392738
229.619	-0.820754
246.889	-0.873141
260.724	-0.949769
268.337	-1.08693
295.032	-0.8626
274.516	-0.768532
225.557	-0.856093
198.018	-0.911718
211.815	-1.15186
291.522	-1.45245
304.466	-1.83151
325.905	-1.82955
288.027	-1.91007
294.349	-1.75345
195.491	-1.87263
95.2714	-1.79194
77.6727	-1.64663
72.0823	-0.94718
86.8042	-0.395559
76.7494	-0.000240722
69.0441	0.154183
71.6776	0.228774
78.2344	0.440264
63.3274	0.482583
68.1633	0.46268
84.2946	0.308762
69.5637	-0.0338408
46.5427	-0.761455
51.6437	-1.19534
261.769	-1.56413
477.067	-1.49025
564.885	-1.3659
501.681	-1.50094
473.64	-1.59696
346.842	-1.71587
296.59	-1.56361
249.759	-0.784139
167.538	-0.5498
154.18	-0.879244
112.351	-1.57971
65.8655	-1.69771
32.9979	-1.37465
24.8052	-1.17169
20.188	-0.991232
18.7182	-0.743442
17.8591	-0.958974
16.4897	-0.750717
19.8086	-0.703882
93.2808	-0.698835
83.4508	-0.773355
186.993	-0.762245
124.609	-1.01419
53.3341	-1.42706
194.892	-1.61563
359.948	-1.68585
401.052	-1.88384
436.107	-1.9689
446.697	-1.90671
422.76	-1.94679
397.071	-1.90786
364.037	-1.98939
356.702	-1.99326
317.333	-2.10359
250.743	-1.89224
112.984	-1.36548
61.5951	-0.784615
78.7204	-0.305963
102.365	-0.589239
149.16	-1.08731
169.646	-1.00943
217.765	-0.66536
236.36	-0.476224
114.739	-0.758927
140.424	-0.545481
93.8862	-0.498105
80.6496	-0.62981
73.0985	-0.744523
67.7631	-0.780563
52.3488	-0.896793
26.2653	-1.17738
20.5411	-0.797809
17.7761	-0.653837
17.9865	-0.681733
17.3564	-0.694632
18.3134	-0.656983
19.5035	-0.579377
17.397	-0.4876
17.6361	-0.464606
14.9749	-0.579317
17.7825	-0.628098
15.862	-0.534815
15.9181	-0.698323
70.1089	-0.718281
69.6631	-0.687753
121.772	-0.701279
63.8198	-0.552411
31.3774	-0.342296
28.5396	-0.738038
25.0681	-0.915972
20.2899	-0.677845
19.9063	-0.349085
19.8561	-0.612085
20.4581	-0.656144
16.635	-0.755356
16.0896	-0.530532
17.948	-0.58251
15.6018	-0.406864
16.5672	-0.440309
15.9803	-0.588529
15.1097	-0.52249
15.0037	-0.733997
18.6708	-0.407581
17.0122	-0.603484
16.4734	-0.539116
17.142	-0.481788
16.3546	-0.59315
16.9793	-0.513059
16.4597	-0.595131
20.6415	-0.965719
28.3129	-1.2667
34.5212	-1.53573
44.8464	-1.54809
54.4824	-1.09282
102.029	-1.5467
644.801	-1.66023
1307.39	-1.49119
1433.93	-1.19493
1054.1	-1.13142
391.81	-1.42153
110.363	-1.51952
48.3585	-1.44761
36.2611	-1.30983
32.9462	-1.15144
28.6052	-1.17783
25.1095	-1.02619
186.944	-0.404452
269.421	-0.478053
93.2299	-1.15735
408.085	-1.03435
622.363	-0.885489
635.778	-0.94371
576.013	-1.0497
424.62	-1.17193
168.117	-1.45791
62.2922	-1.48577
39.5459	-1.46801
31.0952	-1.29766
38.4046	-0.902766
80.513	-0.382807
129.998	-0.621138
139.375	-0.872155
131.037	-1.34774
384.179	-1.51673
479.175	-1.367
462.437	-1.39268
426.712	-1.3801
368.221	-1.31634
274.2	-1.34617
197.989	-1.39018
145.405	-1.07149
155.025	-0.56558
119.519	-0.258498
91.5667	-0.121869
51.6276	-0.439025
82.0179	-1.05909
143.652	0.0488564
91.5629	-0.325379
104.595	-0.786861
66.2395	-1.48041
83.4378	-1.51493
91.8096	-1.53415
100.914	-1.51669
165.803	-1.00586
127.847	-1.42162
117.518	-1.57442
99.1675	-1.74971
88.7621	-1.88371
89.7373	-1.79941
92.0943	-1.76701
86.9566	-1.80882
67.146	-2.0027
60.4152	-2.01597
50.5634	-1.92527
64.11	-1.26924
63.0118	-1.08222
47.1456	-0.568405
48.272	-0.118081
70.6881	0.264432
59.0744	0.413819
87.3713	0.652726
86.2355	0.858573
100.88	0.323365
102.711	0.217865
74.0998	0.245977
66.6181	-0.171907
136.21	-0.832978
268.331	-0.749968
261.11	-0.770807
303.582	-0.6968
357.898	-0.649596
378.901	-0.6325
379.594	-0.565339
380.629	-0.654525
329.673	-0.84815
355.732	-0.801086
398.438	-0.85483
442.412	-0.933138
526.653	-0.983772
644.779	-0.94715
750.659	-0.829631
765.358	-0.87241
749.537	-0.930978
724.026	-0.999385
688.957	-1.07056
602.923	-1.1659
397.149	-1.32523
190.194	-1.55065
135.22	-1.98905
144.417	-1.9182
158.579	-1.68596
144.841	-1.89465
152.172	-1.83726
145.331	-1.87744
150.812	-1.90594
138.671	-2.07353
146.145	-1.9319
139.48	-2.04218
145.144	-2.10105
392.372	-1.53108
475.086	-1.4806
378.013	-1.64053
336.684	-1.54612
252.563	-1.66267
169.355	-1.74379
122.444	-1.61572
88.7249	-1.31915
91.793	-0.928858
83.0594	-0.453153
80.1622	-0.299082
83.4057	0.116279
83.2918	-0.274093
99.8562	-0.465295
120.083	-1.09999
199.328	-1.28658
277.713	-1.28031
357.79	-1.16144
367.298	-1.26094
391.315	-1.26531
264.674	-1.33639
107.719	-0.545611
157.483	-0.116293
272.721	-0.990365
403.126	-1.38382
472.458	-1.50752
461.663	-1.49986
411.823	-1.60381
382.883	-1.60581
328.916	-1.81647
351.109	-1.75398
344.235	-1.74149
333.399	-1.76739
297.38	-1.82785
265.413	-1.8205
239.539	-1.7375
242.001	-1.80357
311.914	-1.75149
391.508	-1.70318
512.912	-1.60518
649.561	-1.49831
670.285	-1.53453
645.983	-1.63971
584.672	-1.74509
498.133	-1.75394
364.565	-2.01218
296.467	-2.02537
217.83	-1.98173
146.555	-1.86844
139.296	-0.960562
170.772	-0.347393
124.502	0.0689137
86.9528	0.31271
127.579	0.581927
103.34	0.479983
101.553	0.328262
82.9044	0.286918
58.8156	-0.085708
37.6407	-0.756504
52.3717	-1.51468
86.406	-2.0406
140.897	-1.85141
119.249	-1.92998
119.484	-1.76833
105.617	-1.78937
100.864	-1.57379
84.4591	-1.57268
66.8532	-1.54096
50.7733	-1.42585
32.1358	-1.40876
25.2229	-1.26461
22.6888	-1.22774
21.523	-1.18328
21.7478	-0.810267
19.0227	-0.810999
52.7679	-0.816904
238.776	-0.411539
142.553	-0.402628
165.332	-0.598045
311.039	-0.855263
290.411	-0.929291
211.976	-1.35696
98.4751	-1.79224
95.3146	-1.86654
85.8975	-1.97946
77.3739	-2.05157
73.696	-1.93752
65.1139	-1.97592
50.8748	-1.88729
40.8287	-1.75392
81.4218	-0.82549
124.422	0.194592
75.3254	0.189878
64.5557	0.167853
59.3297	0.31947
44.4806	0.162753
39.0032	0.175345
36.2515	0.157348
30.2694	-0.114639
26.5006	-0.32808
23.2045	-0.462761
28.4173	-0.482521
99.6655	-0.677165
155.406	-0.719908
230.75	-1.53241
258.387	-0.619068
76.4064	0.500148
128.339	0.76818
116.053	-0.0668683
286.83	-1.20016
354.621	-1.23758
312.118	-1.31009
201.555	-1.28469
130.798	-1.19696
102.361	-0.498441
119.295	0.101563
102.26	0.136552
107.861	0.391613
91.3618	0.499181
92.9362	0.319537
81.7122	0.392002
69.2675	-0.0610947
60.1294	-0.621935
51.6686	-1.15174
53.1329	-1.08117
54.5922	-0.973964
50.7816	-1.50176
216.134	-1.75729
342.399	-1.77465
156.517	-1.97169
286.962	-1.89959
139.868	-2.19281
183.411	-2.09786
52.4338	-1.54568
41.506	-1.22511
77.4987	-2.13755
128.996	-2.28584
50.5415	-1.71202
40.4795	-1.82096
63.3287	-1.76532
60.8369	-1.77709
50.4112	-1.75446
49.4405	-1.70901
38.981	-1.75821
35.8604	-1.73116
38.46	-1.56096
30.7669	-1.58596
26.5383	-1.38981
27.1447	-1.51971
25.0375	-1.30894
18.4036	-0.909548
19.5569	-0.893565
91.7066	-0.0423613
58.0097	0.255404
53.0072	0.920656
70.0082	0.837298
81.2513	0.86565
68.8289	0.707588
75.058	0.660487
62.4923	0.740556
57.9517	0.537064
57.1323	0.822882
41.6563	0.618705
32.7854	0.288936
30.1743	0.054552
21.6729	-0.631369
17.0121	-0.617396
15.8436	-0.652096
18.1358	-0.647134
18.5428	-0.58745
17.6489	-0.648066
18.056	-0.509957
16.7136	-0.442013
16.3267	-0.500863
15.9433	-0.454816
18.8697	-0.278305
14.9383	-0.505362
15.0118	-0.518832
18.4512	-0.536788
20.0091	-0.737013
19.9706	-0.573289
18.3243	-0.658983
20.4299	-0.763294
18.7818	-0.593689
16.8584	-0.629841
16.0777	-0.512683
18.9851	-0.531916
19.9621	-0.641274
24.6278	-0.849568
30.0298	-1.27524
37.2513	-1.16258
87.0357	-0.239446
146.953	0.0607876
182.302	0.122547
198.571	0.0123529
262.958	-0.025781
389.621	0.0369735
457.904	-0.257272
889.818	-0.258586
1148.59	-0.535741
1163.38	-1.06813
1103.01	-1.3606
977.835	-1.62977
797.102	-1.73283
509.074	-2.00951
293.559	-1.97031
193.071	-1.75783
194.905	-1.81177
218.294	-1.72599
214.432	-1.79646
244.839	-1.52933
355.707	-1.40079
320.139	-2.34275
462.683	-1.92182
503.268	-1.75601
521.184	-1.59692
486.666	-1.57642
401.787	-1.59387
258.883	-1.65569
85.787	-1.76915
42.0487	-1.72894
39.8631	-1.64809
33.1024	-1.7033
32.8072	-1.41051
27.951	-1.20422
163.775	0.303485
229.375	-0.0918988
253.894	-0.594469
100.343	-0.628105
178.314	-1.59463
442.751	-1.24116
546.814	-0.990858
524.305	-0.986334
380.686	-1.03869
197.555	-1.10249
61.5177	-1.40419
35.242	-1.61945
46.8741	-1.29792
52.1582	-1.24289
60.8803	-0.306751
69.684	-0.234622
140.791	-0.427049
147.16	-1.05279
209.084	-1.143
613.485	-1.59912
517.881	-1.8504
901.26	-1.45847
837.224	-1.42924
844.189	-1.39682
699.027	-1.40932
640.863	-1.54121
768.947	-1.4323
625.054	-1.67611
477.489	-1.90631
342.105	-1.92457
169.719	-2.18048
136.455	-1.98481
132.968	-2.06223
143.174	-2.01321
150.797	-1.93627
158.051	-1.84734
159.688	-1.91598
157.163	-2.02409
180.198	-1.78089
179.712	-1.88984
188.098	-1.76469
186.518	-1.71297
191.21	-1.63162
177.252	-1.54226
188.013	-1.57512
299.052	-1.61104
345.252	-1.56292
350.047	-1.56624
402.969	-1.43139
443.107	-1.38756
445.398	-1.40594
441.093	-1.40707
400.386	-1.46548
336.465	-1.4929
215.406	-1.57499
112.865	-1.6774
60.5496	-1.8566
49.4619	-1.70934
39.3581	-1.62462
32.3992	-1.63193
29.426	-1.41938
33.0218	-1.27845
32.9236	-1.37588
47.9525	-1.65681
87.7087	-1.76467
175.812	-1.8477
257.456	-2.01051
394.165	-1.68884
428.095	-1.50133
435.124	-1.46115
544.341	-1.42431
762.155	-1.2332
873.306	-1.22437
730.934	-1.46184
595.767	-1.60713
608.755	-1.56683
379.196	-2.08341
267.843	-1.9747
437.859	-1.73248
363.545	-1.81265
402.448	-1.7063
669.766	-1.52672
432.175	-1.68251
798.138	-1.5223
377.995	-1.66909
708.319	-1.42829
412.492	-1.50149
551.24	-1.30275
352.585	-1.6803
441.669	-1.49165
475.418	-1.62299
558.335	-1.6189
592.821	-1.70068
603.486	-1.6705
513.014	-1.87372
368.489	-2.19871
269.62	-2.40995
191.287	-2.37917
123.192	-2.24545
108.524	-1.84831
87.5104	-1.93809
71.2983	-2.10336
64.3503	-1.91701
56.3607	-1.80067
41.3916	-1.74147
43.8821	-1.5726
40.7569	-1.39951
40.3595	-0.674129
58.9528	0.235648
61.0433	0.403434
100.744	0.52587
83.8229	0.453687
92.7233	0.44252
102.912	0.469599
88.8812	0.441973
90.949	0.46181
63.5053	0.276235
51.0525	-0.121106
50.2944	-0.611698
149.789	-1.05504
296.932	-1.11856
405.129	-0.82274
413.138	-0.964465
485.893	-1.07965
508.043	-1.2806
407.856	-1.41003
353.452	-1.71401
173.385	-1.72012
113.751	-1.40604
113.213	-0.752696
105.553	-0.39198
119.886	0.0753532
112.27	0.321799
129.223	0.553578
121.548	0.373678
129.676	0.284753
79.264	-0.300574
26.53	-0.889596
19.4324	-0.692128
24.6775	-0.673824
25.6439	-0.748407
28.159	-0.594334
126.36	-0.654377
140.68	-0.16678
163.917	-0.875446
315.151	-1.53547
178.096	-1.92729
195.826	-2.0683
323.921	-1.87975
413.755	-1.98953
389.317	-2.15609
354.949	-2.16035
341.829	-1.99768
274.699	-1.96345
204.962	-1.82205
181.137	-1.79333
117.639	-1.82595
77.6779	-1.7415
70.8908	-1.21789
76.9363	-0.530089
90.983	-0.187066
79.7507	-0.0180939
83.2674	0.183127
80.4353	0.292966
87.9441	0.348934
86.9468	0.167493
68.6536	-0.0242563
57.9569	-0.1106
52.9533	-0.48842
61.0471	-1.00814
161.431	-0.927138
148.402	-0.890978
102.204	-1.11796
66.1336	-1.19183
45.6065	-1.07956
27.4498	-1.27582
23.0292	-0.888532
17.6837	-0.792101
19.3782	-0.724289
19.8327	-0.649693
19.6804	-0.689353
18.1017	-0.689259
21.5663	-0.637495
85.3718	-1.41262
76.6823	-1.42993
32.6459	-0.940776
48.5991	-1.50109
32.7427	-1.192
30.9433	-1.47308
47.4498	-1.76494
67.3501	-2.26007
75.8728	-2.33524
67.6789	-2.21317
60.4857	-2.01804
59.5756	-1.98475
54.1542	-2.04821
52.2302	-1.87639
42.7967	-1.88546
40.3902	-1.65959
32.3531	-1.64055
28.02	-1.19058
24.1267	-1.0165
18.1322	-0.842547
162.701	-0.641877
204.245	-0.636321
101.599	-0.317114
68.5221	-0.517526
53.9237	-0.625598
44.7883	-0.741354
43.7724	-1.00589
69.6977	-1.35161
131.38	-1.87496
134.746	-1.97458
231.199	-1.82227
398.576	-1.9384
486.891	-1.69914
396.08	-1.77671
206.641	-2.16518
147.129	-2.08199
119.605	-2.03397
90.3261	-2.09995
78.6076	-1.93501
58.9684	-2.06964
51.111	-1.90022
41.5728	-1.90525
41.0316	-1.92122
39.4506	-1.66457
31.7955	-1.75334
28.0002	-1.40736
26.6741	-1.20603
25.8338	-1.21172
27.5137	-1.25933
27.8894	-1.26914
26.1234	-1.30795
29.7282	-1.05331
26.4245	-1.17748
21.7454	-0.780833
20.1523	-0.876828
19.2961	-0.800257
19.4248	-0.701197
19.671	-0.554826
17.2167	-0.664055
19.5835	-0.571214
19.7914	-0.570457
17.2292	-0.65299
17.9768	-0.706463
18.1808	-0.493773
10.3452	-0.508132
13.8458	-0.572097
15.4847	-0.437699
15.2752	-0.569217
15.7582	-0.768811
19.1815	-0.624672
64.952	-1.48955
250.288	-1.38531
38.1897	-1.34258
67.5481	-1.7495
165.259	-1.50176
431.249	-1.35957
504.79	-1.32027
882.73	-1.50469
795.347	-2.07763
830.693	-1.89927
916.315	-1.73087
777.984	-1.83868
681.017	-1.85362
604.494	-1.86596
541.75	-1.99004
570.562	-1.97193
625.175	-1.94297
745.088	-1.85818
969.364	-1.64952
1207.35	-1.35238
1330.37	-1.26885
1276.48	-1.3238
1177.46	-1.41439
999.779	-1.59537
785.027	-1.7667
491.081	-2.00084
189.394	-2.20954
114.74	-1.71678
101.491	-1.74599
76.7863	-1.8567
59.3037	-1.82323
48.3278	-1.99335
134.189	-0.312779
86.1103	-0.192333
110.258	0.338448
126.387	0.518904
142.033	0.383574
160.378	0.308265
152.587	0.0871835
142.37	-0.6035
171.196	-1.09699
206.226	-1.28697
205.633	-1.11435
200.359	-1.0557
201.009	-0.868999
174.214	-0.981064
169.684	-0.87823
161.737	-0.721925
167.976	-0.531019
153.519	-0.400609
126.774	-0.704342
135.55	-0.611805
111.14	-0.725457
76.076	-1.04077
59.9387	-1.15761
53.062	-0.9095
65.8326	-0.838897
73.9506	-1.20945
114.454	-1.33556
176.193	-1.73895
314.835	-1.63173
440.773	-1.61986
521.461	-1.61338
581.67	-1.44238
619.669	-1.26442
596.274	-1.25978
599.162	-1.10964
575.511	-0.951926
495.118	-0.974429
423.999	-1.04722
433.542	-0.787424
464.544	-0.55116
505.043	-0.381708
554.947	-0.388106
632.786	-0.396219
674.168	-0.50381
702.352	-0.669814
640.081	-1.08574
688.43	-1.1408
498.246	-1.5736
479.948	-1.73589
454.481	-1.80425
326.719	-1.9844
273.978	-2.14007
285.758	-2.03434
217.691	-1.96339
181.954	-2.07078
149.265	-2.31536
124.952	-2.08712
105.715	-1.96953
83.7717	-1.88673
72.4722	-1.83015
69.0257	-1.98566
65.6144	-1.71908
65.6758	-1.66322
66.0832	-1.64936
78.1352	-0.973976
94.8887	-0.543945
131.532	0.0487086
181.117	0.445566
178.895	0.701313
158.578	0.470137
132.903	0.63299
105.738	0.299884
80.5665	0.15812
64.4635	-0.33988
47.3982	-1.11579
268.295	-1.71072
507.799	-1.65422
529.743	-1.8027
548.112	-1.85869
469.37	-1.90827
361.697	-2.00063
261.605	-2.07407
175.236	-2.09869
111.822	-2.20997
90.756	-2.09713
68.1492	-2.03891
51.7347	-2.06954
42.2649	-1.90772
36.7673	-1.43956
25.0431	-1.52525
26.7261	-1.19166
23.195	-1.04657
17.2452	-0.922524
27.3614	-1.0131
42.1293	-1.38482
28.2645	-1.18081
29.9917	-1.18474
28.2301	-1.48463
26.2483	-1.33192
48.5724	-1.80185
144.18	-1.92136
190.357	-1.67681
199.598	-1.93307
219.871	-1.9278
244.124	-1.81272
276.583	-1.63854
228.511	-2.02041
249.291	-1.80556
278.795	-1.47487
329.765	-1.22156
417.991	-1.40418
396.45	-1.77358
463.239	-1.6373
457.098	-1.60629
510.734	-1.39997
511.775	-1.3293
237.337	-1.45016
161.154	-1.56872
202.553	-1.52261
156.566	-1.33201
113.743	-1.2973
71.2169	-1.56147
56.545	-1.45969
47.9463	-1.20518
39.8103	-1.28066
34.5696	-1.01311
30.9457	-1.08115
23.9818	-1.06108
21.638	-1.12756
18.9287	-0.914837
20.447	-0.828551
17.5506	-0.949986
15.8755	-0.73598
15.802	-0.671623
17.6869	-0.618008
16.508	-0.566162
15.7949	-0.807963
10.5907	-0.557316
15.9189	-0.523852
14.4944	-0.411012
15.3592	-0.382103
15.36	-0.596118
20.0175	-0.41506
14.3838	-0.425708
14.2016	-0.506704
14.0664	-0.674683
14.4978	-0.676892
15.0337	-0.738138
14.1774	-0.714673
17.5939	-1.13782
32.5285	-1.63438
70.3153	-1.60008
71.4543	-1.5623
134.609	-1.43372
156.352	-1.57373
173.948	-1.40494
268.553	-2.05309
440.885	-2.06642
593.938	-1.87542
599.168	-1.86038
587.016	-1.80357
460.222	-1.86936
354.302	-1.78692
221.794	-1.65299
172.93	-1.38816
134.63	-1.35952
145.571	-1.23896
206.962	-1.12415
340.214	-1.07918
380.354	-0.988599
369.792	-0.960527
323.491	-1.07468
275.033	-1.32363
182.683	-1.43965
140.73	-1.19398
109.422	-1.0635
101.394	-0.551612
118.223	-0.386337
137.059	-0.415099
176.346	-0.419982
216.58	-0.754499
238.615	-1.19674
196.015	-1.58121
162.627	-1.76478
149.397	-1.98603
145.64	-1.91137
159.722	-1.79848
175.408	-1.60529
188.365	-1.41352
175.181	-1.0628
173.375	-0.72856
195.484	-0.114108
204.15	0.273939
167.645	0.293126
179.458	0.721184
166.56	0.804631
195.1	1.0362
137.53	0.974977
145.805	1.02268
136.94	0.699073
115.994	0.811814
116.518	0.827796
100.226	0.58459
61.2839	-0.259176
197.163	-1.30125
485.25	-1.15175
574.105	-1.14488
607.418	-1.20814
666.968	-1.1985
679.012	-1.27444
690.918	-1.38377
701.405	-1.46236
727.233	-1.48716
643.149	-1.59843
597.741	-1.66001
529.633	-1.7301
441.947	-1.81228
372.762	-1.91415
369.671	-1.86606
366.807	-1.9534
370.559	-1.97261
384.321	-1.9707
387.546	-2.03518
403.272	-1.98672
446.439	-1.90141
486.222	-1.89181
482.756	-1.95554
467.388	-1.95223
440.455	-1.97335
354.367	-1.98499
251.851	-1.71708
207.391	-1.36331
181.199	-1.62174
102.114	-1.94421
81.0803	-1.84242
76.151	-1.25404
131.351	-0.906258
118.994	-0.179974
117.824	0.246617
108.037	0.637139
140.653	0.797349
167.106	0.776325
152.535	0.728705
173.214	0.495977
150.865	0.253389
113.674	0.334542
120.41	0.0980489
89.1742	-0.359809
58.6805	-0.659926
53.109	-1.35451
190.18	-1.59505
199.621	-1.86714
171.952	-2.08575
173.631	-2.10175
149.913	-2.10598
111.242	-1.82002
117.894	-1.8638
117.526	-1.84027
105.67	-1.87648
107.526	-1.77229
115.832	-1.73628
110.563	-1.75087
105.14	-1.7094
95.5834	-1.87441
84.1412	-1.94826
84.1063	-1.75028
86.4352	-1.51741
65.1563	-1.72523
59.2089	-1.66575
125.741	-1.10788
439.353	-0.995844
854.66	-1.01408
1092.93	-0.964934
1296.63	-0.776243
985.367	-1.10639
744.078	-1.31849
604.326	-1.42879
441.375	-1.56311
230.247	-1.52438
55.75	-1.60422
34.7819	-1.3468
35.8568	-1.32388
29.9854	-1.30526
29.4909	-1.23646
70.1593	0.0483133
87.5051	-0.0412316
169.414	0.659292
156.64	0.614453
123.051	0.493738
91.4643	0.350093
84.7886	-0.0362016
73.0914	-0.367376
87.8875	-1.43637
251.672	-1.76927
325.255	-1.76079
475.531	-1.5774
538.162	-1.69862
548.878	-1.84679
591.903	-1.64981
435.98	-1.54789
89.7719	-1.70169
29.6669	-1.64653
29.958	-1.44538
23.1042	-1.28426
59.5457	-0.552132
150.509	-0.424286
113.31	-0.93166
37.4691	-1.18551
139.769	-1.36459
418.244	-1.47039
313.152	-2.04995
290.223	-2.04259
233.155	-1.96004
139.633	-2.05024
95.3475	-1.85243
108.301	-1.89615
104.904	-2.07456
111.397	-2.00066
104.182	-2.11959
117.945	-1.99569
126.384	-1.77592
136.104	-1.43494
173.132	-0.997046
222.537	-0.741355
266.322	-0.523923
289.446	-0.490685
266.613	-0.747966
258.838	-1.02357
231.57	-1.31654
205.024	-1.56324
199.962	-1.6665
200.407	-1.77588
220.805	-1.68815
212.335	-1.73121
156.289	-1.82486
154.293	-1.66262
163.467	-1.57558
160.585	-1.67013
152.905	-1.78644
170.933	-1.66381
198.497	-1.85363
276.302	-2.01265
420.52	-1.94012
527.007	-1.8752
582.471	-1.78222
547.681	-1.85914
502.212	-1.93517
414.979	-2.08198
258.38	-2.26184
162.336	-2.07669
128.848	-2.1269
101.016	-2.16762
77.4234	-2.11809
54.5694	-2.07363
43.5204	-1.85722
33.2262	-1.60953
24.1436	-1.49983
21.7766	-1.27838
20.5235	-1.09711
21.3901	-1.09068
32.0677	-0.691539
56.8084	-0.651834
77.2457	-0.425505
66.8007	-0.25037
215.494	-0.323701
331.64	-0.59544
354.085	-1.14472
423.834	-0.975695
415.251	-0.902393
374.365	-0.9209
338.528	-0.990826
283.745	-1.09396
199.21	-1.26792
141.853	-1.04252
162.161	-0.856989
149.957	-0.611175
167.147	-0.564429
180.154	0.180944
145.421	0.201795
140.369	0.0695112
136.824	0.225364
107.031	0.0122007
100.218	-0.359325
86.9372	-0.719168
84.0686	-1.39944
237.75	-1.95019
288.691	-1.93426
309.9	-2.02964
373.688	-1.95725
377.844	-2.08486
368.067	-2.05059
297.279	-2.07849
231.783	-1.84292
146	-1.76628
86.5371	-1.57037
84.7017	-0.551875
96.3476	0.0271008
107.094	0.714336
124.975	0.956062
128.297	1.08476
120.718	1.12025
144.823	1.19569
142.323	1.1805
125.105	0.837054
96.1913	0.431202
69.984	-0.23115
43.2713	-0.716442
181.213	-1.29725
396.767	-1.65525
387.546	-1.83634
382.993	-2.16583
400.836	-2.15735
370.766	-2.09121
358.313	-1.75421
321.269	-1.56966
262.581	-1.42937
151.003	-1.50152
57.8285	-1.52933
28.1506	-1.55139
26.3559	-1.26108
25.6912	-1.20669
25.5992	-1.01405
29.2777	-1.03249
23.3196	-1.07333
27.1646	-1.29071
66.9873	-1.90562
74.0692	-2.05858
89.7978	-2.1358
95.4589	-2.2305
93.1676	-2.13697
90.9207	-2.12241
79.8298	-2.05443
73.8056	-1.99727
68.3603	-1.95274
63.328	-2.0175
58.7451	-1.957
51.5856	-1.99722
47.1037	-1.90179
43.0086	-1.99615
48.8388	-1.70274
108.007	-1.55267
203.921	-1.28081
247.826	-1.27935
267.397	-1.35251
247.38	-1.15145
236.102	-0.783129
323.142	-1.04228
350.627	-1.46451
382.242	-1.507
429.477	-1.40485
453.613	-1.32813
473.011	-1.30465
445.525	-1.29852
327.653	-1.34948
125.059	-1.63796
123.43	-1.55842
135.958	-1.59671
152.262	-1.32729
148.963	-1.41293
126.228	-1.66516
91.4177	-1.77358
80.5573	-1.69396
65.5344	-1.45295
46.8729	-1.50845
36.2782	-1.52206
51.4649	-0.85626
54.3088	-0.225477
57.2186	0.129241
47.8908	0.390653
58.3677	0.512565
60.9045	0.563866
58.9045	0.549432
53.5482	0.596164
56.5613	0.418604
56.84	0.61709
58.0414	0.614131
56.2466	0.70709
25.531	-0.933233
17.3147	-0.594962
16.9256	-0.654664
18.2069	-0.512032
20.6275	-0.67779
20.4726	-0.602356
20.7326	-0.729492
20.8994	-0.768745
26.3914	-0.796404
31.6682	-0.948863
31.0267	-1.14374
27.3834	-1.47072
70.0453	-1.99263
175.828	-2.22231
244.12	-2.20144
286.753	-2.08211
242.624	-2.22341
179.554	-1.92364
131.479	-1.89539
129.812	-1.97164
126.452	-1.91268
131.86	-2.02333
154.691	-1.97336
304.659	-2.1677
301.494	-2.64456
369.355	-2.60526
538.756	-2.15002
553.305	-2.19921
478.894	-2.47171
477.29	-2.35353
453.04	-2.23328
311.114	-2.43135
228.5	-2.51009
205.441	-2.49367
205.366	-2.22107
171.312	-2.22759
136.234	-2.1594
96.0752	-2.099
64.3777	-1.52255
103.013	-0.629612
108.647	-0.224705
96.1877	-0.588695
88.9571	-0.484152
89.7804	-0.268178
79.5572	-0.443849
85.7622	-1.67818
279.632	-2.01972
336.75	-2.07651
383.556	-1.88247
424.072	-1.78072
412.22	-1.94484
448.743	-2.02433
452.742	-2.02268
533.799	-1.9025
697.893	-1.61324
849.256	-1.43939
1063.02	-1.16832
1163.38	-0.967551
1099.07	-0.812339
718.535	-0.925913
305.532	-1.41194
120.435	-2.06937
127.954	-1.96639
130.234	-1.96274
106.836	-2.0224
99.544	-1.74214
80.3319	-1.76585
57.8344	-1.76748
46.0448	-1.51817
73.0111	-0.476985
70.8422	-0.0720283
102.583	0.188901
151.23	0.447911
164.238	0.663552
169.603	0.868298
195.046	1.01333
204.014	0.610749
127.712	0.236231
90.8392	0.26149
40.1068	0.0817433
29.615	-0.397147
29.7798	-0.477529
45.4707	-0.433019
74.1163	-0.447251
239.472	-1.02963
473.358	-0.847889
563.225	-0.838903
646.289	-0.832153
557.837	-1.1606
441.297	-1.03166
249.254	0.113555
268.163	-0.861604
690.645	-1.24292
1267.22	-1.13226
1657.6	-1.20036
1716.08	-1.08533
1670.13	-1.18698
1519.93	-1.26895
1405.68	-1.28971
1116.24	-1.47362
747.043	-1.86752
606.206	-1.8861
539.003	-1.66828
445.661	-1.63214
322.209	-1.63515
114.737	-1.71025
46.7493	-1.55066
41.9043	-1.27871
34.8627	-1.26275
32.5023	-1.25972
34.4107	-1.02515
108.2	-0.803004
148.669	-0.757689
90.8709	-1.62636
553.734	-1.88736
780.768	-1.78712
830.781	-1.87982
602.913	-2.07704
304.14	-1.93358
89.2746	-2.01147
108.827	-1.95505
83.8927	-1.87107
40.9223	-1.38976
35.3678	-1.3896
29.2074	-1.30468
65.2331	-1.02158
56.0675	-0.918431
173.243	-0.617484
144.587	-0.999035
83.4572	-1.23427
313.193	-2.26195
631.997	-1.96543
716.916	-1.78646
602.344	-1.79946
288.321	-1.94937
167.238	-2.1364
199.594	-2.01894
214.631	-1.96235
207.519	-2.07235
300.99	-1.92762
365.002	-1.94811
725.961	-1.6371
893.601	-1.62556
1104.14	-1.499
1241.93	-1.46809
1240.78	-1.44709
1135.39	-1.54606
810.96	-1.80974
523.6	-1.74124
96.3516	-1.77765
49.4347	-1.78692
46.1807	-1.69923
39.226	-1.562
31.9845	-1.29221
54.5786	-0.727143
155.071	-0.46789
215.014	-0.472029
236.875	-0.742095
483.735	-0.575429
649.656	-0.201143
656.927	-0.0880627
496.065	-0.17992
193.038	-0.610715
70.8895	-1.10108
47.0038	-1.55009
41.8908	-1.4623
34.5594	-1.57804
35.6324	-1.65085
35.4365	-1.42247
36.04	-1.43595
42.5817	-1.35404
37.9324	-1.42858
42.3972	-1.37006
87.3725	-0.89721
308.324	-0.786513
255.526	-1.38184
508.129	-1.64232
540.476	-2.11267
598.68	-1.95955
600.299	-1.94449
559.958	-2.00481
319.492	-2.17006
116.208	-2.03711
48.2814	-1.94445
33.7274	-1.6133
56.7014	-1.36613
34.1146	-1.29815
25.378	-1.09675
24.541	-1.06003
26.1175	-0.522806
90.851	-0.347767
91.7306	-0.441169
39.506	-0.939132
35.1412	-1.12447
29.6131	-1.36993
40.7249	-1.61556
111.283	-2.16849
132.027	-2.15236
127.779	-1.74791
97.1526	-1.92628
110.504	-1.79882
101.77	-1.97735
107.8	-1.97865
115.117	-1.96338
137.96	-1.71833
124.275	-1.84993
109.793	-1.87997
106.411	-1.85725
100.407	-1.92679
97.1111	-1.96249
97.6391	-1.89796
142.92	-1.63069
382.365	-1.69122
586.448	-1.55194
603.812	-1.67532
538.228	-1.98811
463.032	-2.15608
473.705	-2.09933
598.985	-1.63741
603.177	-1.59512
431.521	-1.45469
217.193	-1.36977
355.964	-1.34943
462.529	-1.59697
598.369	-1.60712
652.598	-1.5338
636.248	-1.4398
539.231	-1.58571
420.325	-1.77412
319.894	-1.8055
256.895	-1.63643
163.112	-1.53091
117.535	-1.03748
124.59	-0.288602
119.01	0.538944
110.419	0.723033
135.373	0.909455
167.625	0.71613
181.302	0.55374
151.102	0.658783
104.964	0.302605
86.3491	-0.657455
141.968	-1.86271
325.122	-1.79049
379.194	-1.73458
422.71	-1.86745
464.861	-2.03478
456.247	-1.92644
273.872	-1.96034
76.2791	-1.48732
50.6882	-1.16068
309.871	-0.359639
271.739	-0.482963
61.1644	-1.01246
71.0469	-1.25949
147.273	-1.7216
292.696	-1.98121
453.679	-1.80986
597.375	-1.70208
648.746	-1.64498
670.333	-1.7674
589.866	-1.9866
532.629	-1.97936
481.503	-1.93987
437.698	-1.92403
389.068	-1.92041
326.706	-2.02705
271.75	-2.02578
164.597	-2.03633
178.717	-1.88061
79.1518	-1.93345
123.382	-1.81449
59.5281	-1.70745
91.7576	-1.76903
48.8687	-1.92954
57.8834	-1.8762
47.161	-1.71184
41.3944	-1.62941
40.1409	-1.7095
32.6101	-1.61544
28.6011	-1.36132
24.1548	-1.26154
25.5585	-1.0306
22.4021	-0.831526
34.278	-0.389962
94.3687	-0.0353296
23.2084	-0.682198
22.2571	-0.842431
20.237	-0.711898
18.4301	-0.610573
18.7258	-0.731532
20.4676	-0.697091
19.7668	-0.372768
19.8332	-0.556183
17.8776	-0.576902
11.3275	-0.605541
15.3208	-0.50749
14.6763	-0.770391
15.7351	-0.524361
15.184	-0.44993
12.9202	-0.472473
14.7554	-0.484066
13.1759	-0.511995
13.3533	-0.507342
13.0056	-0.460602
17.3963	-0.893731
31.6845	-1.83537
102.174	-1.90617
131.268	-2.00623
142.258	-1.93002
169.484	-1.76184
181.72	-1.71078
171.601	-1.48517
160.845	-1.58464
154.219	-1.61461
140.194	-1.66634
155.956	-1.63226
155.458	-1.59658
152.014	-1.56445
139.119	-1.63293
130.238	-1.62549
138.57	-1.65145
227.967	-1.66177
155.211	-2.08416
151.697	-2.14526
178.252	-1.93276
167.703	-1.8456
141.078	-1.30289
175.643	-0.304179
138.577	0.182984
171.675	0.523891
175.403	0.777883
153.795	0.721787
181.091	0.553399
144.579	0.374061
123.552	0.300267
96.1424	0.0484436
105.831	-0.496502
353.839	-1.26073
573.231	-2.01164
790.2	-1.68818
1058.46	-1.57035
1379.65	-1.25816
1745.31	-0.834965
1685.84	-0.597674
1506.04	-0.301549
1152.39	-0.0564009
733.711	0.111088
311.69	-0.0798986
93.0964	-1.41145
81.5048	-1.58628
90.8139	-1.32417
63.2457	-1.64271
47.9057	-1.43604
44.1291	-1.30519
42.0331	-1.29133
35.9015	-1.18631
31.1405	-1.44796
129.036	-0.872336
281.976	-0.910212
469.426	-1.51186
695.711	-1.77166
639.642	-1.93068
537.172	-2.02837
443.853	-2.04135
558.492	-1.851
704.858	-1.63442
789.716	-1.487
903.664	-1.47213
877.313	-1.4217
663.869	-1.59363
503.709	-1.71121
340.696	-1.6551
139.71	-1.66548
48.072	-1.90021
28.7392	-1.58933
25.1852	-1.43547
32.4803	-1.53405
44.2132	-1.56051
26.8579	-1.36182
30.3414	-1.4204
25.9064	-1.46995
25.0339	-1.51513
70.6381	-1.77044
207.462	-1.74925
124.524	-2.02551
104.847	-2.0448
170.523	-1.95607
164.887	-2.03344
175.543	-1.98526
174.181	-1.85553
197.661	-1.76052
212.728	-1.70702
186.441	-1.8263
115.712	-1.66248
95.4597	-1.81662
114.552	-1.66232
110.036	-1.78271
121.26	-1.84896
123.46	-1.92079
169.772	-1.48125
271.1	-1.42077
258.631	-2.0959
266.262	-1.99496
264.774	-2.03968
274.768	-2.00594
274.54	-1.8852
131.584	-2.14581
68.0848	-1.75254
62.1387	-0.620286
77.1323	-0.00209193
88.3247	0.378765
95.7197	0.615557
97.9232	0.803345
108.404	1.09472
105.752	0.967704
99.988	0.776376
91.1647	0.569238
62.2242	0.00610665
42.2057	-0.624119
232.659	-1.19126
274.543	-1.59576
323.676	-1.65891
332.023	-1.71014
311.043	-1.88203
333.917	-1.74297
382.67	-1.69992
457.828	-1.63241
543.159	-1.56565
566.702	-1.72271
593.59	-1.83371
558.176	-1.9179
547.072	-1.88362
485.021	-1.88458
392.622	-1.93013
326.743	-1.95945
253.201	-1.99042
184.853	-1.27349
151.465	-0.574875
224.035	-1.23622
175.406	-1.88191
138.984	-1.61785
80.3363	-1.73076
107.244	-2.0692
121.298	-2.06468
115.433	-2.21185
136.775	-1.94033
144.953	-1.86288
170.641	-1.68596
152.434	-1.49476
113.31	-1.33426
124.175	-0.989489
122.367	-0.574094
133.792	-0.138099
146.413	0.154794
132.547	0.230507
148.04	0.0934333
144.562	0.0856268
140.706	0.116001
141.042	-0.108785
158.658	-0.395067
163.294	-0.513004
168.375	-0.753585
237.46	-0.718244
276.611	-0.779691
308.97	-0.893368
337.057	-0.954804
327.504	-1.24361
387.103	-1.2158
486.694	-1.04007
319.201	-1.10613
369.634	-1.01412
144.28	-1.37503
200.448	-1.04097
95.1083	-1.30414
59.0224	-1.35922
40.9985	-1.29553
28.1565	-1.12945
25.4578	-1.06552
19.3718	-0.847245
17.0443	-0.573087
16.1563	-0.76016
15.3748	-0.936118
15.6076	-0.776651
15.6018	-0.745642
13.5528	-0.619783
16.1853	-0.51383
13.9832	-0.586127
16.6803	-0.609476
14.5412	-0.583698
13.5212	-0.704436
20.2208	-0.507501
20.655	-0.63447
20.8839	-0.526476
20.2904	-0.481378
17.5584	-0.519458
19.2186	-0.386047
20.4037	-0.507584
19.9263	-0.668724
16.9822	-0.55016
18.2736	-0.624793
17.1304	-0.681337
53.5049	-1.28661
172.504	-1.13102
53.7532	-0.844605
41.1598	-1.09503
78.824	-1.4139
492.825	-1.31871
605.231	-0.969456
334.546	-1.27858
224.834	-1.29915
167.859	-0.904001
160.906	-0.260972
152.661	0.196961
146.851	0.525662
154.741	0.487704
168.287	0.659409
141.318	0.496399
123.294	0.305888
98.2702	-0.101164
195.067	-1.23281
344.961	-1.28094
413.617	-1.37692
426.876	-1.45758
433.656	-1.39111
380.254	-1.57573
290.607	-1.6692
240.784	-1.6027
145.74	-1.71845
109.31	-1.93417
102.231	-2.01226
104.178	-2.0864
94.3188	-2.04278
89.581	-2.08344
80.3133	-1.94596
75.8969	-1.85383
64.1177	-1.98672
58.1116	-1.84482
208.128	-0.865379
194.113	-0.893466
228.994	-0.614393
333.845	-0.950735
483.842	-1.23292
628.12	-1.36105
738.468	-1.42619
775.46	-1.53219
836.16	-1.57779
842.271	-1.58698
769.791	-1.59656
636.093	-1.7228
547.31	-1.67978
352.332	-1.82735
173.32	-1.84862
67.29	-1.94063
40.4524	-1.74835
39.3256	-1.63694
32.4629	-1.30582
34.8418	-1.08453
91.2827	-1.36823
189.211	-1.63936
316.871	-1.47016
381.721	-1.43593
370.447	-1.48217
334.367	-1.5458
289.493	-1.66822
228.63	-1.80125
171.754	-2.01772
149.657	-2.10474
142.534	-1.99465
118.936	-1.994
115.564	-1.83927
84.0555	-2.01235
62.4418	-1.92596
41.1747	-1.65806
34.68	-1.25935
24.8992	-1.15376
25.9326	-0.886702
216.388	0.0404864
199.894	-0.120319
129.544	-0.184789
248.041	-1.3881
492.379	-1.17057
495.263	-1.24687
433.656	-1.59215
315.53	-1.88665
171.24	-1.9821
108.609	-1.89977
111.58	-1.9975
113.442	-2.12611
127.812	-2.04817
126.615	-2.12192
137.182	-2.04912
145.217	-2.03172
167.078	-2.08716
264.737	-2.04618
336.643	-1.9936
407.267	-1.82034
455.153	-1.77606
473.252	-1.60721
493.324	-1.38276
527.982	-1.13306
523.21	-0.989809
506.597	-0.785786
448.67	-0.555272
460.199	-0.416647
531.506	-0.0344047
533.747	0.0656211
561.333	0.0781018
605.294	0.137226
622.973	0.135848
690.479	0.0655471
633.876	-0.0981305
681.148	-0.226595
589.461	-0.720356
621.215	-1.09929
744.264	-1.1703
881.911	-1.17352
790.46	-1.38069
665.372	-1.56704
379.455	-2.03488
136.922	-2.29367
101.162	-2.03375
90.1777	-1.97233
74.8343	-1.9206
63.1673	-1.98541
56.583	-1.83169
51.7456	-1.72533
48.8136	-1.55441
39.8727	-1.48988
37.0313	-1.36069
30.0873	-1.20792
25.1744	-1.16388
21.4242	-1.19951
20.8086	-0.855836
23.4103	-0.776884
19.8566	-0.728272
36.4879	-0.770137
92.9746	-1.03538
421.001	-1.95163
652.39	-1.85103
920.421	-1.69976
884.208	-1.89811
1075.9	-1.57162
944.473	-1.7165
665.421	-1.97167
317.643	-2.18727
63.477	-1.58254
37.6159	-1.66216
33.6091	-1.40928
30.0833	-1.29693
30.4603	-1.06133
30.7605	-0.960055
97.3225	0.201856
94.8785	0.788416
130.769	0.832803
183.358	0.496232
210.595	0.536783
112.452	0.303927
84.1422	0.257019
56.3672	-0.068408
37.5714	-0.213936
35.7622	-0.479326
32.4128	-0.465577
42.5555	-0.389721
45.566	-0.449716
45.216	-0.709648
75.304	-1.31644
151.106	-1.65745
201.373	-1.45198
223.486	-1.52467
263.453	-1.34909
248.757	-1.10649
164.049	-0.932857
143.223	-0.205816
171.117	0.384269
169.682	0.557103
152.599	0.690711
161.844	1.11342
195.15	1.03198
176.373	1.0224
156.029	0.835519
140.193	0.728397
105.25	0.294098
107.202	-0.266523
305.78	-0.741046
359.07	-0.757161
388.275	-0.754267
433.024	-0.691908
453.226	-0.7409
345.995	-1.15636
311.511	-1.40409
286.816	-1.53703
164.161	-1.88427
60.8984	-1.72684
49.6939	-1.67066
42.0177	-1.81773
44.1781	-1.68837
45.5726	-1.63189
42.5252	-1.55854
34.9255	-1.52914
37.4069	-1.51021
105.74	-1.17025
203.371	-1.3402
257.026	-1.96313
246.419	-1.89546
212.739	-1.93456
210.624	-1.77752
177.997	-1.56581
128.587	-1.53081
122.469	-1.45388
213.106	-1.30655
228.455	-1.71411
329.401	-1.78721
207.626	-1.53628
236.451	-1.61497
138.523	-1.86456
105.737	-1.86279
96.7302	-1.70367
92.7825	-1.74887
94.8725	-1.54272
103.01	-1.53115
61.6128	-1.39142
54.1589	-1.52677
44.569	-1.26748
68.3375	-0.270041
74.419	0.157522
87.7714	0.419832
104.435	0.644929
99.8395	0.798826
98.2152	1.22368
89.3446	1.09737
93.6533	0.727753
103.693	0.899897
107.27	1.00113
122.382	0.889482
125.992	0.783023
101.274	0.584905
86.6512	0.611431
61.766	0.514146
49.7138	0.0362227
39.3207	0.06575
37.9136	-0.180032
33.1553	-0.387183
28.839	-0.631794
23.6857	-0.597046
23.6518	-0.627212
22.4544	-0.627475
23.3408	-0.59658
21.1467	-0.874908
20.8874	-0.619211
13.0519	-0.704061
17.6144	-0.507915
19.7165	-0.498305
21.6916	-0.542337
20.2481	-0.405503
22.7557	-0.549343
19.1338	-0.553615
18.8174	-0.489664
18.9051	-0.450078
21.9776	-0.693482
19.4558	-0.597453
18.5854	-0.476557
17.8222	-0.574128
19.1693	-0.483034
21.1297	-0.514535
20.9159	-0.561907
22.2156	-0.350726
21.2461	-0.541975
23.5446	-0.682022
19.6691	-0.650815
20.7471	-0.64807
24.8831	-0.991186
20.9124	-0.634844
34.3166	-0.438963
36.313	-0.485668
31.0602	-0.831969
22.0991	-0.854758
30.2849	-0.718986
202.323	0.0173251
424.964	0.161102
443.167	-0.071258
531.201	0.169605
506.945	-0.12066
491.375	-0.103175
443.693	-0.124172
351.962	-0.18652
231.004	-0.232582
121.744	-0.23326
52.8675	-0.789692
35.0256	-0.808886
31.8683	-1.01243
26.2825	-0.872563
28.2325	-0.641944
23.8557	-0.717163
234.575	0.475838
410.694	0.445443
134.223	-0.144515
667.326	-0.27974
871.618	-0.56462
858.938	-0.799163
956.922	-0.958556
995.521	-1.06843
987.441	-1.17733
964.703	-1.19501
854.401	-1.23466
799.426	-1.08043
694.139	-0.971234
539.919	-0.872996
424.214	-0.775392
286.172	-0.934615
198.789	-1.45038
137.909	-1.89475
137.645	-1.86803
139.758	-1.73577
127.602	-1.81522
140.796	-1.48703
205.622	-0.853215
416.397	-0.584441
671.874	-0.716167
772.877	-0.981671
540.365	-1.23375
340.884	-1.08872
531.254	-1.25746
734.117	-1.2843
859.574	-1.33065
812.15	-1.42267
690.796	-1.39576
496.001	-1.49699
235.664	-1.83708
134.582	-1.61745
118.046	-1.01266
136.438	-0.489747
107.992	-0.185927
121.708	-0.0140612
110.491	0.227581
96.6158	0.082611
72.6911	-0.245646
68.8801	-0.506514
79.3102	-1.01072
212.148	-2.14232
463.981	-2.01308
581.343	-1.96613
685.721	-2.00188
718.622	-2.03602
577.342	-2.13057
319.857	-2.02627
100.453	-2.01886
96.1141	-1.66972
80.6267	-1.94687
107.931	-1.80301
121.995	-1.7932
138.273	-1.9987
145.986	-2.13611
166.911	-2.00705
174.053	-1.9309
161.855	-2.14718
186.754	-2.03337
203.89	-2.00673
346.621	-1.58212
721.525	-1.33352
735.001	-1.17907
638.043	-1.118
504.033	-1.13018
295.987	-1.34997
136.056	-1.77307
103.458	-1.99082
83.8922	-2.13685
73.8263	-1.95635
61.1925	-1.95914
49.4092	-1.82457
57.3518	-1.16076
134.56	-0.148727
75.1794	0.0700758
102.963	0.478319
123.427	0.52601
124.358	0.261191
120.187	-0.121301
98.5421	-0.584571
96.9835	-1.20284
246.026	-1.7174
449.059	-1.63893
573.435	-1.66929
590.109	-1.81741
604.38	-1.81526
565.316	-1.82088
722.256	-1.60423
753.222	-1.56004
742.732	-1.60612
644.208	-1.83285
650.74	-1.95744
735.592	-1.89704
804.459	-1.81017
694.967	-1.98219
501.572	-2.26176
405.893	-2.1883
356.637	-1.61897
320.283	-0.817411
231.072	-0.0656948
164.797	0.494559
138.93	0.577578
134.598	0.95474
129.434	0.650587
134.922	0.464885
133.765	0.648095
122.293	0.637228
109.139	0.296722
60.7257	-0.37769
57.0597	-1.27532
319.728	-1.56473
432.563	-1.82404
368.922	-2.22496
403.284	-2.16677
262.568	-2.15627
178.466	-2.02899
159.105	-2.19427
145.073	-2.19842
128.335	-2.16997
109.891	-2.12169
94.1655	-1.99811
80.3133	-1.88714
59.426	-1.82541
46.5885	-1.70725
34.8007	-1.5716
29.6503	-1.23308
25.8478	-0.969853
82.7692	-0.167776
299.93	-0.0643722
181.137	-0.728609
148.307	-0.694548
141.677	-1.09442
266.09	-1.27826
115.793	-0.861306
248.928	-1.31142
541.463	-1.11147
621.463	-1.2603
619.238	-1.38913
588.833	-1.41566
554.497	-1.43969
514.521	-1.35273
448.474	-1.33563
377.474	-1.43627
322.54	-1.53341
259.535	-1.61505
182.732	-1.77369
76.3213	-2.0603
61.2355	-1.86248
68.7649	-1.73481
61.3238	-1.97582
65.4931	-1.77616
57.8418	-1.93542
64.2799	-1.94394
91.7429	-1.52634
121.065	-1.13378
98.5222	-0.79133
98.6143	-0.637909
95.3184	-0.726693
97.6604	-0.666275
105.971	-0.622888
80.7454	-0.647142
68.1821	-0.922067
55.8254	-1.032
60.0502	-0.667225
65.8011	-0.0452188
84.335	0.289267
88.9786	0.40581
97.3347	0.371853
93.914	0.420856
86.1349	0.262197
102.023	0.143823
99.3178	0.220685
106.578	0.148411
95.3858	0.236453
80.2532	0.165601
78.1133	0.114517
73.6274	0.0498077
64.5553	-0.125224
41.2729	-0.284009
31.2108	-0.413966
27.7309	-0.733853
27.6885	-0.782212
24.1375	-0.863489
22.5102	-0.860352
23.7616	-0.814906
24.7672	-0.787651
22.4253	-0.831753
23.4205	-0.958843
23.7538	-0.860204
22.0022	-0.684589
19.8786	-0.755877
21.3578	-0.749074
15.9682	-0.718195
16.4938	-0.721729
17.2477	-0.502023
20.2897	-0.669381
18.0069	-0.627096
18.1466	-0.482967
17.3405	-0.702779
16.8134	-0.524554
21.1183	-0.775215
24.5112	-0.355394
34.6215	0.0975357
45.0025	0.19669
58.3492	0.235196
80.1791	0.414297
89.867	0.615561
89.1866	0.54463
79.6833	0.512162
83.4424	0.347837
208.659	-0.211914
372.292	-0.430181
341.226	-0.73077
395.65	-0.527404
357.115	-0.423373
238.075	-0.662308
151.517	-0.53868
153.884	-0.367207
136.687	-0.0468269
145.907	0.324504
140.449	0.476698
157.885	0.564179
142.195	0.636037
140.798	0.686799
126.728	0.340067
147.562	0.247249
134.349	0.0402985
80.0777	-0.316156
91.8511	-0.98574
551.306	-1.35038
655.799	-1.76932
842.642	-1.72429
1116.66	-1.57481
1534.35	-1.25701
1586.18	-1.28687
1748.7	-1.19752
1812.16	-1.17428
1644.72	-1.28652
1589	-1.33558
1549.53	-1.3403
1518.51	-1.28407
1544.95	-1.20879
1506.24	-1.14423
1330.32	-1.06271
1045.14	-1.01161
700.717	-1.05766
309.129	-1.48976
231.923	-1.6149
187.854	-1.67492
149.426	-1.75864
118.52	-1.88758
92.7604	-2.02947
78.1833	-2.03699
76.8222	-1.79996
55.0278	-1.73457
46.1028	-1.79483
34.9328	-1.46145
131.986	-0.132589
97.9105	0.0289141
101.325	0.879859
117.897	1.01051
130.388	1.03081
128.358	0.899104
107.555	0.869256
95.757	0.804688
66.9681	0.356076
43.0437	-0.553831
40.3853	-1.58246
23.8077	-0.799087
22.0825	-0.736544
22.3153	-0.580224
21.3068	-0.515683
19.4568	-0.546116
18.424	-0.708967
18.2188	-0.490142
18.0982	-0.516039
20.097	-0.683149
24.2193	-1.30746
23.2185	-1.03688
53.9648	-1.85705
159.693	-2.01748
168.406	-2.05929
182.81	-1.98197
161.473	-2.03975
142.937	-2.11481
130.305	-2.0247
135.032	-1.87762
130.198	-1.9255
120.791	-1.96358
114.595	-2.03771
116.434	-1.90744
112.578	-1.86586
91.8985	-2.01144
85.9609	-2.11069
89.9379	-2.13503
103.242	-1.96855
106.013	-2.03106
111.665	-2.05763
143.478	-1.81905
324.297	-1.64379
555.615	-1.32716
632.491	-1.08628
725.727	-0.966477
764.78	-0.89476
829.12	-0.854019
835.266	-0.83029
813.497	-0.82774
780.205	-0.870938
736.037	-0.954875
650.628	-1.0692
507.934	-1.32642
375.893	-1.54245
220.741	-1.94347
169.894	-1.71258
134.198	-1.65195
94.4657	-1.74766
80.6234	-1.38522
64.6021	-0.785285
84.1873	-0.337908
102.754	0.148523
89.7206	0.387641
80.9105	0.175575
74.6451	0.259894
58.7274	0.129178
63.9725	0.176432
52.9707	0.221275
53.8885	0.333026
44.4537	0.101275
29.212	-0.628521
17.717	-0.836426
17.9976	-0.556295
18.9035	-0.573085
17.9843	-0.554009
19.1408	-0.374576
18.4084	-0.461512
18.6065	-0.510845
16.3734	-0.750908
18.0981	-0.443746
31.596	-0.674475
61.5631	-0.792185
40.5248	-0.418438
45.1843	-0.748037
203.716	-0.823365
367.399	-1.3359
237.582	-1.78908
148.625	-1.90888
87.9132	-1.92173
63.2877	-2.24882
55.0938	-2.36038
49.4131	-2.06477
46.157	-2.04637
58.1749	-1.87865
76.0789	-1.62684
122.615	-1.57981
197.638	-1.40029
327.296	-1.28297
520.59	-0.908312
626.836	-0.667464
677.711	-0.465342
643.181	-0.30048
428.022	-0.393339
106.589	-0.635739
40.1873	-1.41113
39.0287	-1.61064
35.537	-1.57289
33.2036	-1.37749
38.7488	-1.36058
33.6385	-1.51467
30.3692	-1.54125
28.7541	-1.39625
30.0523	-1.31676
63.136	-0.941977
198.305	-0.629461
270.184	-0.471881
263.34	-0.449888
452.897	-0.0959671
440.922	-0.217197
512.486	-0.0685572
524.122	0.0605622
491.132	0.026233
491.454	-0.0160415
475.454	0.0141184
468.621	0.0750701
442.79	0.085349
434.973	0.0041903
418.873	-0.0920848
442.526	-0.244239
504.776	-0.355506
541.099	-0.532415
540.303	-0.704847
536.47	-0.904683
469.534	-1.0431
363.623	-1.30595
352.609	-1.38375
247.69	-1.80598
231.274	-1.54835
251.489	-1.46647
157.123	-1.71458
114.863	-1.90833
127.433	-1.63853
70.4271	-1.52158
45.3317	-1.41049
54.68	-0.717323
61.0381	-0.21419
66.6908	0.0392869
62.0238	0.0151256
53.0025	0.205959
51.9858	0.240373
54.4501	0.337035
52.5584	0.327287
49.5033	0.348507
59.6776	0.315248
58.7351	0.071622
70.1801	-0.316281
53.0476	0.286257
39.6602	0.0703696
31.6109	0.184148
28.8546	0.314976
24.9666	-0.0685143
24.3663	-0.34257
20.6065	-0.452931
20.0167	-0.498896
19.4697	-0.79736
18.2092	-0.547276
19.8322	-0.636975
19.6473	-0.512826
17.9054	-0.567103
19.0111	-0.546853
29.4444	-0.426498
32.0293	-0.371919
43.1751	0.0230559
67.0995	0.0742208
88.6928	0.0461208
150.293	0.215064
191.337	0.31859
161.856	0.148615
120.309	-0.522117
998.38	-0.613942
1081.2	-0.895122
1063.47	-0.780352
1086.66	-0.710679
1078.95	-0.629808
1052.32	-0.542078
928.852	-0.6227
887.66	-0.660749
913.712	-0.691064
1030.19	-0.740016
1210.89	-0.746652
1332.69	-0.742909
1308.12	-0.857947
1144.09	-1.01545
822.709	-1.31863
544.953	-1.61919
343.884	-1.91187
223.338	-2.26448
201.583	-2.16152
175.554	-2.24273
174.137	-2.16694
157.677	-2.16391
134.715	-2.18318
208.142	-1.72884
508.975	-1.40727
771.061	-1.49252
914.69	-1.5684
656.022	-1.79818
242.779	-1.87456
381.226	-1.8525
593.36	-1.84005
904.413	-1.63048
1042.59	-1.55461
1072.63	-1.50885
965.303	-1.59193
721.506	-1.85225
453.395	-2.15674
209.073	-1.99605
163.646	-2.00687
133.794	-1.97366
104.514	-2.08383
83.7323	-2.00838
67.1155	-1.93564
49.633	-1.93374
71.6295	-0.966607
143.716	-0.453825
71.7337	0.000492369
91.5944	0.264321
97.4863	0.384197
120.547	0.362791
105.228	0.101045
67.6482	-0.0904234
48.5151	-0.821246
60.5273	-1.01446
214.319	-1.38036
626.242	-1.78011
640.6	-1.86096
1022.17	-1.51
1029.85	-1.55506
1128.57	-1.46158
1165.59	-1.38946
1099.64	-1.43388
1017.47	-1.45886
844.427	-1.57447
353.817	-1.85695
71.3645	-1.89456
43.4148	-1.62976
32.8332	-1.4988
31.627	-1.25895
31.106	-1.09763
64.9468	-0.681817
98.1547	-0.668148
420.662	-1.57283
675.641	-1.66483
869.283	-1.51091
822.075	-1.7052
970.939	-1.48556
774.966	-1.69166
612.776	-1.89813
370.252	-1.8218
63.5742	-1.91819
41.4025	-1.79331
43.601	-1.72766
37.2867	-1.73759
103.488	-0.414408
93.6162	-0.0976063
94.3787	0.333593
123.245	0.731004
132.628	0.225677
167.578	-0.296156
162.239	-0.977579
237.808	-1.50021
316.679	-1.65061
397.585	-1.61416
453.476	-1.5322
444.915	-1.68165
322.026	-1.84866
186.711	-1.58056
283.456	-1.56147
430.181	-1.7386
520.345	-1.84061
597.002	-1.76692
630.861	-1.69182
539.256	-1.98971
522.132	-1.96341
487.451	-2.00219
315.96	-1.926
171.888	-1.63507
153.091	-1.70374
116.496	-1.87827
103.673	-1.78814
74.4696	-1.67687
48.7367	-1.68672
34.1861	-1.65565
30.043	-1.37063
108.532	-0.363549
282.458	-0.273151
157.708	-0.754159
73.4752	-1.12819
83.01	-1.67582
449.26	-1.60309
441.684	-1.70181
468.064	-1.69366
357.256	-1.77807
223.63	-1.75322
58.6269	-1.64117
33.1339	-1.28719
26.7707	-1.39653
26.1242	-1.20446
24.8885	-0.988007
105.037	-0.401945
376.094	-0.566303
304.867	-0.660484
92.4811	-1.2331
631.73	-1.50723
613.011	-1.89148
565.942	-2.04499
535.902	-1.99052
444.634	-1.97205
385.126	-2.14413
396.178	-2.07301
362.093	-2.03614
319.05	-2.04399
275.095	-2.04321
284.028	-1.80543
245.581	-1.70465
183.277	-1.65745
88.6787	-1.59932
45.3188	-1.67361
68.1156	-0.964627
61.7688	-0.941348
69.1138	-0.721382
250.675	-0.416787
275.35	-0.504893
358.004	-0.654755
392.368	-0.713414
322.009	-0.307058
307.914	-0.275171
324.351	-0.203987
277.432	-0.399885
303.06	-0.241205
324.907	-0.250267
346.708	-0.225541
304.22	-0.458612
313.249	-0.538171
409.26	-0.40264
492.383	-0.424199
521.237	-0.685686
231.666	-1.04788
259.322	-1.18744
215.096	-1.51398
211.263	-1.64899
193.542	-1.55135
159.028	-1.65188
107.536	-1.77633
68.8094	-1.98446
84.1838	-1.77247
67.9295	-1.72751
47.6385	-1.47106
40.7111	-1.60494
40.2205	-1.28351
32.1539	-1.10642
28.6169	-1.00415
23.7312	-0.861066
21.2842	-0.90318
20.041	-0.864739
19.5804	-0.681376
20.1729	-0.819507
20.1152	-0.642279
20.9881	-0.557246
18.0516	-0.552236
17.8727	-0.471554
18.9593	-0.398254
21.4475	-0.711035
17.2969	-0.529857
27.5157	-0.118569
16.6064	-0.551514
19.1136	-0.611771
18.9921	-0.614552
18.4445	-0.461232
37.8206	-0.0782179
19.772	-0.303426
15.756	-0.392786
19.219	-0.688234
17.8678	-0.761621
16.678	-0.78825
19.6819	-0.811386
41.2275	-0.761829
118.676	-1.27119
182.172	-1.75681
313.718	-1.59037
322.084	-1.80991
549.753	-1.13537
767.087	-1.57188
805.31	-1.9491
937.812	-1.77957
946.32	-1.7081
689.499	-1.89669
516.266	-1.98373
342.642	-1.8643
182.28	-1.76071
138.108	-0.83019
159.129	-0.318099
187.811	0.139184
140.363	0.400511
143.869	0.414043
157.378	0.361477
147.863	0.267002
119.528	0.0743399
189.984	-1.24562
549.972	-1.73872
615.157	-1.88499
750.414	-1.80419
685.43	-2.05731
535.496	-2.3648
443.512	-2.37343
362.856	-1.8744
300.876	-1.70508
258.586	-1.70625
290.488	-1.80488
285.452	-1.87089
130.564	-1.81171
35.4059	-1.68409
31.6637	-1.47062
32.3631	-1.41108
72.0891	-0.891329
171.393	-0.308613
69.3171	-1.00631
110.834	-1.71052
191.09	-1.8322
243.355	-1.99092
256.859	-2.10271
268.892	-2.00073
267.997	-2.02292
276.138	-1.94564
253.169	-2.19022
282.711	-2.20316
334.664	-2.18298
607.37	-1.67526
584.34	-1.92602
573.764	-2.03891
620.3	-2.0406
626.157	-2.04671
490.471	-2.38161
521.387	-2.02011
488.689	-1.93346
384.718	-1.90541
253.038	-1.92102
196.768	-1.17024
158.41	-0.477421
157.959	-0.114612
126.18	0.255855
144.236	0.409505
169.51	0.335452
126.545	0.0630323
140.066	-0.0755343
111.018	-0.303155
148.303	-1.43098
172.185	-1.91721
218.056	-1.7463
242.958	-1.82283
235.939	-2.07839
191.798	-2.04049
170.687	-1.33609
146.441	-1.03126
146.68	-1.15649
108.167	-1.03224
31.9154	-1.15178
23.771	-1.09693
21.4002	-0.945116
22.2636	-0.730819
20.8435	-0.860658
22.5641	-0.831176
23.8048	-0.628618
125.576	-0.803373
158.235	-0.755917
145.638	-1.16333
471.331	-1.60244
577.859	-1.51195
582.15	-1.52874
585.829	-1.47201
563.921	-1.44463
517.133	-1.32815
369.874	-1.21302
169.358	-1.13126
80.3897	-0.914858
89.0244	-0.383613
41.0364	-0.715347
24.6131	-1.05122
47.2715	-0.508979
71.9092	-0.184044
50.878	0.287949
62.9038	0.274602
71.9061	0.584777
126.509	-0.59253
295.88	-1.42655
319.502	-1.52473
379.394	-1.54573
438.868	-1.56475
444.645	-1.79406
479.973	-1.82744
522.551	-1.80151
485.463	-1.87925
442.675	-1.80072
204.184	-1.76405
42.5579	-1.75024
32.7119	-1.49704
33.039	-1.37789
25.9548	-1.0766
24.9919	-0.943165
24.3296	-0.866183
35.5354	-1.03217
47.7007	-1.19234
51.2474	-0.961885
63.0654	-1.36075
202.866	-1.90916
118.662	-1.87356
56.147	-1.73251
136.988	-1.92261
325.023	-1.71554
497.681	-1.59766
552.479	-1.43467
516.376	-1.52737
492.672	-1.52156
524.872	-1.427
465.928	-1.59058
468.103	-1.52777
410.046	-1.54614
337.848	-1.65733
189.468	-1.93223
111.873	-1.88222
94.7775	-1.94065
97.3442	-1.85297
94.8027	-1.80205
98.5131	-1.88594
88.4999	-1.99038
119.429	-1.64211
164.298	-1.11847
172.508	-0.772826
159.5	-0.675093
138.222	-0.72919
122.6	-0.801112
101.528	-0.915405
103.626	-0.75787
100.61	-0.719371
91.1075	-0.782479
50.1956	-1.17383
48.1104	-0.811726
56.3992	-0.397162
67.8222	0.235698
65.6718	0.72542
68.1385	0.648634
55.834	0.918356
64.7374	0.906375
72.4284	0.868708
73.1988	0.806015
70.187	0.712377
73.4891	0.824031
71.2751	0.702773
69.4871	0.741353
65.6281	0.601799
88.7707	0.32544
53.0853	0.572108
45.5003	0.288237
32.8993	0.11481
34.4023	0.368731
31.0748	0.120366
28.1601	-0.239285
25.3584	-0.219168
22.2785	-0.367801
20.7707	-0.532812
21.1365	-0.528123
20.8808	-0.523004
18.3582	-0.577821
17.8877	-0.57935
523.866	-1.42938
561.325	-2.11459
362.862	-2.29567
188.425	-2.37355
156.577	-2.14111
134.693	-2.20482
125.616	-2.10557
96.4223	-2.10671
72.053	-2.04494
45.6677	-1.97785
37.0971	-1.45793
508.053	-0.352414
350.508	-0.777199
391.062	-2.23968
302.265	-1.85447
282.519	-1.60842
484.91	-2.14046
587.006	-2.28256
626.646	-2.321
707.798	-2.0887
575.624	-2.39307
543.505	-2.27401
422.966	-2.24098
281.53	-2.3491
181.806	-2.16203
135.06	-2.06987
167.006	-1.89182
196.701	-1.72502
218.693	-1.70139
270.448	-1.87817
341.417	-2.11598
451.742	-1.97032
454.749	-2.07325
501.49	-1.90289
474.791	-1.90316
478.074	-1.84156
466.096	-1.78677
429.576	-1.80886
436.228	-1.70594
406.512	-1.68024
368.577	-1.73262
400.482	-1.66674
435.003	-1.60678
443.091	-1.57871
424.865	-1.58363
349.996	-1.57622
330.945	-1.63962
394.032	-1.58257
450.23	-1.65916
507.523	-1.77273
584.3	-1.7559
559.984	-1.91897
606.82	-1.9323
595.524	-2.01202
607.434	-2.00642
578.179	-2.04246
549.914	-1.97053
283.66	-2.40914
193.325	-1.84871
174.596	-1.9838
190.927	-1.76692
172.144	-1.91295
149.668	-1.88443
131.356	-1.92925
111.855	-1.89727
88.7008	-1.89245
65.5346	-1.87419
46.7828	-1.83642
90.4476	-1.00622
218.624	-0.682847
165.803	-1.24126
299.931	-1.92441
483.291	-1.72496
218.707	-0.752792
136.852	0.425381
219.816	0.0719746
376.9	-1.33067
512.389	-1.92934
572.954	-2.04319
637.947	-1.93095
547.803	-2.1677
503.366	-2.30568
438.527	-2.31455
259.453	-2.3443
153.511	-2.14488
181.401	-1.90307
171.995	-2.03334
195.629	-1.94404
207.957	-2.21242
410.977	-2.08668
519.636	-2.29566
539.374	-2.23124
568.794	-1.93573
430.974	-1.84306
215.59	-1.95856
96.702	-1.96165
50.3377	-2.0076
36.8743	-1.54586
31.9578	-1.20673
30.0785	-1.08352
156.589	-0.370186
340.899	-0.445047
111.776	-0.337055
179.369	-1.28238
552.723	-1.24778
487.105	-1.46139
454.079	-1.70351
252.632	-1.85947
81.392	-1.41139
37.7807	-1.65168
34.8553	-1.66283
34.1773	-1.62697
32.8915	-1.49883
29.3575	-1.52806
30.0126	-1.64577
36.5751	-1.42745
37.2103	-1.40422
70.9057	-0.632364
155.169	0.0421181
116.583	-0.226159
194.018	-0.0802263
115.8	0.497961
102.963	0.0598924
95.6296	-0.482141
153.55	-1.52035
447.547	-1.51219
446.365	-1.69913
424.07	-1.84865
171.556	-1.98756
172.558	-2.06359
136.95	-1.98509
190.833	-2.03595
103.251	-2.14942
87.775	-2.28418
80.1758	-2.1122
87.6763	-2.3076
71.9142	-2.0869
58.5483	-1.95523
35.984	-1.74578
25.2591	-1.36943
24.5457	-0.834529
23.1087	-0.595182
21.8168	-0.6012
18.9268	-0.6566
20.1113	-0.628931
22.6401	-0.610846
19.3952	-0.724671
20.95	-0.600996
23.2794	-0.547562
222.729	-0.941849
110.279	-1.02871
87.0746	-0.846968
54.6016	-0.827758
43.8911	-0.488895
37.3974	-0.822319
32.2963	-1.03768
25.5723	-0.830183
23.5074	-0.674631
26.7621	-0.723958
20.7671	-0.704443
20.4512	-0.375769
21.7421	-0.747388
19.1881	-0.334449
19.3893	-0.644018
21.0211	-0.696746
13.9948	-0.313471
19.2475	-0.441084
16.3801	-0.388329
18.1059	-0.459876
19.2966	-0.527191
19.0333	-0.443816
19.1297	-0.705202
19.3609	-0.726099
31.9812	-0.979
226.672	-1.45739
699.126	-1.26641
634.269	-1.86807
716.956	-2.00996
840.63	-1.95598
959.263	-1.90088
1076.57	-1.6772
1029.73	-1.65493
900.263	-1.67416
733.257	-1.66294
517.328	-1.77613
419.736	-1.71568
331.901	-1.69515
274.57	-1.568
220.333	-1.60659
200.314	-1.53467
195.649	-1.48739
182.915	-1.33949
199.086	-1.1294
200.043	-1.07253
212.453	-1.01614
266.297	-0.933479
381.712	-0.890053
563.71	-0.769797
738.15	-0.5407
839.541	-0.320453
907.599	-0.135369
910.875	-0.0706507
895.934	-0.109036
884.793	-0.242652
873.572	-0.403714
846.298	-0.622263
783.896	-0.936061
586.916	-1.32403
330.069	-1.61654
206.84	-1.56486
134.021	-1.68344
141.265	-1.58171
153.335	-1.91899
97.208	-1.89322
101.656	-1.82443
111.441	-1.68514
125.161	-1.72404
124.296	-2.02952
145.297	-1.96716
351.991	-1.67409
420.154	-2.071
571.313	-1.90932
609.73	-1.89072
605.579	-1.88085
657.791	-1.71454
673.484	-1.68609
710.943	-1.57071
722.654	-1.52703
657.638	-1.54118
575.949	-1.56371
456.087	-1.57273
338.026	-1.46801
245.866	-1.18515
143.111	-1.06582
125.756	0.0874837
122.144	0.527584
115.143	0.679118
118.512	1.01088
143.993	0.941957
139.932	0.511714
144.16	0.725679
140.322	0.332899
79.8128	-0.0516968
49.0449	-0.729484
71.1994	-1.66211
148.988	-2.03014
131.611	-1.90651
126.965	-2.05614
134.144	-2.00705
134.309	-1.85472
116.066	-1.9522
103.153	-1.96272
76.3625	-1.89539
44.1457	-1.79148
29.6445	-1.35398
23.5047	-1.07615
37.5059	-0.834562
172.334	-0.659956
64.5975	-0.996241
238.295	-2.1442
423.431	-1.7671
449.338	-1.7583
404.86	-1.75615
267.557	-1.8542
153.546	-1.69374
118.806	-0.906928
114.595	-0.195808
105.277	-0.00208065
100.935	0.0104221
107.57	-0.042307
87.2016	0.00315914
90.4978	-0.232907
68.173	-0.407747
56.8995	-1.05992
228.475	-1.77611
327.59	-2.25513
333.761	-2.08833
283.094	-2.15176
187.816	-1.90154
82.8734	-1.79818
36.0149	-1.48295
27.3705	-1.35808
25.3252	-1.12052
22.8518	-0.710393
19.4035	-0.985624
21.2413	-0.848369
35.0793	-0.824381
67.8119	-1.13311
27.9718	-0.924331
194.635	-1.09215
635.795	-1.11919
516.387	-1.50449
538.286	-1.36688
299.895	-1.59142
127.239	-1.98767
126.072	-2.11323
138.508	-1.96546
118.105	-2.07911
117.86	-2.04367
116.152	-2.00733
106.412	-2.00045
86.0279	-1.99468
104.345	-1.52106
99.081	-1.21653
72.9414	-0.852569
55.497	-0.612217
72.5651	-0.402606
57.196	-0.0743128
54.9644	0.0455069
43.2395	0.184971
34.3378	-0.117765
27.8199	-0.458565
33.0695	-0.993899
79.5716	-1.97139
112.522	-2.15496
141.337	-2.33087
171.859	-2.31892
207.97	-2.2688
266.097	-2.11913
255.437	-2.11974
204.641	-2.10638
136.836	-2.21078
90.531	-1.70813
84.744	-0.954736
108.569	-0.204831
136.716	0.679402
150.807	1.08012
161.472	1.13655
190.424	1.24331
209.607	1.18348
144.189	1.13613
147.986	0.995542
127.447	0.72087
71.4333	0.300974
47.4401	-0.645252
79.2534	-1.65594
133.65	-1.63622
153.054	-1.48262
165.577	-1.51383
188.121	-1.4398
177.368	-1.5791
140.48	-1.77059
116.436	-1.93473
137.863	-1.88774
153.894	-2.12945
200.921	-2.19577
273.618	-2.1003
367.204	-1.80889
424.808	-1.71108
431.201	-1.71549
457.702	-1.67896
435.981	-1.79783
398.079	-1.90953
386.309	-1.87076
377.205	-1.81038
390.234	-1.96652
305.744	-1.80818
229.199	-1.82432
105.116	-1.93876
143.738	-1.6969
96.7629	-1.70748
90.0619	-1.64311
79.8938	-1.77809
71.8791	-1.77804
78.6831	-1.71141
76.0967	-1.52574
53.7366	-1.5457
45.0032	-1.35154
41.4296	-1.40579
36.5638	-1.1722
11.568	-0.0493593
17.3814	-0.312616
18.3073	-0.588748
16.5926	-0.457587
34.3849	-1.40016
80.4728	-1.9136
150.712	-2.16574
168.487	-2.03012
213.081	-2.06131
247.202	-2.03901
282.17	-1.66184
170.88	-1.80821
178.854	-1.74843
216.448	-1.66929
379.746	-1.03486
346.159	-1.39278
523.753	-1.84084
639.344	-1.993
757.633	-2.00394
782.184	-2.06966
771.279	-1.78209
708.43	-1.39233
508.203	-1.91607
329.373	-2.13255
236.443	-1.85042
140.749	-1.61725
61.4413	-1.56346
52.1583	-1.22182
42.9999	-0.740078
54.9629	-0.315892
197.71	-0.38353
379.203	-0.578524
462.949	-0.90393
508.35	-1.05871
601.775	-1.42133
706.574	-1.63767
808.867	-1.5939
713.383	-1.6069
456.156	-1.64779
214.373	-1.69521
184.655	-0.390766
166.519	0.129232
179.336	0.470764
187.463	0.357934
188.648	0.367155
181.927	-0.318477
181.257	-1.33842
189.261	-1.60037
121.421	-1.81111
79.9885	-1.76219
49.4711	-1.70205
41.2369	-1.63511
34.2932	-1.54777
34.6738	-1.43543
148.857	-1.24974
313.071	-1.64683
498.469	-1.95842
579.946	-1.9683
709.875	-1.90041
735.546	-1.88781
540.053	-2.01276
270.169	-1.82078
299.721	-1.78254
330.225	-2.25813
181.417	-2.41702
49.9597	-2.1208
38.9528	-1.76873
32.6921	-1.5458
30.6065	-1.46317
30.601	-1.01228
25.8608	-0.942283
30.9004	-0.924953
26.9525	-1.19548
34.2813	-1.41706
58.4073	-1.73785
90.8381	-2.00701
166.739	-1.90567
219.711	-1.9941
269.346	-1.83748
152.754	-1.46154
47.0816	-1.4857
30.9959	-1.52728
29.7903	-1.10515
193.938	-0.453227
227.569	-0.301537
191.99	-0.157434
82.3502	-0.724096
56.4119	-1.21966
476.922	-1.77007
569.945	-1.85966
741.391	-1.56447
615.115	-1.7432
588.916	-1.64363
441.473	-1.76967
303.627	-1.88739
181.531	-2.02379
145.284	-1.93155
128.351	-1.78926
97.8878	-1.93913
79.9077	-1.83921
47.6371	-1.76328
92.1133	-0.644978
115.88	-0.166088
88.9957	-0.0065617
114.996	0.0357727
126.695	0.383112
130.961	0.170977
117.749	-0.723015
273.651	-1.51664
391.534	-1.53088
496.172	-1.49206
553.601	-1.55045
504.078	-1.89207
512.784	-1.99143
481.967	-2.12766
528.41	-1.96271
598.136	-1.84462
639.146	-1.86753
786.334	-1.68214
860.231	-1.55253
949.366	-1.29991
922.859	-1.13679
830.856	-0.861248
721.766	-0.582597
505.448	-0.527202
298.344	-0.829338
128.355	-1.95891
118.202	-2.03407
109.505	-1.91596
98.9176	-1.93445
68.5396	-1.90552
39.7776	-1.60215
29.1314	-1.43516
27.5192	-1.22292
26.9984	-0.976365
190.664	-0.176293
274.787	-0.32669
261.737	-1.36679
823.464	-1.53044
750.556	-1.65088
779.538	-1.65964
723.576	-1.83024
635.036	-2.06372
503.654	-2.04751
243.382	-1.47853
372.5	-1.69228
486.335	-1.96744
374.186	-2.12541
201.158	-2.17567
99.6507	-2.17375
91.6154	-2.08875
96.4258	-1.98135
130.447	-1.93892
206.061	-1.81751
325.563	-1.80535
404.799	-1.94089
465.858	-1.9603
572.625	-1.81531
614.164	-1.69146
586.38	-1.77339
519.233	-1.80705
306.533	-2.11621
163.475	-2.00146
138.086	-1.82832
130.561	-1.95155
133.65	-1.83303
135.653	-1.73102
215.793	-1.08828
233.271	-0.919717
264.098	-0.619127
310.745	-0.438465
347.97	-0.314493
450.697	-0.202848
546.772	-0.23033
666.542	-0.406136
733.408	-0.765862
809.893	-0.997069
797.529	-1.33714
845.474	-1.51934
922.991	-1.5591
812.755	-1.8214
555.83	-2.06193
533.319	-1.8049
539.182	-1.76197
758.294	-1.22977
609.158	-1.72496
818.916	-1.48072
1056.02	-1.40207
1032.22	-1.36591
826.181	-1.48643
647.986	-1.50636
467.533	-1.62264
330.945	-1.67092
235.935	-1.75953
188.86	-1.82816
172.354	-1.81376
148.822	-1.97433
148.574	-2.02817
129.091	-1.76717
116.993	-1.85875
114.182	-1.729
111.156	-1.69893
97.4778	-1.79162
103.536	-1.56117
126.822	-1.15984
175.952	-0.611867
209.993	-0.447718
285.461	-0.299178
379.476	-0.240794
510.395	-0.345104
592.888	-0.52788
615.987	-0.706235
533.381	-0.979555
386.204	-1.34775
243.637	-1.63683
147.084	-1.56158
105.98	-0.994089
102.426	-0.265642
185.449	0.479523
173.367	0.617121
170.385	0.538985
158.834	0.677883
160.831	0.517123
131.322	0.429406
130.433	0.331507
127.11	-0.188992
101.5	-0.398684
67.3786	-0.657899
50.9378	-1.14849
77.0065	-1.7528
141.198	-1.66893
104.832	-1.50915
94.1116	-1.51398
77.4933	-1.58366
83.3775	-1.65004
72.2746	-1.54402
99.3438	-1.38362
185.866	-0.979753
252.975	-0.910208
314.282	-0.736758
385.844	-0.429233
465.281	-0.332025
544.238	-0.359996
606.177	-0.438054
678.981	-0.650145
606.241	-0.972929
666.741	-1.0779
583.507	-1.24467
503.475	-1.35379
452.595	-1.19775
339.277	-1.33549
92.4221	-1.38426
38.1619	-1.18415
30.5073	-0.968825
27.9394	-0.891382
42.3854	-0.44918
196.385	0.170345
116.692	-0.588155
63.0324	-0.42228
58.4508	-0.297909
54.2099	-0.451548
163.251	-0.894801
270.945	-0.609877
259.444	-0.661689
184.909	-0.617204
97.1307	-0.719008
161.541	-0.873402
50.8426	-0.303958
43.3853	-0.507136
37.7863	-0.371443
44.1325	-0.576773
48.9569	-0.59746
52.8634	-1.0991
58.0666	-1.09259
65.452	-0.768783
65.3007	-1.03182
72.3433	-1.52351
76.9186	-1.81513
77.7663	-1.81545
72.3633	-1.96609
64.3747	-1.74469
56.1417	-1.85527
50.1791	-1.66858
40.9206	-1.54574
37.6718	-1.26297
33.1026	-1.27982
34.1064	-1.20638
31.7471	-1.14516
24.2276	-1.04717
20.2887	-0.827508
21.0194	-0.546932
21.139	-0.641276
17.6628	-0.720108
22.047	-0.648167
17.3252	-0.569706
